/*--------------------------------*- C++ -*----------------------------------*\
  =========                 |
  \\      /  F ield         | OpenFOAM: The Open Source CFD Toolbox
   \\    /   O peration     | Website:  https://openfoam.org
    \\  /    A nd           | Version:  11
     \\/     M anipulation  |
\*---------------------------------------------------------------------------*/
FoamFile
{
    format      ascii;
    class       surfaceScalarField;
    location    "0.0000399989";
    object      phi;
}
// * * * * * * * * * * * * * * * * * * * * * * * * * * * * * * * * * * * * * //

dimensions      [1 0 -1 0 0 0 0];

internalField   nonuniform List<scalar> 
2478
(
0.000636561536317264
-0.000118708374317525
-2.07043404773163e-12
7.06936516704088e-13
-0.000790236020465452
0.000496361498776206
-0.000111125294499742
-4.53303003857333e-13
-7.76554330821771e-13
-0.00010096924499495
-1.96638292129271e-12
1.04728067038852e-12
0.000370765818107868
0.000380839269808409
-2.82875935312415e-05
-1.3409797903173e-12
9.76248595851992e-13
-0.00047095920336821
0.000297612189485727
-2.71358918311104e-05
-1.63912123891247e-14
-8.08929122688221e-13
-2.50407967638499e-05
-1.50145949276079e-12
1.57513073222558e-12
0.000222594802460849
0.000125593222886015
-1.58309086326081e-12
1.04599938736613e-12
-0.000153744226453054
9.87385942068075e-05
2.95160488932023e-15
-1.01472595517155e-12
-1.85656045116438e-12
2.26571967567799e-12
7.40188339714902e-05
0.000636561537616885
-0.00011870836855317
2.0570238221107e-12
-0.000790236023705084
0.000496361499362322
-0.000111125292930311
4.96229603632117e-13
-0.000100969239378244
1.87965964949972e-12
0.000370765818160019
0.000380839271610143
-2.82875899376948e-05
1.32208870587402e-12
-0.000470959206123474
0.000297612190656274
-2.71358906294941e-05
6.31552102281496e-14
-2.50407935924129e-05
1.41594762716017e-12
0.000222594803413948
0.000125593222738606
1.55680140003292e-12
-0.000153744226399863
9.87385941863299e-05
5.38785324948748e-14
1.75032790995441e-12
7.40188339140887e-05
0.000636561536309983
-0.000118708374291117
7.00049772924677e-13
-0.000790236020476188
0.000496361498777076
-0.000111125294588165
-7.75049051630547e-13
-0.000100969244769667
1.0817353143875e-12
0.000370765818094112
0.000380839269802313
-2.82875935099953e-05
9.724646218498e-13
-0.000470959203375013
0.000297612189489382
-2.713589188231e-05
-8.0537741189643e-13
-2.50407966391594e-05
1.60609850072269e-12
0.000222594802452072
0.000125593222884111
1.04345498170774e-12
-0.0001537442264537
9.87385942082964e-05
-1.01213769353528e-12
2.28780368130913e-12
7.40188339702325e-05
0.000636561536600021
-0.000118708375677368
-1.12390451762964e-12
-0.000790236020433675
0.000496361498724644
-0.000111125293010407
-1.46762162427268e-12
-0.000100969246456557
1.00224993235254e-12
0.000370765817593712
0.000380839270070638
-2.82875943460843e-05
-2.86914155628315e-13
-0.000470959203320965
0.00029761218944438
-2.71358910098221e-05
-5.9807405338938e-13
-2.50407980646374e-05
1.26492878129401e-12
0.000222594802870966
0.000125593222954809
-3.78812324390576e-13
-0.000153744226439664
9.87385941896217e-05
-1.09725577690685e-12
1.53047800127704e-12
7.40188338222448e-05
0.000636561538836907
-0.000118708372136802
1.14380103695758e-12
-0.000790236023596645
0.000496361501232077
-0.000111125289728754
1.42417227642043e-12
-0.000100969251587993
-9.51498103397841e-13
0.000370765820344873
0.000380839272355059
-2.82875920971032e-05
3.09370313655161e-13
-0.00047095920601981
0.000297612191807476
-2.71358886299556e-05
5.48578245546452e-13
-2.5040800009766e-05
-1.21196152072511e-12
0.00022259480406182
0.000125593222917561
4.07691892398421e-13
-0.000153744226374377
9.87385943206961e-05
1.03802678800592e-12
-1.44700275524733e-12
7.40188342348854e-05
0.000636561536608351
-0.00011870837572279
-0.000790236020427556
0.000496361498704343
-0.000111125292914891
-0.000100969246546089
0.000370765817527108
0.000380839270075804
-2.82875943738969e-05
-0.000470959203319503
0.000297612189430884
-2.7135890953681e-05
-2.50407981270749e-05
0.000222594802840766
0.000125593222957656
-0.000153744226438587
9.8738594185718e-05
7.40188338172902e-05
0.000377623009233455
3.68555946166402e-06
2.44644067374025e-13
-2.01597787942431e-12
0.000383514372813141
1.72246064526283e-06
3.65966537131147e-12
6.66489387009077e-12
6.28822366982747e-07
-1.55643910574547e-11
-1.02730881256213e-11
0.000389889892658893
0.000226846161025145
9.92414419549574e-07
4.14925391137647e-13
-1.20890903082364e-12
0.00023032103599957
4.72859170991789e-07
1.9509305466698e-12
5.83759500157391e-12
1.84932934934082e-07
-1.12590310067783e-11
-2.75010369294934e-12
0.000234046363964199
7.55442751860706e-05
3.93196759873593e-15
-1.08014400375389e-13
7.67653723924993e-05
-4.41738551119897e-13
8.02248130665588e-12
-5.59661781436745e-12
-1.0835059791655e-12
7.80477249595423e-05
0.000377623010819281
3.68555974483882e-06
4.20266306564582e-14
0.00038351437326737
1.7224418441483e-06
-4.01541690522866e-12
6.28882617914649e-07
1.61174406069706e-11
0.00038988989077387
0.00022684616118831
9.92415168504047e-07
-1.24857020339028e-13
0.000230321035256745
4.72853514872933e-07
-2.27324143666982e-12
1.84946155567465e-07
1.16768723054488e-11
0.000234046357376874
7.55442755873127e-05
3.46639194128209e-13
7.67653741624503e-05
7.41494268329673e-14
5.73925341930057e-12
7.80477216604826e-05
0.000377623009245
3.68555883740768e-06
-2.05134856583883e-12
0.000383514372871408
1.72246176984508e-06
7.0089117073114e-12
6.2882050573342e-07
-1.08143488738652e-11
0.00038988989263758
0.000226846161058454
9.92414068898343e-07
-1.22074927748871e-12
0.000230321036063157
4.72859639366477e-07
6.09979205817499e-12
1.84932333670821e-07
-3.34686222963274e-12
0.000234046363508426
7.55442751918604e-05
-1.11230821645339e-13
7.67653723832341e-05
8.10133118358744e-12
-1.32716439834452e-12
7.80477247083724e-05
0.00037762300853447
3.68556317980034e-06
9.3884920454243e-13
0.000383514375840532
1.72243702934425e-06
2.48552033447168e-12
6.2885760958401e-07
1.1244690318853e-11
0.000389889913108404
0.000226846160823336
9.92415774196979e-07
4.88344526492282e-13
0.000230321038412224
4.72847199926537e-07
3.00339397449334e-12
1.84938049185688e-07
6.80893110448742e-12
0.000234046363661374
7.55442751003859e-05
1.18899985343535e-12
7.67653736983839e-05
2.51870562167217e-12
2.83742216462997e-12
7.80477214719047e-05
0.000377623009606627
3.68555457486635e-06
-1.1866574888518e-12
0.000383514373902989
1.72243375419706e-06
-2.47568512998925e-12
6.28829801524824e-07
-1.12578764127798e-11
0.000389889893961198
0.000226846160182909
9.92411747513831e-07
-7.62696573649094e-13
0.000230321035438074
4.72846460973367e-07
-2.94567080688472e-12
1.84935164821662e-07
-6.63147461206146e-12
0.000234046368992363
7.55442753042727e-05
-1.53393500700906e-12
7.67653726003039e-05
-2.23310733511554e-12
-2.73464576179029e-12
7.80477269392905e-05
0.000377623008413977
3.6855637585293e-06
0.000383514376106155
1.72243699445278e-06
6.28855857053544e-07
0.000389889915226385
0.000226846160778663
9.92416115277685e-07
0.000230321038578565
4.72846967748382e-07
1.84937668687023e-07
0.000234046364071482
7.55442750974355e-05
7.67653736569114e-05
7.80477214312838e-05
3.43126253145348e-05
6.04759054791647e-11
1.15123327266552e-10
0.00044217853258441
8.5779961358149e-06
5.360971101721e-11
1.04347760629658e-10
0.000265375015522992
5.80931082318908e-13
1.16710142472696e-10
8.84915181032314e-05
3.43120885943936e-05
-6.13090192762983e-11
0.000442178574925806
8.57786979936861e-06
-5.46193388911362e-11
0.000265374933487977
-6.08963888430042e-12
8.84915061219343e-05
3.43126255799156e-05
1.13204454003143e-10
0.000442178533017465
8.57799882613498e-06
1.02358428265455e-10
0.000265375013856548
1.13682387559589e-10
8.84915177769626e-05
3.43118026310591e-05
-1.11185461228527e-10
0.000442178584042354
8.57771803422898e-06
-9.1147228545134e-11
0.000265374903902301
-3.97098920586203e-11
8.84915007028543e-05
3.43126350202232e-05
1.13942990513736e-10
0.000442178523746191
8.57796553959306e-06
9.41529973560659e-11
0.000265375031554457
4.82510329434527e-11
8.84915216416188e-05
3.43117812024735e-05
0.000442178585395362
8.57770591135504e-06
0.000265374901309205
8.84915001395503e-05
2.95643729001151e-05
-2.08164454965944e-10
-4.2378494810591e-11
0.000498840798659625
7.3819789155357e-06
-1.56455442514285e-10
-8.07693397841119e-12
0.000299348091580042
-9.38154354548915e-11
9.27528483163874e-11
9.98036797532999e-05
2.95653168277596e-05
2.04144200675882e-10
0.000498841082519547
7.38221275842438e-06
1.53956840602976e-10
0.000299348386423233
8.5594615650917e-11
9.98037052130063e-05
2.95643699933542e-05
-4.48927490776137e-11
0.000498840800896489
7.38198066732056e-06
-1.33562471521e-11
0.000299348088615267
8.60166026405394e-11
9.98036795002389e-05
2.95646934394003e-05
1.45454920894364e-11
0.000498841136665178
7.38193765649069e-06
-3.52559246987599e-12
0.00029934831787525
-1.05212561211064e-11
9.98036922030547e-05
2.95646119529319e-05
-8.02282442953842e-12
0.000498840760926154
7.38201632676736e-06
1.12908824542561e-11
0.000299348128519099
2.54639158608731e-11
9.98036869029092e-05
2.95646531738929e-05
0.000498841141328519
7.38191561006898e-06
0.000299348310519312
9.9803690706649e-05
2.16736301044173e-05
3.35812540372838e-10
4.58076368720431e-10
0.00057014770363351
5.4115474757353e-06
3.39987600464324e-10
5.0364606647528e-10
0.000342114655000299
3.39115362743905e-10
5.49170233918837e-10
0.000114047608820122
2.16704119527771e-05
-3.39042594726165e-10
0.000570147628306819
5.41018195114633e-06
-3.43833663038647e-10
0.000342114358125411
-3.48682601021555e-10
0.000114047630128547
2.16736293171162e-05
4.51890887123024e-10
0.0005701477050187
5.41155035529392e-06
4.95150723428626e-10
0.000342114654624815
5.41295264145335e-10
0.000114047608994275
2.16698911217021e-05
-4.17168924296378e-10
0.000570147635857459
5.40989535583711e-06
-4.57211601749292e-10
0.000342114333138268
-4.40653745751533e-10
0.000114047635009363
2.16737040634037e-05
4.26547764557222e-10
0.000570147688985424
5.41153728953321e-06
4.69526296477656e-10
0.000342114669954388
4.58068576667837e-10
0.000114047606670657
2.16698515733644e-05
0.00057014763578734
5.40987157172365e-06
0.00034211433073314
0.000114047635498242
3.02298565401315e-06
1.84762405185503e-09
2.04091837744183e-09
0.000665535744523042
7.45830181164665e-07
1.67274967878897e-09
1.89410839866299e-09
0.000399323766239722
-3.98973125966939e-10
-2.1848616682139e-10
0.000133107012236469
3.01659842169902e-06
-1.8490635162881e-09
0.000665535686932669
7.45354612952088e-07
-1.6789773595407e-09
0.000399324469116011
3.90023506004721e-10
0.000133107127546016
3.02298897763903e-06
2.02623772556539e-09
0.000665535747361771
7.45836077571183e-07
1.88358508342512e-09
0.000399323767123752
-2.22197072752891e-10
0.000133107012117476
3.01615697365337e-06
-1.95219105361384e-09
0.000665535686414149
7.45127651037873e-07
-1.74939263905072e-09
0.000399324476839896
3.73458927519811e-10
0.000133107130327376
3.0228156744892e-06
1.96834940545138e-09
0.000665535676359557
7.45709746214024e-07
1.76620445379487e-09
0.000399323742968369
-3.60757755537167e-10
0.000133107016849348
3.01611623631961e-06
0.000665535685548752
7.45108268351336e-07
0.000399324477457933
0.000133107131037036
0.000100962487094842
4.08424246462966e-10
6.72091284644079e-10
0.000956271143342074
2.52646781132102e-05
-9.58510811954055e-11
1.9933607406852e-10
0.000573840283826205
-7.18326387196162e-10
-3.58907385311202e-10
0.000191292110969532
0.000100961369141632
-4.18261090855392e-10
0.000956270336287194
2.52658632075829e-05
8.39331288932793e-11
0.000573839435314103
7.0332056845146e-10
0.000191292253353991
0.000100962504544682
6.63671584431435e-10
0.000956271143980788
2.52646895892172e-05
1.93424463837237e-10
0.000573840283522633
-3.62745364074126e-10
0.000191292111756327
0.000100960707727492
-4.03739228355994e-10
0.000956270331774443
2.52654805392861e-05
7.61716246176249e-11
0.000573839429476202
6.86065191636553e-10
0.000191292260967714
0.000100961959809598
4.22009871492435e-10
0.000956271103594916
2.52643960144493e-05
-5.83252627510238e-11
0.000573840271770236
-6.67192560422671e-10
0.000191292101575556
0.00010096066005648
0.00095627032872017
2.52654564747769e-05
0.000573839428160785
0.000191292262576172
0.0016140446886902
2.09121272154358e-09
2.31014114348421e-09
0.00302653502232834
0.000403484084369741
3.10936547234623e-10
5.63760939515691e-10
0.00181539655677468
2.77919537210181e-10
5.71702199903684e-10
0.000605152342840339
0.00161404072803793
-2.10215198471076e-09
0.0030265425348195
0.000403483165295603
-3.22461672056136e-10
0.00181539701219207
-2.91160010923268e-10
0.000605152458618997
0.0016140447132548
2.30628867815396e-09
0.00302653502786856
0.000403484098015501
5.6104957236059e-10
0.00181539655838124
5.70024386633422e-10
0.00060515234483874
0.00161404019179763
-1.94052384295922e-09
0.00302654258444872
0.000403482842520054
-2.29156531315715e-10
0.00181539704093832
-2.64244696544964e-10
0.00060515244801963
0.0016140439409331
1.95529736098012e-09
0.00302653498962058
0.000403483735696411
2.43376746165112e-10
0.00181539656211617
2.7913816321324e-10
0.000605152305119911
0.00161404015026474
0.00302654257960112
0.000403482822613165
0.00181539703810982
0.000605152447976684
0.00105437486371168
4.73618474365438e-09
4.95163710804557e-09
0.00424045909496227
0.000263313710198919
2.37247334137266e-09
2.64608931836198e-09
0.0025439716311271
1.57309850822712e-09
1.91010818511965e-09
0.000847347347532321
0.00105436148484236
-4.74613775993012e-09
0.00424047322803382
0.0002633085679833
-2.38322019638446e-09
0.00254397640463981
-1.58909165058445e-09
0.000847349391860661
0.0010543748904736
4.94747019437816e-09
0.00424045910889856
0.00026331372566896
2.64260356327463e-09
0.00254397163813771
1.90873937272115e-09
0.000847347346900352
0.00105436092550847
-4.58834287122949e-09
0.0042404729692944
0.000263308160540215
-2.32470172409002e-09
0.00254397629808159
-1.5417003123349e-09
0.000847349286326296
0.00105437400434396
4.60244854478143e-09
0.00424045894306473
0.000263313312161994
2.33892262079417e-09
0.00254397152939509
1.55901685549957e-09
0.000847347373658281
0.00105436088568192
0.00424047294860146
0.000263308137656302
0.00254397628881269
0.000847349281467785
-0.00233465242427507
4.40625994457431e-08
4.33765764221985e-08
0.00116635203013584
-0.00058562192766131
1.0262710516476e-08
1.05249194983252e-08
0.000697257183904859
1.45530058197427e-09
1.76422024168385e-09
0.000230292370649701
-0.00233468847177238
-4.4071208988943e-08
0.00116636144576533
-0.00058563047696558
-1.0265923217523e-08
0.000697263750088928
-1.46475400244258e-09
0.000230292742857214
-0.00233465242004199
4.34282978167269e-08
0.00116635202430456
-0.000585621917754176
1.05245212683736e-08
0.000697257181387189
1.76252588251265e-09
0.000230292367712331
-0.00233468986366223
-4.32691266265012e-08
0.00116636088240926
-0.000585630996060045
-1.05828464521404e-08
0.000697263404080716
-1.59058114314152e-09
0.000230292658714218
-0.00233465199228952
4.32259961698298e-08
0.00116635223708689
-0.000585622014068166
1.05864435568509e-08
0.000697257262866685
1.60169204960724e-09
0.00023029244692461
-0.00233468989300112
0.00116636085747156
-0.000585631011426346
0.000697263389539233
0.000230292655229176
2.96938794804264e-05
-2.55128855325068e-12
-7.5188504511034e-13
7.98005119888925e-06
-4.40057495651458e-13
-8.20078651254247e-13
-7.94220971541554e-13
-9.142547287809e-13
2.96938857127805e-05
2.57569220942985e-12
7.98005435606461e-06
4.69399204835325e-13
8.2382944866996e-13
2.96938794342337e-05
-7.45059287703131e-13
7.98005117395943e-06
-8.16981410908107e-13
-9.10441210269508e-13
2.96938809011587e-05
-3.4046438628435e-12
7.98005202142893e-06
-1.32627215416667e-12
-1.77173239187395e-12
2.96938889718864e-05
3.37350557644972e-12
7.98005619604406e-06
1.29376273149545e-12
1.73800925908074e-12
2.96938809673608e-05
7.98005205734437e-06
6.98401651025846e-06
-0.000284917149889517
9.73660482209322e-11
1.06169971685749e-10
4.17099987518586e-06
-0.000117567224432016
3.11398413565395e-11
3.37103597532022e-11
3.60381812190835e-07
-1.63758350299312e-05
2.35167300129818e-13
2.30253966934657e-13
4.43631350112526e-09
-5.0072243208037e-07
-2.22468094293604e-13
-2.35315022675819e-13
7.36697064029207e-12
-2.2361464051962e-09
-2.49144238226306e-15
-2.57872065714815e-15
-7.77516072358875e-14
2.14996640282572e-13
-2.206351421008e-17
-2.95987193088543e-17
-1.30559191929835e-13
4.9488755107796e-13
1.68051336735253e-18
0
-2.72868750164634e-14
1.26364413724489e-13
3.03576608295941e-18
1.62630325872826e-19
-4.61544864827079e-16
4.17699728971765e-15
2.33103467084383e-18
2.16840434497101e-19
-2.16840434497101e-19
1.17093834628434e-17
3.08997619158369e-18
1.0842021724855e-18
1.30104260698261e-18
8.23993651088983e-18
2.76471553983804e-18
1.24683249835833e-18
5.74627151417317e-18
2.81892564846231e-18
2.27682456221956e-18
8.13151629364128e-19
8.02309607639273e-18
-2.16840434497101e-19
2.38524477946811e-18
-1.62630325872826e-19
-7.58941520739853e-19
5.42101086242752e-18
4.33680868994202e-18
5.42101086242752e-20
-1.62630325872826e-17
7.58941520739853e-19
4.87890977618477e-19
4.04217837373283e-05
-0.000703368429197366
-1.58778061770497e-11
-5.53358845290647e-13
3.53881069504529e-05
-0.00039767644221355
6.93991098854423e-11
8.00111734679254e-11
2.88539647126326e-06
-6.3163752644723e-05
2.8311297750605e-11
2.97752305125111e-11
2.33853212299297e-08
-1.79154843986569e-06
1.24465878142271e-12
1.25248449849361e-12
1.63602026891085e-11
-5.71223248715079e-09
4.9794695276828e-15
4.7329219536596e-15
-2.1037652956496e-13
1.78240451911837e-13
3.46944695195361e-18
4.33680868994202e-19
-2.35561787090277e-13
7.64637268432788e-13
4.49943901581484e-18
-5.42101086242752e-20
-3.29778522198398e-14
1.7752162587148e-13
4.01154803819637e-18
1.0842021724855e-19
-3.49763620843824e-16
5.89610825441067e-15
4.33680868994202e-18
-4.87890977618477e-19
-1.19262238973405e-18
2.73218947466347e-17
1.24683249835833e-18
5.96311194867027e-19
1.0842021724855e-19
-6.50521303491303e-19
9.21571846612679e-19
8.13151629364128e-19
4.01154803819637e-18
1.21430643318376e-17
2.11419423634673e-18
1.51788304147971e-18
8.13151629364128e-18
1.10588621593521e-17
1.35525271560688e-18
2.11419423634673e-18
-2.71050543121376e-18
-2.16840434497101e-18
8.67361737988404e-19
0
-1.25767452008319e-17
8.67361737988404e-19
4.87890977618477e-19
0.000157709367916638
-0.000891644804581799
-1.00729005464342e-09
-1.0330767453515e-09
0.000123989324234865
-0.000672143576897778
-2.79587756646469e-10
-2.72594313441288e-10
1.00548402289221e-05
-0.000112067158971198
7.6661601979694e-11
8.21153050070689e-11
6.86857832478838e-08
-3.10012113256819e-06
7.50545068803343e-12
7.74574051816759e-12
3.24529799734796e-11
-8.69318810925272e-09
4.61783389305026e-14
4.70116025101663e-14
-3.49975148687676e-13
-3.33140633135276e-14
-9.85268724246202e-16
-9.63476260579244e-16
-3.42922088295006e-13
8.04512706453764e-13
4.66206934168767e-18
0
-4.73857064697825e-14
1.89887385329546e-13
3.90312782094782e-18
-3.79470760369927e-19
-4.56123853964652e-16
7.52262835357342e-15
3.14418630020796e-18
-1.62630325872826e-19
2.16840434497101e-19
3.42607886505419e-17
5.4752209710518e-18
8.67361737988404e-19
2.27682456221956e-18
1.51788304147971e-18
4.93311988480905e-18
1.0842021724855e-19
2.60208521396521e-18
7.15573433840433e-18
5.4752209710518e-18
9.21571846612679e-19
3.90312782094782e-18
4.55364912443912e-18
4.98732999343332e-18
1.30104260698261e-18
-2.05998412772246e-18
-5.42101086242752e-18
3.79470760369927e-18
-1.40946282423116e-18
-3.68628738645072e-18
2.49366499671666e-18
1.0842021724855e-19
0.00056847395210017
-1.93386869452167e-09
-2.04842787523973e-09
-0.00108059260998817
0.000250345792381659
-1.67587563975908e-09
-1.73264858580394e-09
-0.000569319309789749
1.95488966297421e-05
-2.38125060251712e-09
-2.28045445716104e-09
-8.13596027561435e-05
1.2783661067949e-07
9.13567404234664e-12
9.7026580021288e-12
-2.14922530586382e-06
5.17401957866523e-11
5.63524921171066e-14
5.88531502178358e-14
-7.35026117542562e-09
-4.25812922248692e-13
2.43403387722996e-17
2.15214131238373e-17
-9.54764370862671e-13
-3.91482202558024e-13
9.05308814025396e-18
1.68051336735253e-18
5.57747858315194e-13
-6.11257463915826e-14
9.48676900924816e-18
-1.30104260698261e-18
1.39509606124355e-13
-6.56538625548597e-16
4.49943901581484e-18
-5.42101086242752e-20
6.89910368417701e-15
8.13151629364128e-19
7.31836466427715e-18
2.60208521396521e-18
3.88144377749811e-17
2.43945488809238e-18
6.50521303491303e-18
1.40946282423116e-18
5.42101086242752e-19
1.19262238973405e-18
5.63785129692462e-18
0
-1.40946282423116e-18
9.21571846612679e-19
6.17995238316738e-18
-2.71050543121376e-19
-2.05998412772246e-18
-1.02999206386123e-18
4.49943901581484e-18
-3.25260651745651e-19
-3.46944695195361e-18
4.33680868994202e-18
5.96311194867027e-19
4.11996825544492e-18
6.98417536261183e-06
-0.000284921375195989
-9.72683435532251e-11
4.17104433124719e-06
-0.000117568949875408
-3.11343256948274e-11
3.60379134603625e-07
-1.63760429778518e-05
-2.42383532949447e-13
4.43617172466923e-09
-5.00724281052734e-07
2.22070463146845e-13
7.36665231853423e-12
-2.23610293649534e-09
2.48949081835259e-15
-7.77421746769869e-14
2.14996640282572e-13
2.52619106189123e-17
-1.30541302593989e-13
4.94864132311035e-13
-1.73472347597681e-18
-2.7281020324732e-14
1.26396072427926e-13
-2.76471553983804e-18
-4.63279588303056e-16
4.18675510927002e-15
-2.05998412772246e-18
1.0842021724855e-19
-6.50521303491303e-19
1.62630325872826e-19
1.73472347597681e-18
-8.45677694538693e-18
-9.75781955236954e-19
1.19262238973405e-18
-8.02309607639273e-18
-1.30104260698261e-18
-1.40946282423116e-18
-9.32413868337534e-18
-1.89735380184963e-18
-2.27682456221956e-18
-1.43114686768087e-17
-3.68628738645072e-18
-1.99493199737333e-17
-5.42101086242752e-19
4.04214865939657e-05
-0.000703357473045945
1.62506652015212e-11
3.53884309032814e-05
-0.000397677514657255
-6.91974878547393e-11
2.88544641756643e-06
-6.31652897284687e-05
-2.83058626451144e-11
2.338570432984e-08
-1.79163471590213e-06
-1.24589862081706e-12
1.63602431298496e-11
-5.71268714364553e-09
-4.99231732342675e-15
-2.10377613767132e-13
1.78144174758921e-13
-4.06575814682064e-18
-2.3557035228744e-13
7.64609946538042e-13
-4.49943901581484e-18
-3.29762259165811e-14
1.77522926914087e-13
-3.68628738645072e-18
-3.50956243233558e-16
5.88049574312688e-15
-4.77048955893622e-18
5.42101086242752e-19
1.73472347597681e-18
4.87890977618477e-19
9.75781955236954e-19
-3.31765864780564e-17
-1.35525271560688e-18
1.19262238973405e-18
-3.18755438710738e-17
-5.42101086242752e-20
5.42101086242752e-19
-3.49113099540332e-17
1.40946282423116e-18
-4.98732999343332e-18
-3.36102673470506e-17
-2.16840434497101e-18
-2.53703308361608e-17
4.33680868994202e-19
0.000157707109032932
-0.000891613920313945
1.00688224424772e-09
0.000123989141656665
-0.000672132384296551
2.79946654779036e-10
1.00551237977371e-05
-0.000112067953176867
-7.652038079781e-11
6.86897550157854e-08
-3.10027168352271e-06
-7.50288031573301e-12
3.24557217039334e-11
-8.69442435516739e-09
-4.61875546489687e-14
-3.49973739224851e-13
-3.37481778633908e-14
9.81745067185624e-16
-3.4292230513544e-13
8.04476710941637e-13
-4.87890977618477e-18
-4.7384188586741e-14
1.89864617083924e-13
-4.17417836406919e-18
-4.56015433747403e-16
7.50094431012371e-15
-3.03576608295941e-18
1.30104260698261e-18
3.25260651745651e-18
-4.77048955893622e-18
1.95156391047391e-18
-3.12250225675825e-17
-4.11996825544492e-18
-2.16840434497101e-19
-3.36102673470506e-17
-4.22838847269347e-18
1.19262238973405e-18
-2.5804011705155e-17
-4.11996825544492e-18
-3.90312782094782e-18
-3.05745012640912e-17
-4.28259858131774e-18
-1.51788304147971e-17
-1.46367293285543e-18
0.00056846323884244
1.93180317087979e-09
-0.00108056428749927
0.000250339773002377
1.67523671855147e-09
-0.000569294953881841
1.95491083590991e-05
2.38531583525957e-09
-8.13555496951781e-05
1.27846283591105e-07
-9.10625058431896e-12
-2.14930881756018e-06
5.17478683059562e-11
-5.62592507302728e-14
-7.35135827830292e-09
-4.25810428583695e-13
-2.50450701844152e-17
-9.55256381808545e-13
-3.91477757329117e-13
-9.59518922649671e-18
5.57739184697814e-13
-6.1126125862343e-14
-1.04625509644851e-17
1.39500932506975e-13
-6.55725473919233e-16
-4.44522890719057e-18
6.88219013028624e-15
5.96311194867027e-19
-5.80048162279745e-18
1.85398571495021e-17
1.0842021724855e-18
-4.60785923306339e-18
-2.27682456221956e-17
2.43945488809238e-18
-5.14996031930615e-18
-2.15756232324615e-17
1.0842021724855e-19
-5.20417042793042e-18
-2.22261445359528e-17
-5.42101086242752e-19
-4.60785923306339e-18
-2.02745806254789e-17
-3.68628738645072e-18
-1.60461921527855e-17
6.9840167970668e-06
-0.000284917157092437
1.05897556565773e-10
4.17099986905437e-06
-0.000117567226021406
3.36706632627498e-11
3.6038179969237e-07
-1.63758348505924e-05
2.44372881305632e-13
4.43631331854561e-09
-5.00722412148831e-07
-2.34351871675892e-13
7.36697107397294e-12
-2.23614625882891e-09
-2.57405858780646e-15
-7.7749655671977e-14
2.15001410772131e-13
-3.47486796281604e-17
-1.30557131945708e-13
4.94886466875788e-13
1.0842021724855e-19
-2.7283622409946e-14
1.26360293756234e-13
-1.0842021724855e-19
-4.59484880699357e-16
4.18003305580061e-15
-5.42101086242752e-20
1.30104260698261e-18
8.23993651088983e-18
7.04731412115578e-19
4.33680868994202e-19
-4.55364912443912e-18
2.71050543121376e-19
1.19262238973405e-18
1.51788304147971e-18
4.33680868994202e-19
9.10729824887824e-18
1.47451495458029e-17
7.04731412115578e-19
-4.33680868994202e-19
-8.45677694538693e-18
-4.33680868994202e-19
-2.10335221462188e-17
-2.16840434497101e-19
4.04217844536271e-05
-0.000703368428487979
-1.24298753798394e-12
3.53881074876153e-05
-0.000397676450140107
7.95779264966406e-11
2.88539644003119e-06
-6.3163753595013e-05
2.97456083744353e-11
2.33853202247659e-08
-1.79154842450732e-06
1.25431056600261e-12
1.63602031227894e-11
-5.71223216535958e-09
4.75737071264914e-15
-2.10376637985177e-13
1.78241319273575e-13
1.24683249835833e-18
-2.35562112350929e-13
7.64636184230616e-13
-1.0842021724855e-19
-3.29743827728879e-14
1.77516638541486e-13
-4.87890977618477e-19
-3.4857099845409e-16
5.89675877571416e-15
8.13151629364128e-19
-2.16840434497101e-19
2.12503625807159e-17
-9.21571846612679e-19
2.16840434497101e-19
-4.33680868994202e-18
5.42101086242752e-20
3.46944695195361e-18
1.0842021724855e-18
-1.30104260698261e-18
1.30104260698261e-18
-4.33680868994202e-18
-1.57209315010398e-18
-6.50521303491303e-19
-2.60208521396521e-18
4.33680868994202e-19
-1.17093834628434e-17
1.0842021724855e-19
0.000157709367463726
-0.000891644772685385
-1.03167279200903e-09
0.000123989326744423
-0.000672143578432006
-2.73060772615092e-10
1.005484047649e-05
-0.000112067162648359
8.18288735924579e-11
6.86857832367166e-08
-3.10012120311874e-06
7.73715320328064e-12
3.24529791061179e-11
-8.69318842432187e-09
4.70045009859366e-14
-3.49975148687676e-13
-3.33112443878791e-14
-9.61307856234273e-16
-3.42922738816309e-13
8.04512923294198e-13
-5.42101086242752e-20
-4.73847306878272e-14
1.89889336893456e-13
-5.42101086242752e-20
-4.54497550705923e-16
7.52262835357342e-15
-5.42101086242752e-20
3.25260651745651e-19
2.90566182226115e-17
-2.16840434497101e-19
1.62630325872826e-18
2.60208521396521e-18
-4.87890977618477e-19
0
-6.50521303491303e-19
-6.50521303491303e-19
2.27682456221956e-18
4.33680868994202e-18
-1.0842021724855e-18
-2.16840434497101e-19
-1.51788304147971e-18
1.73472347597681e-18
-5.42101086242752e-18
-1.0842021724855e-19
0.00056847393608006
-2.04253372928283e-09
-0.00108059253318529
0.000250345789916551
-1.73026355450388e-09
-0.00056931928268232
1.95488975708618e-05
-2.28858972305948e-09
-8.13596044047222e-05
1.27836619171883e-07
9.65317300920254e-12
-2.14922568515536e-06
5.17401973587454e-11
5.86714921438358e-14
-7.35026294852986e-09
-4.25812922248692e-13
2.17924636669586e-17
-9.54762202458326e-13
-3.91482527818676e-13
3.36102673470506e-18
5.57748617256715e-13
-6.1125692181474e-14
5.42101086242752e-19
1.39509714544572e-13
-6.55237582941615e-16
1.0842021724855e-19
6.89942894482876e-15
3.79470760369927e-19
-1.84314369322536e-18
3.59955121265187e-17
7.04731412115578e-19
-1.35525271560688e-18
-3.90312782094782e-18
1.35525271560688e-18
1.62630325872826e-19
-3.36102673470506e-18
6.50521303491303e-19
2.16840434497101e-19
-3.14418630020796e-18
-7.58941520739853e-19
2.71050543121376e-19
-4.33680868994202e-18
-3.25260651745651e-19
-7.58941520739853e-19
6.98419011424826e-06
-0.000284921797611765
-1.12538589883658e-10
4.17104723367744e-06
-0.000117569093131604
-3.54387567468722e-11
3.6037881558646e-07
-1.63760489991708e-05
-2.26533147709013e-13
4.43616382842481e-09
-5.00723838361278e-07
2.42181383454387e-13
7.36663724812403e-12
-2.23609794678011e-09
2.62387767763217e-15
-7.7751824076322e-14
2.15005530740386e-13
4.14165229889463e-17
-1.30558541408532e-13
4.94885382673615e-13
1.68051336735253e-18
-2.72848150323357e-14
1.26362895841448e-13
2.87313575708659e-18
-4.59701721133854e-16
4.1733110023312e-15
2.33103467084383e-18
1.73472347597681e-18
7.58941520739853e-18
3.25260651745651e-19
-1.0842021724855e-19
-6.28837260041593e-18
4.77048955893622e-18
4.33680868994202e-19
-6.93889390390723e-18
4.06575814682064e-18
8.23993651088983e-18
-1.51788304147971e-18
2.43945488809238e-18
-5.42101086242752e-19
4.77048955893622e-18
3.57786716920216e-18
-1.32272665043232e-17
5.96311194867027e-19
4.04215083161382e-05
-0.000703357443106489
-1.75721871949197e-11
3.53884653252656e-05
-0.000397677862847302
-9.02124535013052e-11
2.88544743019196e-06
-6.31653712041579e-05
-3.07877388947692e-11
2.33856841732206e-08
-1.79163648498506e-06
-1.24783684904081e-12
1.63602039901511e-11
-5.71268601824368e-09
-4.52307462317503e-15
-2.10376854825611e-13
1.78151981014563e-13
1.68051336735253e-18
-2.35561353409408e-13
7.64640521039306e-13
4.44522890719057e-18
-3.29765511772329e-14
1.77522926914087e-13
4.11996825544492e-18
-3.47378376064356e-16
5.89242196702422e-15
3.90312782094782e-18
3.25260651745651e-19
2.25514051876985e-17
1.24683249835833e-18
-5.42101086242752e-19
-5.42101086242752e-18
2.92734586571086e-18
2.38524477946811e-18
6.28837260041593e-18
2.76471553983804e-18
6.83047368665868e-18
9.54097911787244e-18
1.02999206386123e-18
-3.25260651745651e-19
-3.25260651745651e-18
1.0842021724855e-19
-1.64798730217797e-17
-3.79470760369927e-19
0.00015770708085818
-0.000891612893580589
1.03701088460719e-09
0.000123989222997892
-0.000672132352351977
2.56096410679481e-10
1.00551394498629e-05
-0.000112068115276735
-8.80142968055775e-11
6.86898494595524e-08
-3.10027915868577e-06
-7.91848964870612e-12
3.24557167166034e-11
-8.69446207672937e-09
-4.73083486447756e-14
-3.49973739224851e-13
-3.37319148308035e-14
9.38864871263823e-16
-3.42920570411964e-13
8.0450576755986e-13
4.33680868994202e-18
-4.7385055948479e-14
1.89891071616932e-13
4.28259858131774e-18
-4.55256492226663e-16
7.52241151313893e-15
2.92734586571086e-18
2.16840434497101e-19
3.20923843055709e-17
5.31259064517897e-18
1.95156391047391e-18
-6.50521303491303e-19
4.60785923306339e-18
2.05998412772246e-18
4.11996825544492e-18
5.2583805365547e-18
3.46944695195361e-18
3.46944695195361e-18
4.82469966756049e-18
-1.84314369322536e-18
-8.02309607639273e-18
3.52365706057789e-18
-7.15573433840433e-18
2.00577401909818e-18
0.000568462668018252
2.09083233452395e-09
-0.00108056263174315
0.000250339631126739
1.74411122100693e-09
-0.000569294196690555
1.95491438888626e-05
2.17474952363952e-09
-8.13555806482549e-05
1.27846751153996e-07
-1.06625354162268e-11
-2.14932529880299e-06
5.17480705638715e-11
-6.22799338143021e-14
-7.3514441777979e-09
-4.25810157533152e-13
-1.84856470408779e-17
-9.55267006989835e-13
-3.9147802837966e-13
3.52365706057789e-18
5.57749267778018e-13
-6.11265053331034e-14
9.16150835750251e-18
1.39511015587179e-13
-6.5594231435373e-16
4.44522890719057e-18
6.89986262569775e-15
9.75781955236954e-19
7.04731412115578e-18
3.78386558197441e-17
2.38524477946811e-18
6.1257422745431e-18
-3.25260651745651e-19
1.02999206386123e-18
5.14996031930615e-18
-3.57786716920216e-18
7.04731412115578e-19
5.6920614055489e-18
-3.14418630020796e-18
-9.21571846612679e-19
4.33680868994202e-18
-6.93889390390723e-18
3.84891771232354e-18
1.73472347597681e-18
6.98400584698297e-06
-0.000284916854887887
1.12713286132878e-10
4.17099847358014e-06
-0.000117567138336625
3.54729292272558e-11
3.60382074376508e-07
-1.63758340029426e-05
2.19629056694842e-13
4.43631908834431e-09
-5.00722838618888e-07
-2.42746903307556e-13
7.36698321703727e-12
-2.2361502862063e-09
-2.62653397295476e-15
-7.77420662567696e-14
2.14991869793013e-13
-3.95191691870966e-17
-1.305401099716e-13
4.94864999672773e-13
-1.73472347597681e-18
-2.72787435001698e-14
1.26391735619236e-13
-2.76471553983804e-18
-4.61870125478825e-16
4.18675510927002e-15
-2.33103467084383e-18
1.0842021724855e-19
-4.33680868994202e-18
-9.21571846612679e-19
2.49366499671666e-18
-1.95156391047391e-17
-5.2583805365547e-18
6.50521303491303e-19
-1.75640751942652e-17
-4.66206934168767e-18
-2.38524477946811e-18
-9.32413868337534e-18
-2.76471553983804e-18
-1.95156391047391e-18
-1.64798730217797e-17
-4.44522890719057e-18
-1.7130394325271e-17
-1.02999206386123e-18
4.04217604332617e-05
-0.000703368416598037
1.78889189160654e-11
3.5388084150166e-05
-0.000397676163810227
9.04440496021092e-11
2.88539647727462e-06
-6.3163708440446e-05
3.08119201810828e-11
2.338534242966e-08
-1.79154802438207e-06
1.24725045829582e-12
1.63602362993759e-11
-5.71223693042813e-09
4.51136523971218e-15
-2.10377505346915e-13
1.78236548784017e-13
-1.89735380184963e-18
-2.35570135447005e-13
7.64613199144559e-13
-4.44522890719057e-18
-3.29765511772329e-14
1.77521842711914e-13
-3.63207727782644e-18
-3.50197301712818e-16
5.88114626443037e-15
-4.82469966756049e-18
9.75781955236954e-19
-4.98732999343332e-18
-7.58941520739853e-19
2.71050543121376e-18
-3.68628738645072e-17
-2.92734586571086e-18
9.75781955236954e-19
-3.75133951679985e-17
-1.84314369322536e-18
3.25260651745651e-19
-3.62123525610158e-17
1.30104260698261e-18
-4.55364912443912e-18
-3.49113099540332e-17
-1.62630325872826e-18
-2.92734586571086e-17
-4.33680868994202e-19
0.00015770938215995
-0.000891645747219185
-1.03800710648388e-09
0.000123989247287612
-0.000672143542744861
-2.55988928188691e-10
1.00548307938235e-05
-0.000112067042778234
8.81594894200192e-11
6.86857492466532e-08
-3.10011802992266e-06
7.92450594077135e-12
3.24530050185498e-11
-8.69317071669831e-09
4.73246116773629e-14
-3.49974931847241e-13
-3.33301095056804e-14
-9.3756382865684e-16
-3.42923931438699e-13
8.04486251920755e-13
-4.11996825544492e-18
-4.7383754905872e-14
1.89862231839144e-13
-4.17417836406919e-18
-4.55798593312906e-16
7.50246219316519e-15
-2.81892564846231e-18
1.51788304147971e-18
2.16840434497101e-18
-5.14996031930615e-18
2.38524477946811e-18
-3.10081821330854e-17
-4.55364912443912e-18
-3.25260651745651e-19
-3.4477629085039e-17
-4.93311988480905e-18
1.19262238973405e-18
-2.68882138776405e-17
-4.55364912443912e-18
-3.46944695195361e-18
-3.31765864780564e-17
-5.09575021068187e-18
-1.90819582357449e-17
-2.60208521396521e-18
0.000568474417188574
-2.09466104986351e-09
-0.00108059479252733
0.000250345880654236
-1.74585747985193e-09
-0.000569320165726527
1.95488687882701e-05
-2.17067971241972e-09
-8.13595782590338e-05
1.27836305530301e-07
1.0682595758503e-11
-2.14921435042837e-06
5.17400846017195e-11
6.23684047115769e-14
-7.35020431270796e-09
-4.25813735400321e-13
1.88109076926235e-17
-9.54757757229419e-13
-3.91483503600631e-13
-4.60785923306339e-18
5.57735606830645e-13
-6.11247163995188e-14
-1.0245710529988e-17
1.3950190828893e-13
-6.55074952615742e-16
-4.44522890719057e-18
6.88197328985174e-15
4.87890977618477e-19
-5.908901840046e-18
1.85398571495021e-17
1.13841228110978e-18
-4.87890977618477e-18
-2.24429849704499e-17
2.33103467084383e-18
-5.42101086242752e-18
-2.1467203015213e-17
-1.0842021724855e-19
-5.96311194867027e-18
-2.21177243187043e-17
-2.71050543121376e-19
-5.20417042793042e-18
-2.10335221462188e-17
-4.55364912443912e-18
-1.75640751942652e-17
6.98419052190535e-06
-0.000284921808412354
4.17104727269907e-06
-0.000117569096366111
3.60378801311204e-07
-1.63760489597722e-05
4.43616357016785e-09
-5.00723816865235e-07
7.36663887442729e-12
-2.23609777113935e-09
-7.7750523033715e-14
2.15009867549076e-13
-1.30557348786142e-13
4.94888852120567e-13
-2.72832971492942e-14
1.26358992713627e-13
-4.59701721133854e-16
4.17938253449712e-15
1.51788304147971e-18
8.89045781438114e-18
1.0842021724855e-19
-5.20417042793042e-18
9.75781955236954e-19
-2.16840434497101e-19
3.68628738645072e-18
9.75781955236954e-18
2.81892564846231e-18
-4.33680868994202e-19
-2.71050543121376e-17
4.04215089524815e-05
-0.00070335744045094
3.5388466218309e-05
-0.000397677872728146
2.88544743188917e-06
-6.31653732993116e-05
2.3385683229531e-08
-1.79163651139167e-06
1.63602034480501e-11
-5.7126858081253e-09
-2.10377071666046e-13
1.78155450461515e-13
-2.35561787090277e-13
7.6463640107105e-13
-3.29747080335396e-14
1.77520758509742e-13
-3.48679418671338e-16
5.89762613745215e-15
-1.0842021724855e-19
2.23345647532014e-17
2.16840434497101e-19
-4.98732999343332e-18
3.03576608295941e-18
1.0842021724855e-18
1.19262238973405e-18
-5.20417042793042e-18
-9.75781955236954e-19
2.16840434497101e-19
-9.97465998686664e-18
0.000157707079856449
-0.000891612858688629
0.000123989225639846
-0.000672132351413238
1.00551399116104e-05
-0.000112068120551826
6.86898515818782e-08
-3.10027937371407e-06
3.24557160660821e-11
-8.69446304557243e-09
-3.49974823427024e-13
-3.37306137881965e-14
-3.42921004092833e-13
8.04505550719425e-13
-4.73855980495652e-14
1.89891505297801e-13
-4.54497550705923e-16
7.52327887487692e-15
3.25260651745651e-19
2.81892564846231e-17
1.95156391047391e-18
2.81892564846231e-18
1.0842021724855e-19
-1.95156391047391e-18
1.19262238973405e-18
1.0842021724855e-18
2.16840434497101e-19
-2.16840434497101e-19
-3.03576608295941e-18
0.000568462647674432
-0.00108056257158116
0.000250339626895058
-0.000569294172010545
1.95491451403951e-05
-8.13555825771213e-05
1.27846765747303e-07
-2.14932587981891e-06
5.17480754427813e-11
-7.35144694945233e-09
-4.25810428583695e-13
-9.55268416452659e-13
-3.91478191009986e-13
5.57750677240842e-13
-6.11269390139724e-14
1.39510473486093e-13
-6.55129162724366e-16
6.89877842352526e-15
3.79470760369927e-19
3.59955121265187e-17
5.42101086242752e-19
-4.77048955893622e-18
1.02999206386123e-18
-2.49366499671666e-18
2.71050543121376e-19
-2.81892564846231e-18
-4.87890977618477e-19
-2.81892564846231e-18
1.0842021724855e-18
0.000502958789838895
-0.000368264014960456
-1.44068798615666e-08
-1.61279167900426e-08
0.000145871467262197
-0.00030389118101122
-1.25731955065477e-08
-1.32647905510728e-08
1.1861705286941e-05
-5.92987377431785e-05
-3.29077217342197e-09
-3.33748394047186e-09
9.15770023346342e-08
-1.96046322075154e-06
1.31302454640329e-10
1.55130952137969e-10
4.1787081905614e-11
-7.95477848186416e-09
1.15590046215197e-14
1.01127331335327e-14
-2.60611139873274e-13
-1.87806508625959e-12
1.34983170474445e-17
1.2414114874959e-17
-2.29394275927039e-13
2.92977664698157e-13
1.35525271560688e-18
-1.0842021724855e-19
-4.06991606215212e-14
7.92139791261359e-14
1.78893358460108e-18
-2.71050543121376e-19
-5.07786087483586e-16
4.6710682197193e-15
3.57786716920216e-18
-2.71050543121376e-19
1.0842021724855e-19
3.14418630020796e-17
4.39101879856629e-18
1.57209315010398e-18
8.40256683676266e-19
1.62630325872826e-18
3.74049749507499e-18
7.04731412115578e-19
5.96311194867027e-19
0
2.92734586571086e-18
5.42101086242752e-20
6.23416249179165e-19
1.0842021724855e-19
2.92734586571086e-18
0
0
-1.84314369322536e-18
1.95156391047391e-18
-7.04731412115578e-19
-7.58941520739853e-19
2.05998412772246e-18
-1.35525271560688e-18
0.000392467395848293
-7.42271957504574e-05
-6.17952985440193e-10
-1.11199897120245e-09
0.000121533790614592
-8.14813811945406e-05
-2.55274176737307e-09
-2.98242130194722e-09
1.00275780408193e-05
-2.04178131055859e-05
-1.07289741392395e-09
-1.14330313012029e-09
8.43722960275106e-08
-7.70348991157622e-07
-3.06659094276816e-11
-2.9068817502826e-11
4.2200166714486e-11
-3.58349698314575e-09
8.61208240138245e-13
9.44029901993326e-13
-1.85721989003074e-13
-1.08287369956356e-12
1.95660545057597e-15
2.07028404836107e-15
-1.5779035250716e-13
7.92105638892926e-14
3.79470760369927e-19
-9.21571846612679e-19
-3.11759759718047e-14
2.2647573920398e-14
8.67361737988404e-19
1.62630325872826e-19
-4.44007894687126e-16
1.45391511330306e-15
2.54787510534094e-18
-2.71050543121376e-19
-8.13151629364128e-20
1.0842021724855e-17
2.54787510534094e-18
7.58941520739853e-19
4.47233396150271e-19
1.24683249835833e-18
2.54787510534094e-18
7.58941520739853e-19
2.84603070277445e-19
4.33680868994202e-19
2.00577401909818e-18
5.42101086242752e-20
2.43945488809238e-19
5.42101086242752e-19
1.95156391047391e-18
-1.0842021724855e-19
-5.42101086242752e-20
-5.42101086242752e-20
1.89735380184963e-18
-8.13151629364128e-19
5.42101086242752e-19
2.05998412772246e-18
-9.21571846612679e-19
0.000145759226689829
8.75956344948119e-09
9.07323074875524e-09
4.89578698600921e-05
3.40408145313269e-09
3.37226794356943e-09
4.1188234550018e-06
1.92982680942248e-10
1.65165265849938e-10
3.7150730253257e-08
-1.11599172828228e-11
-1.38431922175331e-11
2.00714812744482e-11
-2.09890590151252e-13
-2.28751316933701e-13
-6.72831270407716e-14
-9.11271925974066e-17
-9.74697753064468e-17
-5.65736083739214e-14
5.42101086242752e-20
-6.50521303491303e-19
-1.18442920944185e-14
5.42101086242752e-20
1.0842021724855e-19
-1.84504104702721e-16
1.35525271560688e-18
2.71050543121376e-19
-7.45388993583784e-20
1.13841228110978e-18
-1.62630325872826e-19
1.15196480826585e-19
1.30104260698261e-18
6.50521303491303e-19
1.01643953670516e-19
1.19262238973405e-18
-2.16840434497101e-19
8.80914265144472e-20
1.02999206386123e-18
-3.25260651745651e-19
1.35525271560688e-20
1.35525271560688e-18
-5.96311194867027e-19
1.51788304147971e-18
-5.96311194867027e-19
0.000502943785708497
-0.000368303163356469
1.43699675459147e-08
0.000145863941494288
-0.000303900260408995
1.25564068647818e-08
1.18615728810335e-05
-5.92964062531004e-05
3.28994909196438e-09
9.15869527738969e-08
-1.96031964143112e-06
-1.3058401766592e-10
4.17941219013705e-11
-7.95550481698035e-09
-1.13642277012327e-14
-2.60609567780123e-13
-1.87917726084813e-12
-1.37693675905659e-17
-2.29391402791282e-13
2.92974520511857e-13
-1.73472347597681e-18
-4.06999737731506e-14
7.92094254770115e-14
-2.16840434497101e-18
-5.0746082683184e-16
4.66315354386015e-15
-3.41523684332934e-18
-5.42101086242752e-20
2.20093041014557e-17
-3.19839640883224e-18
3.79470760369927e-19
-1.01915004213637e-17
-2.54787510534094e-18
5.42101086242752e-19
-9.64939933512099e-18
-2.87313575708659e-18
2.16840434497101e-19
-9.86623976961809e-18
-2.76471553983804e-18
-3.79470760369927e-19
-8.67361737988404e-18
-2.43945488809238e-18
-1.04083408558608e-17
-3.08997619158369e-18
0.000392458571670332
-7.42566207651987e-05
6.12414885079945e-10
0.000121529895207669
-8.14932936811017e-05
2.54287616771641e-09
1.00275000523794e-05
-2.0418352693852e-05
1.07036934057867e-09
8.43756155318771e-08
-7.70303493008266e-07
3.07976449789686e-11
4.22052240974923e-11
-3.58268252624539e-09
-8.58330767572468e-13
-1.85721162298917e-13
-1.08239572903582e-12
-1.95443704623099e-15
-1.57789268304988e-13
7.92112686207047e-14
-7.58941520739853e-19
-3.11762063647664e-14
2.26471944496376e-14
-8.13151629364128e-19
-4.4406210479575e-16
1.4508793472201e-15
-2.65629532258949e-18
-4.06575814682064e-20
7.80625564189563e-18
-1.89735380184963e-18
2.98155597433514e-19
-2.98155597433514e-18
-1.57209315010398e-18
3.79470760369927e-19
-3.03576608295941e-18
-1.84314369322536e-18
3.11708124589583e-19
-3.30681662608079e-18
-1.84314369322536e-18
-2.3039296165317e-19
-3.36102673470506e-18
-2.00577401909818e-18
-3.46944695195361e-18
-2.33103467084383e-18
0.000145759974632866
-8.76023080844442e-09
4.89576686227346e-05
-3.40422885123119e-09
4.11881787200196e-06
-1.94071653062192e-10
3.7150763553456e-08
1.11009696443856e-11
2.00714867157879e-11
2.09600295019569e-13
-6.72831405932987e-14
9.14524532491523e-17
-5.65735880451307e-14
1.62630325872826e-19
-1.1844332752e-14
-5.42101086242752e-20
-1.84524433493455e-16
-7.04731412115578e-19
-8.13151629364128e-20
-1.30104260698261e-18
1.28749007982654e-19
-1.0842021724855e-18
1.15196480826585e-19
-9.21571846612679e-19
1.28749007982654e-19
-1.19262238973405e-18
2.71050543121376e-20
-1.84314369322536e-18
-1.89735380184963e-18
0.000502958766728719
-0.000368264006074466
-1.60298622328388e-08
0.000145871461801416
-0.000303891160747374
-1.32260513536759e-08
1.18617062349065e-05
-5.92987323531973e-05
-3.33600401019847e-09
9.15770211912682e-08
-1.96046308156351e-06
1.53575673770938e-10
4.17870871910996e-11
-7.95478035113713e-09
9.94175445093171e-15
-2.60611139873274e-13
-1.8780657367809e-12
1.2414114874959e-17
-2.29394601187691e-13
2.92977881538592e-13
3.79470760369927e-19
-4.06992148316299e-14
7.92150633283084e-14
3.25260651745651e-19
-5.07677667266337e-16
4.67247768254353e-15
-4.87890977618477e-19
1.35525271560688e-19
3.0140820395097e-17
-1.0842021724855e-18
4.06575814682064e-19
-1.95156391047391e-18
-9.21571846612679e-19
5.14996031930615e-19
-7.58941520739853e-19
1.0842021724855e-19
2.98155597433514e-19
-9.75781955236954e-19
1.0842021724855e-19
-2.98155597433514e-19
-4.33680868994202e-19
3.25260651745651e-19
1.73472347597681e-18
8.67361737988404e-19
0.000392467382516493
-7.42271950298061e-05
-1.08949582851552e-09
0.000121533786227347
-8.14813726126609e-05
-2.95866439009064e-09
1.00275783878713e-05
-2.04178095082744e-05
-1.13875978986116e-09
8.43723067326518e-08
-7.70348751735533e-07
-2.92796479336305e-11
4.220017494087e-11
-3.58349540275846e-09
9.38371017174255e-13
-1.85721975450547e-13
-1.08287326588269e-12
2.06524250825901e-15
-1.57790379612215e-13
7.92107807297271e-14
-4.33680868994202e-19
-3.11759895243319e-14
2.2647573920398e-14
1.0842021724855e-19
-4.44170525012999e-16
1.45293933134782e-15
-2.16840434497101e-19
6.7762635780344e-20
1.1221492485225e-17
-5.42101086242752e-19
2.98155597433514e-19
1.0842021724855e-19
-5.96311194867027e-19
3.11708124589583e-19
5.96311194867027e-19
1.0842021724855e-19
2.84603070277445e-19
3.25260651745651e-19
5.42101086242752e-20
-1.0842021724855e-19
8.13151629364128e-19
1.62630325872826e-19
1.57209315010398e-18
7.58941520739853e-19
0.000145759224767755
9.06686816837081e-09
4.89578693374808e-05
3.37551965187959e-09
4.11882343727966e-06
1.676702674272e-10
3.71507308588516e-08
-1.36797009267151e-11
2.00714819452983e-11
-2.27813590474718e-13
-6.72830931594537e-14
-9.71987247633255e-17
-5.65735948213943e-14
-3.79470760369927e-19
-1.18443598570543e-14
-5.42101086242752e-20
-1.84483775911987e-16
-5.42101086242752e-19
-6.09863722023096e-20
-1.0842021724855e-19
1.21972744404619e-19
-2.71050543121376e-19
1.01643953670516e-19
-5.42101086242752e-20
1.15196480826585e-19
-1.0842021724855e-19
-2.03287907341032e-20
-5.42101086242752e-20
4.87890977618477e-19
0.000502942940799684
-0.000368304456137053
1.70777526134263e-08
0.000145863748367119
-0.000303900127293828
1.37172132322057e-08
1.18616002781721e-05
-5.92962476076799e-05
3.37368317917391e-09
9.15876290041547e-08
-1.96031905768507e-06
-1.75423390440591e-10
4.17944078867985e-11
-7.95559154751629e-09
-1.64897392615493e-14
-2.60609621990232e-13
-1.8792304951748e-12
-1.29562159612018e-17
-2.29392161732803e-13
2.92979291001416e-13
1.57209315010398e-18
-4.06995400922816e-14
7.92138707059187e-14
1.02999206386123e-18
-5.07758982429274e-16
4.67095979950205e-15
3.68628738645072e-18
1.62630325872826e-19
3.13334427848311e-17
4.17417836406919e-18
8.40256683676266e-19
7.58941520739853e-19
3.63207727782644e-18
5.14996031930615e-19
-1.19262238973405e-18
2.65629532258949e-18
3.52365706057789e-19
-9.75781955236954e-19
2.65629532258949e-18
5.42101086242752e-20
-1.73472347597681e-18
2.22261445359528e-18
-6.50521303491303e-19
2.38524477946811e-18
0.000392457927435263
-7.42575560608387e-05
1.18260211063974e-09
0.000121529753222911
-8.14934625635873e-05
3.21096830477622e-09
1.00275106116951e-05
-2.04182762722863e-05
1.2183645628841e-09
8.43759380106965e-08
-7.7029915847201e-07
2.56859217597806e-11
4.22055191902186e-11
-3.58264503762425e-09
-1.03569334098524e-12
-1.85721257166607e-13
-1.08238060441551e-12
-2.17192800203159e-15
-1.57789539355531e-13
7.92121359824427e-14
2.16840434497101e-18
-3.11762876799293e-14
2.26477907608325e-14
6.50521303491303e-19
-4.43953684578502e-16
1.45369827286856e-15
2.43945488809238e-18
-4.06575814682064e-20
1.11672823766007e-17
2.43945488809238e-18
3.52365706057789e-19
8.13151629364128e-19
2.33103467084383e-18
1.89735380184963e-19
2.71050543121376e-19
1.73472347597681e-18
3.11708124589583e-19
4.87890977618477e-19
1.84314369322536e-18
-2.71050543121376e-20
4.33680868994202e-19
1.68051336735253e-18
5.42101086242752e-20
1.89735380184963e-18
0.000145759795327435
-9.05106952765484e-09
4.89576414212027e-05
-3.38320973807763e-09
4.11882042697414e-06
-1.31877723910483e-10
3.71507881747658e-08
1.60064226413167e-11
2.00715066718841e-11
2.40944796666559e-13
-6.72831270407716e-14
9.7307144980574e-17
-5.65736015976578e-14
1.02999206386123e-18
-1.18443463045272e-14
2.71050543121376e-19
-1.84476999648409e-16
7.04731412115578e-19
-5.42101086242752e-20
1.19262238973405e-18
1.21972744404619e-19
1.30104260698261e-18
1.01643953670516e-19
9.75781955236954e-19
1.21972744404619e-19
1.19262238973405e-18
-2.03287907341032e-20
1.13841228110978e-18
1.35525271560688e-18
0.000502959449611855
-0.000368264200463616
-1.71388962225366e-08
0.000145871646660584
-0.000303891769958677
-1.37391645450976e-08
1.18616802362292e-05
-5.9298912297212e-05
-3.3743403647429e-09
9.15764151975516e-08
-1.96046811325678e-06
1.7626021502808e-10
4.1786864333343e-11
-7.95471914131086e-09
1.64658868137546e-14
-2.6061149223898e-13
-1.87802106765139e-12
1.31188462870746e-17
-2.2939384224617e-13
2.92970725804254e-13
-1.73472347597681e-18
-4.06991335164669e-14
7.9211377040922e-14
-1.19262238973405e-18
-5.07271091451655e-16
4.66282828320841e-15
-3.63207727782644e-18
0
2.24429849704499e-17
-3.14418630020796e-18
4.33680868994202e-19
-1.02999206386123e-17
-2.65629532258949e-18
5.6920614055489e-19
-9.64939933512099e-18
-2.92734586571086e-18
1.62630325872826e-19
-1.01915004213637e-17
-3.08997619158369e-18
-4.87890977618477e-19
-8.99887803162969e-18
-2.87313575708659e-18
-1.09504419421036e-17
-3.57786716920216e-18
0.000392467775815863
-7.42271307445043e-05
-1.19957143914287e-09
0.000121533927387593
-8.14815826514963e-05
-3.22486191526791e-09
1.00275695126071e-05
-2.04179172844306e-05
-1.22038054428718e-09
8.4371966899713e-08
-7.70356591320634e-07
-2.56068589184373e-11
4.21998771782959e-11
-3.58355279760254e-09
1.03847442797789e-12
-1.85721975450547e-13
-1.08289511255646e-12
2.17490955800592e-15
-1.57790176324307e-13
7.92087207455994e-14
-2.49366499671666e-18
-3.11759082091689e-14
2.26474112900721e-14
-3.79470760369927e-19
-4.44048552268594e-16
1.45125881798047e-15
-2.71050543121376e-18
-5.42101086242752e-20
7.96888596776846e-18
-1.84314369322536e-18
2.71050543121376e-19
-3.14418630020796e-18
-1.89735380184963e-18
3.65918233213858e-19
-3.08997619158369e-18
-2.00577401909818e-18
2.98155597433514e-19
-3.36102673470506e-18
-2.16840434497101e-18
-1.0842021724855e-19
-3.08997619158369e-18
-2.22261445359528e-18
-3.68628738645072e-18
-3.08997619158369e-18
0.000145759273250758
9.05807963271638e-09
4.89578826670233e-05
3.38009906424973e-09
4.11882408804932e-06
1.30460321311112e-10
3.71507124973864e-08
-1.61110231601015e-11
2.00714580996268e-11
-2.41592661674728e-13
-6.72831812508802e-14
-9.79034561754411e-17
-5.657366258403e-14
-1.46367293285543e-18
-1.18443124232093e-14
0
-1.84531209757033e-16
-7.04731412115578e-19
-3.3881317890172e-20
-1.30104260698261e-18
1.21972744404619e-19
-1.40946282423116e-18
1.0842021724855e-19
-1.19262238973405e-18
1.28749007982654e-19
-1.0842021724855e-18
-2.71050543121376e-20
-1.40946282423116e-18
-2.33103467084383e-18
0.000502942910991062
-0.000368304500073204
0.000145863742949836
-0.000303900120312933
1.18616013784475e-05
-5.92962423034091e-05
9.15876518993062e-08
-1.9603190668481e-06
4.1794416126735e-11
-7.95559441273738e-09
-2.60609621990232e-13
-1.87923201305784e-12
-2.29392676728835e-13
2.92980917304675e-13
-4.06995943023902e-14
7.92139791261359e-14
-5.0746082683184e-16
4.67258610276078e-15
-1.0842021724855e-19
3.03576608295941e-17
2.43945488809238e-19
-1.51788304147971e-18
3.25260651745651e-19
-5.42101086242752e-19
2.43945488809238e-19
-2.16840434497101e-19
-2.16840434497101e-19
6.50521303491303e-19
2.81892564846231e-18
0.000392457904610392
-7.42575857372957e-05
0.000121529749152239
-8.14934645296179e-05
1.00275110809383e-05
-2.04182731547654e-05
8.43759493989528e-08
-7.70299010384088e-07
4.22055287176452e-11
-3.58264388576786e-09
-1.85721297824189e-13
-1.08237995389421e-12
-1.57789715538384e-13
7.92127322936376e-14
-3.11759759718047e-14
2.26474655001807e-14
-4.44089209850063e-16
1.45331880210819e-15
-8.13151629364128e-20
1.15467531369706e-17
2.3039296165317e-19
2.16840434497101e-19
1.89735380184963e-19
6.50521303491303e-19
2.57498015965307e-19
9.21571846612679e-19
-5.42101086242752e-20
1.40946282423116e-18
2.11419423634673e-18
0.000145759789253346
4.89576408177134e-05
4.11882053225714e-06
3.71507891286943e-08
2.00715074240494e-11
-6.72831473695623e-14
-5.65736083739214e-14
-1.18443259757364e-14
-1.84497328439143e-16
-6.7762635780344e-20
1.01643953670516e-19
1.01643953670516e-19
1.15196480826585e-19
-1.35525271560688e-20
)
;

boundaryField
{
    inlet
    {
        type            calculated;
        value           nonuniform List<scalar> 
24
(
-5.06561505886122e-05
-5.06561617423643e-05
-5.06561505239735e-05
-5.06561525294312e-05
-5.06561662004109e-05
-5.06561526203314e-05
-0.000770029718797277
-0.000449304126479481
-0.000145763771933952
-0.000770029725870626
-0.000449304128240273
-0.000145763772062934
-0.000770029718807538
-0.000449304126481655
-0.000145763771933722
-0.000770029718902854
-0.000449304126551533
-0.000145763771946557
-0.000770029726154911
-0.000449304128408294
-0.00014576377208443
-0.000770029718910081
-0.000449304126555218
-0.000145763771946985
)
;
    }
    outlet
    {
        type            calculated;
        value           nonuniform List<scalar> 
156
(
0.000160857088838512
6.94627948209041e-05
1.00686663635934e-05
3.51072641137894e-07
2.11659766579872e-09
3.62043728330264e-13
-2.84477302825437e-14
-2.0195217026453e-14
-1.59811400224363e-15
-1.47451495458029e-17
-3.03576608295941e-18
-1.73472347597681e-18
-2.16840434497101e-18
-3.90312782094782e-18
8.67361737988404e-19
0.000160859347189906
6.9463517174578e-05
1.00686712010299e-05
3.51067782158355e-07
2.11654749716211e-09
3.62018141158993e-13
-2.84433934738537e-14
-2.01904465368941e-14
-1.59594559789866e-15
-1.0842021724855e-17
-1.30104260698261e-18
-8.67361737988404e-19
-1.30104260698261e-18
0
8.67361737988404e-19
0.000160857090848372
6.94627949040716e-05
1.00686661872558e-05
3.51072631387013e-07
2.11659763023689e-09
3.62040692564181e-13
-2.84468629208057e-14
-2.0195650707322e-14
-1.59594559789866e-15
-1.38777878078145e-17
-2.16840434497101e-18
-3.03576608295941e-18
-3.90312782094782e-18
-2.16840434497101e-18
1.73472347597681e-18
0.000160859551161414
6.94635752027046e-05
1.00686707385739e-05
3.51067511122991e-07
2.11654567830455e-09
3.62012936988565e-13
-2.84481639634127e-14
-2.0195650707322e-14
-1.59681295963665e-15
-1.25767452008319e-17
-2.16840434497101e-18
-8.67361737988404e-19
-2.16840434497101e-18
-3.03576608295941e-18
0
0.000160856966302371
6.94627640516316e-05
1.00686677963376e-05
3.51072861083917e-07
2.11659893301422e-09
3.62045896734609e-13
-2.84433934738537e-14
-2.01904465368941e-14
-1.59507823616067e-15
-9.97465998686664e-18
0
0
-8.67361737988404e-19
0
0
0.000160859555512406
6.94635760607213e-05
1.0068670590909e-05
3.51067499655168e-07
2.11654562452812e-09
3.62012069626827e-13
-2.84472966016747e-14
-2.0195650707322e-14
-1.59594559789866e-15
-1.38777878078145e-17
-3.03576608295941e-18
-1.73472347597681e-18
-3.90312782094782e-18
-3.03576608295941e-18
3.03576608295941e-18
-5.42101086242752e-19
-9.75781955236954e-19
-7.58941520739853e-19
-4.87890977618477e-19
-1.89735380184963e-19
-9.48676900924816e-20
-2.71050543121376e-20
0
-1.73472347597681e-18
-1.51788304147971e-18
-9.75781955236954e-19
-3.25260651745651e-19
-1.49077798716757e-19
-2.71050543121376e-20
-5.42101086242752e-19
-9.75781955236954e-19
-4.33680868994202e-19
-3.25260651745651e-19
-1.89735380184963e-19
-9.48676900924816e-20
-2.71050543121376e-20
-4.33680868994202e-19
-9.75781955236954e-19
-7.58941520739853e-19
-4.87890977618477e-19
-1.0842021724855e-19
-5.42101086242752e-20
-1.35525271560688e-20
0
-1.73472347597681e-18
-1.73472347597681e-18
-8.13151629364128e-19
-3.25260651745651e-19
-9.48676900924816e-20
-2.71050543121376e-20
-5.42101086242752e-19
-7.58941520739853e-19
-5.42101086242752e-19
-2.71050543121376e-19
-1.0842021724855e-19
-6.7762635780344e-20
-1.35525271560688e-20
7.52418982290833e-08
-3.48744993711777e-06
-5.29851927165955e-05
-6.66983538595971e-05
7.52462722237394e-08
-3.4873004413524e-06
-5.2984304480101e-05
-6.66962917495907e-05
7.52418687664314e-08
-3.48745009717745e-06
-5.29851924279851e-05
-6.66983510571585e-05
7.52456175840939e-08
-3.48730215855039e-06
-5.29842893554621e-05
-6.66962074879988e-05
7.52425265875597e-08
-3.48744658029189e-06
-5.29852017616761e-05
-6.66984397248733e-05
7.5245587806156e-08
-3.48730226376354e-06
-5.29842888320734e-05
-6.66962047005336e-05
)
;
    }
    sides
    {
        type            calculated;
        value           nonuniform List<scalar> 
84
(
0.000272675803867536
0.000252481456940063
0.000228005384354648
0.000272675794206518
0.000252481453589603
0.000228005374735459
0.000272675803844084
0.000252481457066616
0.000228005384038296
0.000272675805365403
0.00025248145536885
0.000228005385628091
0.00027267579883716
0.000252481448512566
0.000228005392279826
0.000272675805422773
0.00025248145524112
0.000228005385759378
-8.01248542113011e-06
-3.93002416698609e-06
-1.54467931104234e-06
-8.01248734398337e-06
-3.92999158688764e-06
-1.54481657664465e-06
-8.01248447273098e-06
-3.93002610568399e-06
-1.54467663233601e-06
-8.01249249249422e-06
-3.92998783868971e-06
-1.54478249777092e-06
-8.01247912924404e-06
-3.92998356582661e-06
-1.54468645051646e-06
-8.01249322607181e-06
-3.92998791061503e-06
-1.54478042543958e-06
-7.72861352172813e-05
-7.72853823450523e-05
-7.72861358215917e-05
-7.7284982677109e-05
-7.72861759219576e-05
-7.72849558317381e-05
-6.65803625426165e-05
-6.65819536232131e-05
-6.65803625824355e-05
-6.65810377402552e-05
-6.65808034695092e-05
-6.65809937547452e-05
-4.88048339286681e-05
-4.87998863623162e-05
-4.88048292734668e-05
-4.87991257936577e-05
-4.88049842125595e-05
-4.87990674131323e-05
-6.86005331614059e-06
-6.85259490559322e-06
-6.86005581715984e-06
-6.8520204244744e-06
-6.85977372866155e-06
-6.85196118949919e-06
-0.000226861903644892
-0.000226859296139296
-0.000226861926709732
-0.000226858483124476
-0.00022686106296795
-0.000226858414891131
-0.00363277407953082
-0.00363276433416491
-0.00363277411718963
-0.00363276389028409
-0.00363277275421712
-0.00363276383110319
-0.00237177577282754
-0.00237175304628251
-0.00237177581336211
-0.00237175247537671
-0.00237177424760237
-0.00237175241345962
0.00522991420739232
0.00522998478798564
0.00522991418166739
0.00522998540815162
0.00522991387988124
0.00522998537405394
)
;
    }
}


// ************************************************************************* //
