/*--------------------------------*- C++ -*----------------------------------*\
  =========                 |
  \\      /  F ield         | OpenFOAM: The Open Source CFD Toolbox
   \\    /   O peration     | Website:  https://openfoam.org
    \\  /    A nd           | Version:  11
     \\/     M anipulation  |
\*---------------------------------------------------------------------------*/
FoamFile
{
    format      ascii;
    class       volVectorField;
    location    "0.0000399989";
    object      U;
}
// * * * * * * * * * * * * * * * * * * * * * * * * * * * * * * * * * * * * * //

dimensions      [0 1 -1 0 0 0 0];

internalField   nonuniform List<vector> 
900
(
(-7.1947118434947 -12.4616023339057 517.366928806561)
(-5.11096240155088 -8.85244763662378 523.08124953702)
(-3.51062586344396 -6.08057599119451 529.704767030959)
(-4.02434263702379 -6.97036003436832 512.309513198443)
(-2.72313852890601 -4.71661480669633 520.585763079976)
(-1.76479900917101 -3.05671442391248 528.523986128939)
(-3.23115869558529 -5.59652632076972 503.376620555642)
(-2.22650705146076 -3.85642542231337 515.17356322602)
(-1.31157974896949 -2.27171408469646 525.243841321482)
(-14.3894238301643 8.7328233493421e-09 517.366931117311)
(-10.2219265439486 -3.98891697214017e-08 523.081250046006)
(-7.02125179699719 1.05916724554506e-07 529.704767891275)
(-8.04868479393199 1.44975263073542e-08 512.309515594786)
(-5.44627868204999 -4.34072699930886e-08 520.58576454393)
(-3.52959762912676 1.12005595362428e-07 528.523987974659)
(-6.46231582258275 2.29534339702955e-08 503.3766208913)
(-4.45301605782375 -5.326645236056e-08 515.173563213493)
(-2.62315616009617 1.18343840573048e-07 525.243841413516)
(-7.1947118366856 12.4616023578479 517.366928820326)
(-5.11096239881347 8.85244754820164 523.08124951524)
(-3.51062593312872 6.08057620270197 529.704767073221)
(-4.02434263275109 6.97036006788749 512.309513208147)
(-2.72313852874972 4.71661471319897 520.585763062677)
(-1.76479909463714 3.05671464817529 528.523986166383)
(-3.23115869591934 5.59652636728257 503.376620562568)
(-2.22650705653882 3.85642531018071 515.173563210351)
(-1.31157979341887 2.27171433118607 525.243841358874)
(7.19470987599296 12.4616025125779 517.366928693076)
(5.11096521837397 8.85244713715078 523.081250174785)
(3.51062096165931 6.08057772017079 529.704766630055)
(4.02433995719822 6.97036032881376 512.309513144801)
(2.72314124967904 4.71661485374982 520.585763661069)
(1.76479326633266 3.05671615727087 528.523986056399)
(3.23115551001862 5.59652646336887 503.376620427744)
(2.22651047874217 3.85642521738875 515.173564033162)
(1.31157070341372 2.27171490660749 525.243841018237)
(14.389421213081 1.91480361148459e-08 517.366930905867)
(10.2219300291695 -4.12626288653957e-08 523.081254301759)
(7.0212410307359 4.86452160832701e-08 529.704773688375)
(8.0486816205928 2.07246277823481e-08 512.309515508883)
(5.44628166945255 -4.4962328651727e-08 520.585768163388)
(3.5295851134463 4.31845170221845e-08 528.52399282814)
(6.46231245781432 2.73190559875645e-08 503.376620743172)
(4.45301940641517 -5.38713741136176e-08 515.173565051857)
(2.62314476201992 8.92470765656807e-08 525.243843213691)
(7.19470986493761 -12.4616024798651 517.36692867894)
(5.11096522229611 -8.85244722157874 523.081250177143)
(3.51062099449488 -6.08057757708279 529.704766497332)
(4.02433994757547 -6.97036028455017 512.309513138572)
(2.72314125471832 -4.71661494973761 520.585763662149)
(1.7647933096487 -3.0567160240256 528.523985952267)
(3.23115550390658 -5.59652641560022 503.376620424872)
(2.22651047862741 -3.85642533586139 515.173564049665)
(1.31157071942206 -2.27171470988324 525.243840953814)
(-2.05476222810591 -3.55895685360421 532.323060906636)
(-0.98627803643745 -1.70828229199902 529.419679713419)
(-0.37534629014388 -0.650110996552396 520.546296578749)
(-0.964296620533596 -1.67021443338143 531.960349930161)
(-0.434649059230071 -0.752833900314327 529.47098415866)
(-0.141293369867186 -0.244703917078033 520.648019544227)
(-0.709720330547296 -1.2292725807152 530.208277469888)
(-0.330012350207485 -0.571587038146235 528.769228388532)
(-0.139305378976839 -0.241272924018089 520.580420040178)
(-4.1095287966177 -2.73257595563791e-07 532.323062786592)
(-1.97253760036988 3.88105074592592e-07 529.419688820124)
(-0.750754356586527 -5.01052811734368e-07 520.546300501284)
(-1.92859715879619 -2.77105234148725e-07 531.960352482778)
(-0.86927895005784 4.22747387259743e-07 529.470985668957)
(-0.282614603344012 -5.81517067651778e-07 520.648025706313)
(-1.41944174641083 -3.11299335259102e-07 530.208277585807)
(-0.660012650590648 3.40954669534876e-07 528.769234376732)
(-0.27861486540538 -2.40800165830202e-07 520.580426536301)
(-2.05476213603006 3.55895633846141 532.323060859696)
(-0.9862785977072 1.70828309606711 529.419679864203)
(-0.375345652009819 0.650109859193377 520.546296265776)
(-0.964296542269286 1.67021390564144 531.96034989548)
(-0.434649578060769 0.752834558308894 529.470984354581)
(-0.141292168081706 0.244702807009187 520.648018778331)
(-0.709720300780397 1.22927195011797 530.208277429258)
(-0.330012518689578 0.571587711832552 528.769228351423)
(-0.139304838239335 0.241272649135635 520.580418620049)
(2.05476716006206 3.5589583547751 532.323062332559)
(0.986259502968628 1.70827110141963 529.419692053954)
(0.375368869494666 0.650158056677225 520.546352843975)
(0.96430060523936 1.67021594977997 531.960352318927)
(0.434629008346131 0.75282014390388 529.470989753182)
(0.141296573342955 0.244734698392233 520.648063690645)
(0.709720125618095 1.22927274231468 530.208277401191)
(0.329991526637243 0.571582023078368 528.769230599893)
(0.1393027390083 0.241280258677035 520.580428669663)
(4.10952447391093 -2.11493592140171e-07 532.323070177069)
(1.97253419761327 -1.02739515306514e-07 529.419682324017)
(0.750689315876019 2.49250046129416e-08 520.54630286308)
(1.92859120950851 -2.18862967349419e-07 531.960356516979)
(0.869276184703857 -1.35540679707013e-07 529.470982867746)
(0.282575993678367 5.20734683475713e-07 520.648029391679)
(1.41943826146607 -2.87453135532953e-07 530.208280570364)
(0.659998242995727 1.69771303164959e-07 528.769228761267)
(0.27859831478545 2.65937597265331e-07 520.580435740313)
(2.0547671462572 -3.55895880032846 532.323062155701)
(0.986259868253538 -1.7082709255215 529.419692587937)
(0.375367889698641 -0.650157447163175 520.546357817313)
(0.964300635971182 -1.67021650126825 531.960352184099)
(0.434629348194159 -0.752819862064011 529.470990245449)
(0.141295112974648 -0.244733406543075 520.648067093291)
(0.709720134951466 -1.2292733767664 530.208277402756)
(0.32999160491179 -0.571581444048284 528.769230572343)
(0.139302604995101 -0.241280374144723 520.580428498847)
(-0.146425322127115 -0.253574775900023 509.559132426174)
(-0.0352789997180467 -0.0610681730186652 509.633065313794)
(-0.0427522162413552 -0.0738997811378012 509.734121512824)
(-0.292433267110324 9.35777086869977e-07 509.559181544199)
(-0.0701462169616289 1.27096169842269e-06 509.632973917835)
(-0.0853634269035887 3.790934114464e-06 509.734009807109)
(-0.146424002555087 0.253575810802671 509.559130476521)
(-0.0352775937183817 0.0610691405039071 509.633061630834)
(-0.0427516750273801 0.0739097796633976 509.734116066776)
(0.146128914433982 0.253142763779266 509.559303675489)
(0.0349494686901558 0.0605855175828812 509.633035215627)
(0.0425560437627608 0.0738112485461212 509.734013109953)
(0.292792816610473 1.46042932823755e-06 509.559150398314)
(0.0705075879130931 1.31874692673839e-06 509.633101682475)
(0.0852652756675624 5.36182746184905e-06 509.73418189086)
(0.146123779594861 -0.25313158541067 509.559315330433)
(0.0349420192561603 -0.060569293042998 509.633041042856)
(0.042552609859988 -0.0737974915146236 509.734013194777)
(-0.0636961242695588 -0.110212641735453 497.041080261057)
(-0.00607033378549862 -0.0105095651279569 497.099982617188)
(-0.0114395815868606 -0.0197078274299491 497.207428803097)
(-0.127746428469501 3.41194189726981e-06 497.041533094973)
(-0.0124846642782059 5.72336282252687e-06 497.100369716126)
(-0.0228246372150018 7.7026561539626e-06 497.207544166889)
(-0.0636922722825195 0.110214801640227 497.041077726876)
(-0.00606900237555198 0.0105058333652651 497.099975557139)
(-0.0114411606869804 0.0197184625765377 497.207424829818)
(0.0637418620077273 0.110486421042139 497.041620991084)
(0.00599297288382915 0.0105162948106978 497.100333321334)
(0.0112662664669081 0.0197041250142158 497.207439190814)
(0.127292502006918 4.43829871043568e-06 497.041086904546)
(0.0121947673601623 -9.05193539112216e-07 497.100052957359)
(0.0226742575562789 2.61965325419743e-06 497.207488271627)
(0.0637357312015223 -0.110469044267865 497.041630571103)
(0.00597961493595528 -0.0104813652708628 497.100330349759)
(0.0112675338888578 -0.0196882724719507 497.207428658799)
(-0.0290460658790477 -0.0501198638347901 483.654888694355)
(0.000610244320843477 0.00125728965251015 483.699373726708)
(-0.0020507238973134 -0.00335353618836301 483.777654301202)
(-0.056166763324542 1.5741568684976e-07 483.656423423029)
(0.00260430156144867 1.08487236417242e-06 483.700628772237)
(-0.0031580531442276 4.37158805466083e-06 483.777867843659)
(-0.0290393978023888 0.0501217802849788 483.65489076135)
(0.000615949264319449 -0.0012526768377151 483.699374073026)
(-0.00204947611715089 0.00336543884699118 483.77765254994)
(0.0279514192296486 0.048391515566381 483.656542734791)
(-0.0014432587002902 -0.00249692203575611 483.700682025233)
(0.00142576484378377 0.00258413557568543 483.777856008801)
(0.0579914582098917 6.75220238655176e-06 483.654873666581)
(-0.00137203122425818 7.21477217523074e-06 483.699388217521)
(0.00382146076610164 7.00783993950558e-06 483.777698151922)
(0.0279410332341456 -0.0483733130616772 483.65655038709)
(-0.00145319565109489 0.00251631969686506 483.70068379595)
(0.00142079155812436 -0.00256687040776003 483.777853450817)
(0.011929872530758 0.0208882859891606 469.747255693601)
(0.0177119250327253 0.0309127837379141 469.767493367317)
(0.0108429309994041 0.0189813588207225 469.801266625141)
(0.0262705591327056 6.6322355501427e-07 469.748023409162)
(0.0376793945841638 1.72779166664544e-06 469.76725800295)
(0.0212581752194431 3.8310913646321e-06 469.801297862297)
(0.0119367322326839 -0.0208833505310203 469.747255218566)
(0.0177175245019857 -0.0309052681605854 469.767491979735)
(0.0108452083769384 -0.0189711401427254 469.801266111526)
(-0.0132532082109105 -0.0229394695328116 469.748120222476)
(-0.0189850613642679 -0.032817108263934 469.767316271334)
(-0.010783352851531 -0.0185447216002507 469.801317420392)
(-0.0240933337687472 8.51580386239657e-06 469.747314772842)
(-0.0357025842600773 8.71173612523244e-06 469.767561078197)
(-0.0219797856877352 7.13458273155725e-06 469.80129310066)
(-0.0132617329075145 0.0229553840907053 469.748124894137)
(-0.0189929147479118 0.0328340289410895 469.76731845196)
(-0.0107871123257987 0.0185588667204896 469.801317992959)
(-0.185003148669069 -0.320183344061435 466.723071321316)
(-0.117407366817155 -0.203077279084289 466.794885984346)
(-0.0545887493019262 -0.0942541620686499 466.823095842772)
(-0.369364163661807 3.29370166129623e-06 466.722270256009)
(-0.234787700469609 3.50073920001538e-06 466.794181431363)
(-0.109973144350792 5.66929112496535e-06 466.82352774645)
(-0.184999498903514 0.320191613980294 466.723069903793)
(-0.117403826372748 0.203086841199281 466.794884479603)
(-0.0545866463342266 0.094265907026958 466.823096815994)
(0.184492473417047 0.319690768660788 466.722333395773)
(0.11719315307681 0.203125360025722 466.794216011953)
(0.0547449396809265 0.0950604645049748 466.823574054665)
(0.369663559000282 7.43318004428292e-06 466.723102535402)
(0.234435756593995 7.94420264962999e-06 466.794916261087)
(0.108736916352073 7.72229449915183e-06 466.823098797211)
(0.18448729609347 -0.319675463726806 466.722335542219)
(0.117187965413269 -0.203109547948821 466.794217252104)
(0.0547421254863877 -0.095044269011719 466.823579926225)
(0.315938874414793 0.547374593158989 442.250548213748)
(0.196628963713856 0.340724750784526 442.311663303611)
(0.0813728555097465 0.14108670177604 442.371660678457)
(0.634502789640646 2.41975631145353e-06 442.250747934468)
(0.394431218252549 2.45420467057375e-06 442.311883241771)
(0.163281032254315 3.11799038533608e-06 442.371800975224)
(0.315939704714025 -0.54736909570668 442.250548467272)
(0.196629474703985 -0.340718710337782 442.311663561115)
(0.0813730001477846 -0.141080027703674 442.371662085797)
(-0.31737584145399 -0.54959022805012 442.250752193559)
(-0.197350054980701 -0.34169766065855 442.311859580369)
(-0.0817770451394375 -0.141502857631774 442.371796807089)
(-0.632113622619762 3.51044775168169e-06 442.250558020734)
(-0.393503355121912 3.50379961379109e-06 442.311672302446)
(-0.162986213173831 3.4720468831083e-06 442.371627593306)
(-0.317377481574051 0.549597806052352 442.250752416861)
(-0.197352101608109 0.341706019838378 442.311858399464)
(-0.0817782074646699 0.141511067861398 442.371796759078)
(-0.319228267827633 -0.552814682166181 426.303001111708)
(-0.179423016839061 -0.310651088859258 425.801706451333)
(-0.0937008771219872 -0.162173546018049 425.257217409612)
(-0.635489882012598 1.70106202630409e-06 426.304101451015)
(-0.356417033357528 1.68196550770597e-06 425.802286915354)
(-0.186454270716756 2.66580457537188e-06 425.257697232798)
(-0.319227846037659 0.552818599759851 426.303003062952)
(-0.17942251378848 0.310655438836451 425.80170821215)
(-0.0937005118426802 0.162178904811034 425.257218626284)
(0.317653336206911 0.550272998900134 426.304155635909)
(0.178100475257388 0.308556326546408 425.80232168571)
(0.0931166030115916 0.161401470065355 425.257665365436)
(0.638286043447122 2.35980466227997e-06 426.302962058087)
(0.358663029506482 2.6371498332723e-06 425.801673159344)
(0.187206548934863 3.00043376057208e-06 425.257189074479)
(0.317652102030248 -0.550267538668386 426.304157366799)
(0.178098611109074 -0.30854979073567 425.802322625453)
(0.0931160107852304 -0.161395146419138 425.257663946108)
(0.278443672942898 0.482364037978681 421.805163121447)
(0.403630316858987 0.699215867723696 422.006748874252)
(0.171309128287313 0.296838585134952 420.15010324024)
(0.560081066092254 5.03677837279745e-07 421.80707575389)
(0.811128974495179 4.19871846240519e-07 422.007617373395)
(0.344190937386437 1.63612115375258e-06 420.151369025412)
(0.278444202724914 -0.482361431468829 421.805167667879)
(0.403631375051803 -0.69921355848183 422.006751163455)
(0.171310240546198 -0.296835350319097 420.150100416511)
(-0.28012416304943 -0.485176779181212 421.807216742752)
(-0.405692878676779 -0.702677804083774 422.007720706604)
(-0.172203960123486 -0.298193019997783 420.151266413745)
(-0.557007667175922 1.76139485015302e-06 421.805047468381)
(-0.807376587412109 2.0833107665731e-06 422.006691121179)
(-0.342767146502538 2.58047035142764e-06 420.150183717028)
(-0.280126956698391 0.485182623194069 421.807221689268)
(-0.405697644845121 0.702686870422908 422.007724367383)
(-0.172205712363706 0.298199303070712 420.151262151165)
(-8.41231872870646 -14.5705625893512 497.891605603062)
(-4.659390003281 -8.07029842651955 484.203040717366)
(-3.32114163479105 -5.75238587570186 471.267999710017)
(-16.8246383573639 -1.37470226296458e-08 497.891610162627)
(-9.31878196934726 -1.38706157651955e-08 484.203042608567)
(-6.6422841143164 -1.65778476102378e-08 471.268000126347)
(-8.41231873094383 14.5705625629746 497.891605609633)
(-4.65939000904915 8.0702983978129 484.203040719643)
(-3.32114163810336 5.7523858426016 471.267999709237)
(8.4123201156495 14.5705625439276 497.891605673573)
(4.65939158714463 8.07029836162316 484.203040797266)
(3.32114344245499 5.75238582237141 471.267999752293)
(16.8246398622702 -1.68311232233434e-08 497.891610354513)
(9.31878373870028 -2.02639157630566e-08 484.203042795917)
(6.64228595447212 -1.97379289541524e-08 471.268000198535)
(8.41232012062753 -14.5705625763601 497.891605678323)
(4.65939159428027 -8.07029839986041 484.20304080129)
(3.32114344483926 -5.75238585956527 471.267999753701)
(6.32074747474813 10.9478557702167 -0.0325753522488834)
(2.76127317880028 4.78266549989172 1.37599335479158)
(0.410954107171006 0.711793412982059 0.353768282543011)
(0.0149717829888709 0.0259318891608885 0.0192742244359526)
(9.60617385600837e-05 0.000166383813291467 0.000176879103389419)
(2.56891802642909e-08 4.4491753286064e-08 2.39311085239331e-07)
(-9.97318359901333e-09 -1.72778725578088e-08 -1.58065640412579e-08)
(-2.8880922766196e-09 -5.00661520962121e-09 -1.11064199765313e-08)
(-1.89283799441364e-10 -3.31900641549111e-10 -1.03439196610387e-09)
(-5.80809990080364e-13 -3.60979082103806e-12 -1.04921775787225e-11)
(4.74769137275105e-13 -1.76558896746521e-12 -2.44109461092846e-14)
(8.91266458070126e-13 -8.94569793215866e-13 3.13212123273551e-13)
(9.88692957995329e-13 -1.0608539318432e-12 1.40794115922816e-12)
(7.64643017699839e-13 -1.52228824730149e-12 1.34283931826114e-12)
(6.22408228453011e-13 -2.63849628443073e-13 -3.72662294683042e-13)
(23.5006799572151 40.70436945291 1.60395959376132)
(12.7631594733434 22.1064395475996 10.3104210146243)
(2.04573745782664 3.54332116863526 2.95050345608778)
(0.0601934416290697 0.104258104681344 0.132224726857391)
(0.000216254617029704 0.000374564015617909 0.000741146898237533)
(-2.25750229141276e-08 -3.91053825121094e-08 3.95906885318158e-07)
(-3.23576980162724e-08 -5.60516811441381e-08 -5.14603695777931e-08)
(-7.37701731488293e-09 -1.2783907565404e-08 -2.27847951849324e-08)
(-2.12019253903591e-10 -3.725336084836e-10 -1.41776758830695e-09)
(9.0136684654375e-14 -2.00574142250412e-12 -8.89860903283978e-12)
(9.30473613050362e-13 -5.97203160416501e-13 -3.15067309091005e-13)
(1.00666998088849e-12 -1.09036168821219e-12 2.64748955566267e-13)
(9.71217174430136e-13 -1.00831993891933e-12 1.40828224594307e-12)
(1.11676209446821e-12 -3.06708835922419e-13 8.00398271512094e-13)
(1.59613838945705e-12 1.68536342820016e-12 -6.49086604685049e-13)
(49.0823345545691 85.0130899141421 44.699305576988)
(33.2988348579029 57.6752697742867 41.5220690554928)
(5.99983029401557 10.3920090953931 12.653903788223)
(0.167010037507256 0.289269820298982 0.529680207613391)
(0.000484698957228064 0.000839523288312591 0.00233789250878895)
(-1.61274139526672e-08 -2.793768874897e-08 8.04902549268666e-07)
(-5.32219847630647e-08 -9.2189325246476e-08 -1.09882278138844e-07)
(-1.24379313119812e-08 -2.15493884278159e-08 -4.1340794811452e-08)
(-4.50183602292388e-10 -7.84615286988134e-10 -2.41425401377547e-09)
(-5.00479624655626e-13 -3.84116515631852e-12 -1.40427755665066e-11)
(1.43754802533119e-12 -4.04709890251928e-13 1.50431538175388e-13)
(8.51562202481306e-13 -1.72964478181341e-12 4.32840263647463e-13)
(8.95786325502671e-13 -1.44920282202554e-12 1.15470579690861e-12)
(1.76514792253629e-12 2.24952904550799e-13 4.06686965516675e-13)
(1.62788118288888e-12 6.23173884660653e-13 -8.72011931853634e-13)
(80.8550293455189 140.044992626976 238.34383345665)
(52.4751267553155 90.8895672290544 119.68888548445)
(9.04497245987382 15.666346633159 33.1865804291358)
(0.250249333647044 0.433444097319019 1.36420169164891)
(0.000717531484986656 0.00124279921976322 0.00551280616838456)
(1.52943788805348e-08 2.64865074966874e-08 1.60631243428712e-06)
(-6.57484148916421e-08 -1.13885080100363e-07 -1.87152702072781e-07)
(-1.56499883451726e-08 -2.71126042537231e-08 -6.90435798781868e-08)
(-6.5229419885306e-10 -1.1335355025415e-09 -4.39722440391673e-09)
(-1.66016020012977e-12 -6.08322907625663e-12 -2.7127896121056e-11)
(1.51950620512319e-12 -7.87588245839297e-13 5.34482433412711e-13)
(1.41360207567304e-12 -9.88397171875343e-13 6.09137149800174e-13)
(1.53340549521884e-12 -7.39552439942911e-13 7.31008035689927e-13)
(1.82455259893204e-12 -6.92364575509207e-15 -1.88251077982851e-15)
(1.46234903920597e-12 -1.05489532276419e-12 -7.05670279841752e-13)
(12.6416741046348 -2.34933993113445e-09 -0.0325773304099746)
(5.52260550085958 3.01503637647433e-10 1.37601174621049)
(0.821909057838056 -1.16202464099184e-11 0.35376915429284)
(0.0299431628793851 -1.40001626131295e-11 0.0192739474178842)
(0.000192118817558772 2.80473971938047e-13 0.000176874069998477)
(5.13725029905743e-08 1.70811316262346e-13 2.39306402599279e-07)
(-1.9949912068982e-08 -1.53361417931443e-14 -1.58046287449872e-08)
(-5.77812251690262e-09 -6.44077947735083e-14 -1.11039642592047e-08)
(-3.81372092802381e-10 -2.28661309550016e-15 -1.0339071557432e-09)
(-2.19964351878797e-12 -3.35667547625111e-13 -1.0316457656516e-11)
(-1.67690867327014e-13 -4.64284295869629e-13 1.20212946133297e-13)
(-1.79973388736593e-13 -5.19251388783465e-13 1.12803561655552e-13)
(-1.77494153260123e-13 -3.53978829948026e-13 3.79926555072488e-13)
(-1.26408805019528e-13 -1.58108263661578e-13 -1.43490307442996e-13)
(1.13084517776672e-13 -2.66738677388978e-13 -1.18685364542567e-12)
(47.0012999537551 -1.94740266541492e-08 1.60388542907245)
(25.5264286200762 -9.36380631244472e-09 10.310464388075)
(4.09152767211199 -1.36565154505793e-10 2.95053264369593)
(0.120389310379695 1.58331363436597e-11 0.132226289503318)
(0.000432519251677655 5.0950519959937e-15 0.000741152138911213)
(-4.51506656252605e-08 1.89133478815482e-13 3.95904787812828e-07)
(-6.47182738984453e-08 5.26706809965934e-14 -5.14606391357574e-08)
(-1.47578865805817e-08 7.64823350096094e-14 -2.27842420834572e-08)
(-4.24872133245694e-10 2.00657161238363e-13 -1.41690544790376e-09)
(1.35977856484817e-12 -4.33415654173261e-13 -8.78546619539157e-12)
(2.76555731954862e-12 -3.36921540191725e-13 2.07039900698226e-13)
(2.65887342079493e-12 -5.03337874401881e-13 2.07964274053216e-13)
(2.83246432189079e-12 -5.15554175811618e-13 4.48536151501088e-13)
(2.98050927992278e-12 1.21217905228868e-15 -2.60995505034379e-13)
(2.91830347885996e-12 -2.53622455491765e-13 -1.84781636215578e-12)
(98.1632336975404 4.14756838878357e-08 44.698781579997)
(66.5972227909929 2.08011321252546e-09 41.5216688682548)
(11.9997876190872 -7.41815454089675e-09 12.6539913127796)
(0.334034009051742 -4.8772490414614e-11 0.52969534781838)
(0.000969486276702002 9.20792821127665e-13 0.00233801429626296)
(-3.22272014056418e-08 2.39383742164246e-13 8.04964715177365e-07)
(-1.06445859845433e-07 1.7778515097395e-13 -1.09881810425976e-07)
(-2.48793046366833e-08 1.92550744452813e-13 -4.13405105811202e-08)
(-9.02857405934105e-10 1.01736966150117e-13 -2.41300750885809e-09)
(1.06042429344856e-12 -2.71149751624728e-13 -1.34956777248492e-11)
(5.02210118002643e-12 -3.15391357869216e-13 4.51023928492509e-13)
(5.16567713552931e-12 -3.65246936384536e-13 1.90163350614907e-13)
(4.93075192911676e-12 -2.74095411104171e-13 3.72719959753164e-13)
(5.0323705785957e-12 2.33488746097646e-13 -6.79716623056052e-14)
(2.97400637764125e-12 -1.60063829497185e-13 -1.91590184561499e-12)
(161.708275164552 -2.106284653793e-07 238.343605847027)
(104.948077166972 4.65639178819323e-08 119.687423186912)
(18.0897908202637 -3.94335416517978e-08 33.1863706344232)
(0.500514746619617 -1.98846578337715e-09 1.3642386056909)
(0.00143516864782725 -5.84977061893421e-12 0.00551324572956816)
(3.06294495404938e-08 1.6528665440986e-13 1.6065778630692e-06)
(-1.31497353747305e-07 1.59090734592165e-13 -1.87151723419233e-07)
(-3.13010704283667e-08 1.89350878153732e-13 -6.90433525397848e-08)
(-1.30285531540531e-09 -7.43949340285991e-15 -4.39707531801281e-09)
(-1.07794893109274e-12 -1.58598238678707e-13 -2.6535246488641e-11)
(5.79142009258506e-12 -4.79480199170865e-13 3.37346072832192e-13)
(5.75433251886294e-12 -1.34706696946512e-13 5.16177886138089e-13)
(5.31820477542131e-12 -1.74922020161031e-13 5.55182194364178e-13)
(5.42230369226478e-12 8.35712206135979e-14 -5.23142611625021e-14)
(3.94902058610079e-12 -5.12488821347911e-14 -1.21111794781205e-12)
(6.32074755134048 -10.9478559155582 -0.0325753404721234)
(2.7612731819643 -4.78266550951422 1.37599336566316)
(0.410954099907611 -0.711793401026933 0.353768277775704)
(0.014971782554306 -0.0259318884433069 0.0192742239153378)
(9.60617368072301e-05 -0.000166383810530283 0.000176879101088459)
(2.56890134468116e-08 -4.44915352618812e-08 2.39311735879178e-07)
(-9.97319544736193e-09 1.72779328283991e-08 -1.58061581676395e-08)
(-2.8879334196621e-09 5.00634605705314e-09 -1.11065159510654e-08)
(-1.89110479801056e-10 3.31583949526753e-10 -1.03341444562019e-09)
(-3.79085733441067e-13 3.35356564635612e-12 -9.77255317944072e-12)
(8.285682769905e-13 1.23754260514373e-12 -2.80746192999466e-14)
(8.67059105318239e-13 1.28645649586958e-12 -1.78177628648545e-13)
(5.57206168151842e-13 2.03373902331592e-12 9.16595647903531e-13)
(9.51879929817828e-13 9.01933055768629e-13 1.48252816565792e-12)
(8.05212655568894e-13 1.82526272890117e-13 -3.90902940712688e-13)
(23.5006801245293 -40.7043698380331 1.60395966613518)
(12.7631595899782 -22.106439796153 10.3104211548781)
(2.04573746088918 -3.54332117711751 2.95050346235747)
(0.0601934406159824 -0.104258102811082 0.132224724246856)
(0.000216254605147989 -0.00037456399463032 0.000741146867782412)
(-2.25753436803434e-08 3.91058056351372e-08 3.95907245132174e-07)
(-3.23576009849368e-08 5.60514619610824e-08 -5.1460396342307e-08)
(-7.37662957630593e-09 1.27831611748707e-08 -2.27850182452794e-08)
(-2.12516083293034e-10 3.7280117729474e-10 -1.41692356669151e-09)
(5.98468163881287e-13 1.5463371364865e-12 -8.78039380450775e-12)
(1.31502192411305e-12 9.90065379205564e-14 -3.13183113175341e-14)
(1.46680324806622e-12 5.92159886952906e-13 1.04859910190846e-13)
(1.27173181332933e-12 8.87259135829701e-13 7.83769512303379e-13)
(1.38596991852641e-12 -3.08034932019415e-13 6.87028037564804e-13)
(1.9198018276084e-12 -2.01275658446589e-12 -5.45190749511486e-13)
(49.0823340722849 -85.0130893632406 44.6993054801369)
(33.2988349662184 -57.6752701332819 41.52206924073)
(5.99983035732912 -10.3920092632687 12.653903984824)
(0.167010038918561 -0.289269823962011 0.529680212403667)
(0.000484698955524948 -0.000839523280218992 0.00233789246609577)
(-1.61276201653288e-08 2.79379086834844e-08 8.04902717026192e-07)
(-5.32221458876941e-08 9.21892993267406e-08 -1.0988228361558e-07)
(-1.24381606670747e-08 2.15494052589466e-08 -4.13408469447486e-08)
(-4.50188616067433e-10 7.84247545372845e-10 -2.41389222243173e-09)
(1.10533176690836e-13 3.14490064986751e-12 -1.3910800547208e-11)
(1.5839314051956e-12 2.90308714947776e-13 1.47753096227157e-13)
(1.64565888941258e-12 6.49702511072096e-13 1.77528725299233e-13)
(1.71079307461051e-12 2.68447804599203e-13 5.76667277625467e-13)
(1.21352205144897e-12 6.32928288233933e-14 2.93621218278771e-13)
(1.6034340646323e-12 -7.29460979903516e-13 -4.50166461073038e-13)
(80.8550272291881 -140.044989838032 238.343831365541)
(52.475125920916 -90.8895663829658 119.688884158613)
(9.04497268395535 -15.6663471959752 33.1865807463444)
(0.250249347017782 -0.433444133544904 1.36420174487379)
(0.000717531535189458 -0.00124279934339068 0.00551280638431221)
(1.52941478545305e-08 -2.6485997948174e-08 1.60631246229525e-06)
(-6.57486174524861e-08 1.13885135928508e-07 -1.87152716787572e-07)
(-1.56502851374321e-08 2.7112491573794e-08 -6.90437536029507e-08)
(-6.52390032080969e-10 1.13358328852043e-09 -4.39687683537792e-09)
(-1.30048253018764e-12 5.63107732188088e-12 -2.64700923236301e-11)
(1.98711556731058e-12 2.8127907443473e-13 1.66798112983287e-13)
(1.73568491350724e-12 3.59994448752213e-13 3.35365600374133e-13)
(1.68359531855564e-12 6.04093011674571e-13 5.69799821234907e-13)
(1.54619677497395e-12 8.29802087897077e-14 -1.11158408284357e-13)
(1.82175781857146e-12 4.18468369311475e-13 -4.79197070359213e-13)
(-6.32084444842086 -10.9480247784693 -0.032577075757045)
(-2.76130484777525 -4.78272064798327 1.37601314806017)
(-0.41095448323444 -0.711794086429709 0.353769167322955)
(-0.0149715681645635 -0.025931518901925 0.0192739306192029)
(-9.60593162963488e-05 -0.000166379624574459 0.000176873907165082)
(-2.56874064918e-08 -4.44885778712834e-08 2.39305289345469e-07)
(9.97310118224609e-09 1.72777955592672e-08 -1.58065456588144e-08)
(2.88805691777395e-09 5.00645348337274e-09 -1.11063251457224e-08)
(1.8920738404477e-10 3.31868357090541e-10 -1.03369383471611e-09)
(1.35261406226352e-13 3.21726290652221e-12 -9.66457559884109e-12)
(-1.07658233858583e-12 1.25044329088089e-12 3.65108799869549e-14)
(-1.23483653491064e-12 8.25059697749391e-13 -2.34021460586818e-13)
(-1.13581702263714e-12 1.0265769812858e-12 8.64369121463761e-13)
(-5.76440292882967e-13 1.38910412860151e-12 1.35986643665953e-12)
(-5.61138871380833e-13 3.35738141294772e-13 -3.43464081294163e-13)
(-23.5006606909841 -40.7043423273501 1.60388600943103)
(-12.7632227570538 -22.1065523568158 10.3104722461649)
(-2.04576504612659 -3.5433692474507 2.95053431636352)
(-0.0601946549334903 -0.104260206922046 0.132226271940319)
(-0.000216259365478105 -0.000374572249299608 0.000741151348076797)
(2.25740996212275e-08 3.91039303447991e-08 3.95903284015404e-07)
(3.23576931487053e-08 5.60516234024013e-08 -5.14604465886919e-08)
(7.37705152713956e-09 1.27838595797734e-08 -2.27845282469417e-08)
(2.11736151584407e-10 3.71948528379121e-10 -1.41744781874383e-09)
(-5.12205738740756e-13 1.50205166891334e-12 -8.49336690672149e-12)
(-1.3800156026964e-12 -5.34333107938351e-14 -1.66317212203991e-13)
(-1.42847417583974e-12 4.3125310426185e-13 -1.10396603788904e-14)
(-1.13225585574083e-12 8.87187000565773e-13 1.04735238470081e-12)
(-1.10287495846874e-12 1.16497823291081e-13 9.13324825668783e-13)
(-1.61819815471246e-12 -1.69203037303536e-12 -5.84853527735362e-13)
(-49.0815992174931 -85.0118245340195 44.6987751467907)
(-33.2986158966611 -57.6748975361785 41.5216718570794)
(-5.99989938001748 -10.3921317383248 12.6540009969456)
(-0.167017254053654 -0.289282400151147 0.52969591814662)
(-0.000484743846054185 -0.000839601026655822 0.00233801571257133)
(1.61124580779164e-08 2.79120844587963e-08 8.04963387821266e-07)
(5.32222128512087e-08 9.21894581740429e-08 -1.09881832620312e-07)
(1.24382565622624e-08 2.15497217949013e-08 -4.13407007351108e-08)
(4.50246536532905e-10 7.84569252855244e-10 -2.41402253399738e-09)
(2.052869662095e-13 3.59842948637257e-12 -1.38552972959012e-11)
(-1.62663201864964e-12 5.32870120805503e-14 1.89123631481759e-13)
(-1.17394998009971e-12 1.31078577102129e-12 2.9106549565204e-13)
(-1.03483344199269e-12 1.24905267378345e-12 9.44970668225275e-13)
(-1.81179675783479e-12 -4.29698302682714e-13 4.13024024961525e-13)
(-1.83745611199508e-12 -1.00228353577821e-12 -7.77640114930773e-13)
(-80.8540799929355 -140.043397979175 238.343522180063)
(-52.4740105928195 -90.887654970655 119.687365298226)
(-9.04490459173565 -15.6662379083388 33.1863811923465)
(-0.250258256370957 -0.43346018034253 1.36424121233139)
(-0.000717588086399901 -0.00124289955593524 0.00551326185776412)
(-1.53156181180486e-08 -2.65232673043672e-08 1.60658278522347e-06)
(6.5748454452817e-08 1.13884671083213e-07 -1.87151629577745e-07)
(1.56502240702034e-08 2.71125550611717e-08 -6.90436447582412e-08)
(6.52239451799866e-10 1.13351875855531e-09 -4.39722269666425e-09)
(1.49791207790372e-12 5.78613152266106e-12 -2.69834860963845e-11)
(-1.63687597640982e-12 5.78934381705365e-13 5.84499984669042e-13)
(-1.57225636180928e-12 6.46666685891785e-13 5.49934849810355e-13)
(-1.55713226118367e-12 5.08531078573361e-13 6.03934295399577e-13)
(-1.93090776529523e-12 -4.66674583790962e-13 -5.85756216353061e-14)
(-1.73616293401991e-12 5.73801722862861e-13 -5.7501505346787e-13)
(-12.6414856929315 -6.33002475549252e-09 -0.0325756008759986)
(-5.52254411021931 -2.07303690097397e-09 1.37599253247183)
(-0.821908371742624 -2.97958052498269e-10 0.353768309085271)
(-0.029943586417728 -1.73813604925494e-11 0.019274237090903)
(-0.000192123603429395 -1.77167172930631e-13 0.000176879205945755)
(-5.13758563189488e-08 -1.13437412179156e-13 2.39312335805979e-07)
(1.99499668004569e-08 2.69348048565246e-14 -1.58046651269176e-08)
(5.77816627050649e-09 4.73257130521842e-14 -1.110385752264e-08)
(3.81181875731845e-10 -6.66382095809162e-14 -1.03334742792811e-09)
(2.04382731436364e-12 1.10520754391525e-13 -1.02347176718293e-11)
(6.71413281904206e-14 1.09464601970779e-13 1.1605470118002e-13)
(1.12931403990192e-13 2.11371899125014e-13 6.12290124141596e-14)
(1.22500086089944e-13 1.91304587453832e-13 2.21323808067279e-13)
(1.04813768242474e-13 -1.16506743196435e-13 -1.67261631973026e-13)
(-1.46787428005329e-14 1.44638482520171e-13 -1.14838200793225e-12)
(-47.0013419881016 -4.7361911710447e-08 1.60395814718889)
(-25.5263067605071 -2.32317837972046e-08 10.3104153913863)
(-4.09147372954304 -1.57435632432599e-09 2.95050262188202)
(-0.120386912575399 5.78665143819604e-11 0.132224767145246)
(-0.000432509761001336 4.53382990163992e-14 0.0007411476206203)
(4.5152855821761e-08 -9.35807374424318e-14 3.95908216113105e-07)
(6.47184520092899e-08 5.15706660403383e-14 -5.14606029890327e-08)
(1.47578250981385e-08 5.17461154772263e-14 -2.27842594718244e-08)
(4.24803532228644e-10 -2.40369033165514e-13 -1.4167088451105e-09)
(-2.09707654391688e-12 1.87426574586373e-13 -8.75276317788816e-12)
(-3.50802654827835e-12 8.75183390811769e-14 2.84226060924762e-13)
(-3.28176445827813e-12 2.29886513158144e-13 3.10070574506925e-13)
(-2.84408155236603e-12 2.96281820413505e-13 3.45196716126705e-13)
(-3.11433211959817e-12 -2.20055180503852e-13 -2.67265636495565e-13)
(-3.01977859601326e-12 9.36511708052994e-14 -1.79320080933037e-12)
(-98.1646860652217 -1.41044081897272e-07 44.6993089785754)
(-66.5976557594848 -8.45857884884645e-08 41.5220633833522)
(-11.9996528045926 -2.90286956151961e-08 12.653896846096)
(-0.334019813074009 -6.09509483798768e-10 0.529679926647205)
(-0.000969397457604823 2.49862726630653e-12 0.00233789252689266)
(3.22572182787817e-08 -6.1556342683529e-14 8.0490422824169e-07)
(1.06446562567618e-07 -5.00742814918559e-14 -1.09882161976282e-07)
(2.48790996940748e-08 -3.19152593056551e-14 -4.1340487001126e-08)
(9.03227154709974e-10 -1.15026581072642e-13 -2.41289231674204e-09)
(-1.33284172710523e-12 1.24434875822109e-13 -1.34682052702072e-11)
(-5.18327885445156e-12 1.29314813789088e-13 5.31422575157033e-13)
(-5.56239446712328e-12 1.72429325652336e-13 2.51383857021068e-13)
(-5.21238594066478e-12 7.77983218413801e-14 3.4711840090069e-13)
(-5.36774233550946e-12 -4.70805251580673e-13 -9.86517971116158e-15)
(-3.56845101378543e-12 -3.04865279786237e-13 -1.87550334461137e-12)
(-161.710141978371 -4.32325086558653e-07 238.343890227831)
(-104.950279684033 -2.96914452980911e-07 119.688926074093)
(-18.0899243134785 -8.67438333468047e-08 33.1865718437232)
(-0.500497115285417 -6.5270161774294e-09 1.36419991585351)
(-0.00143505707351498 -1.83453404589826e-11 0.00551279648259882)
(-3.05868038634667e-08 7.46447229811404e-14 1.60631024781664e-06)
(1.31497466998317e-07 -9.9327376404508e-14 -1.87153068530414e-07)
(3.13011940843403e-08 -1.55882380774603e-13 -6.90432065448611e-08)
(1.30293770502536e-09 -1.58076030183883e-14 -4.39709987045687e-09)
(1.00711048315876e-12 9.77439235610848e-14 -2.63899830789964e-11)
(-5.74844832339478e-12 3.33594975882059e-13 3.68724004257334e-13)
(-5.8761633538041e-12 -7.99765579758028e-14 4.83592757371525e-13)
(-5.50015367937902e-12 -1.28484918602769e-13 4.70060191287693e-13)
(-5.77824258632803e-12 -3.57760465155938e-13 -2.3908314203963e-14)
(-4.40276422168864e-12 -3.23626991264405e-13 -1.05891881245877e-12)
(-6.32084462507751 10.9480250797141 -0.0325770639913365)
(-2.76130488385108 4.78272071106631 1.37601317652363)
(-0.410954477506332 0.711794076453969 0.353769163720766)
(-0.0149715676818126 0.0259315180373639 0.0192739299605666)
(-9.60593135087885e-05 0.000166379620292344 0.000176873902222956)
(-2.5687122561894e-08 4.44885554566978e-08 2.39305638930847e-07)
(9.97319218339737e-09 -1.72779740386969e-08 -1.58062999800573e-08)
(2.88801066563699e-09 -5.00642836263822e-09 -1.11065123278986e-08)
(1.89064606536005e-10 -3.31642088240538e-10 -1.0333874763427e-09)
(-2.73651736343546e-14 -3.6785031085859e-12 -9.7712691728657e-12)
(-1.42903432119353e-12 -1.56679797941393e-12 5.44441668119683e-14)
(-1.45022921360865e-12 -1.40432523085918e-12 -1.77037542698972e-13)
(-8.26255404496975e-13 -2.02784108781823e-12 4.95331379295719e-13)
(-1.06752955757209e-12 -1.23916270271228e-12 1.32695892747442e-12)
(-1.09057946584774e-12 -2.47641299149928e-13 -1.77263672775065e-13)
(-23.5006610278876 40.7043428712953 1.60388605321439)
(-12.7632230051147 22.1065527676401 10.3104724525808)
(-2.04576507239367 3.54336929263807 2.95053434873781)
(-0.0601946543086476 0.104260205871039 0.132226270107553)
(-0.000216259354371943 0.000374572230310083 0.000741151315885341)
(2.2574549671709e-08 -3.91043051653868e-08 3.95903578550034e-07)
(3.23577070657159e-08 -5.60516925928627e-08 -5.14604719107812e-08)
(7.37689419381463e-09 -1.27834253801379e-08 -2.27849100369249e-08)
(2.12476454187916e-10 -3.72788086350229e-10 -1.41695719443583e-09)
(-8.50072260951768e-13 -1.71502096940999e-12 -8.81225186002579e-12)
(-1.69219383326036e-12 -2.16646984174302e-13 -1.53159147350173e-14)
(-1.81982718049612e-12 -6.34581959063449e-13 9.87203132427797e-14)
(-1.59014112913752e-12 -8.12275354240395e-13 5.90792558178376e-13)
(-1.39130369190177e-12 -1.39996300527136e-13 4.1639956225801e-13)
(-2.30695869648605e-12 2.10701400062021e-12 -3.50700373355704e-13)
(-49.0815986133735 85.0118235681767 44.6987749246947)
(-33.2986160785513 57.6748978530885 41.5216719379445)
(-5.9998995686631 10.3921320500578 12.6540012877462)
(-0.167017260932068 0.289282411967146 0.529695933115732)
(-0.000484743856473045 0.000839601046705099 0.00233801572428078)
(1.61127939150792e-08 -2.79122646180764e-08 8.04963328164894e-07)
(5.32219887485739e-08 -9.21889395480952e-08 -1.09882161092823e-07)
(1.24382414536147e-08 -2.15494716122229e-08 -4.13408567653799e-08)
(4.50311049460747e-10 -7.84357862124408e-10 -2.41390798190076e-09)
(-2.35328768595162e-13 -3.21534985893373e-12 -1.39576772383362e-11)
(-1.77938440310125e-12 -4.03682884230802e-13 1.65669594265874e-13)
(-1.90699944884663e-12 -6.97483648472461e-13 1.63533378168542e-13)
(-1.95794509130076e-12 -3.08737811181831e-13 4.10259304801942e-13)
(-1.32716118997417e-12 -3.9158110509345e-13 1.34532727347244e-13)
(-1.68774400418437e-12 3.67677194474188e-13 -2.89169138172282e-13)
(-80.8540785716558 140.043395084088 238.343518836951)
(-52.4740097876358 90.8876536637196 119.687363335458)
(-9.04490503888448 15.666238602713 33.1863816047767)
(-0.250258290141996 0.433460234844338 1.36424129747792)
(-0.000717588213763629 0.00124289976485914 0.00551326232223968)
(-1.53155875714576e-08 2.6523470350669e-08 1.60658271380193e-06)
(6.57486594819539e-08 -1.13884871031153e-07 -1.87151740761463e-07)
(1.5650410480524e-08 -2.71127386634702e-08 -6.90436560220047e-08)
(6.52347189827779e-10 -1.13355280675683e-09 -4.39708813866552e-09)
(1.20477983420909e-12 -5.54867617349328e-12 -2.63925769003259e-11)
(-2.07484780946074e-12 -3.94372927037863e-13 1.29391918565272e-13)
(-1.89528323376017e-12 -4.57186890962352e-13 2.49072933532576e-13)
(-1.85619444880761e-12 -6.58768679790677e-13 4.50355651908085e-13)
(-1.57467655882318e-12 -3.91016581517203e-13 -2.10337734789919e-13)
(-1.91328622621691e-12 -7.58971452436347e-13 -2.08829412342336e-13)
(60.8927120521703 105.469339234786 459.240280501884)
(45.7951101409285 79.3194274998667 219.410765432834)
(8.75577942658354 15.1654280576965 49.2381005915745)
(0.274524489943659 0.475487916332738 2.11612069059065)
(0.00100017597916618 0.00173234437205504 0.00920261601448011)
(1.65446187102608e-07 2.86555782328514e-07 2.81219321163481e-06)
(-6.04859364064652e-08 -1.04768538670689e-07 -2.57989065533312e-07)
(-1.57936790979097e-08 -2.73594515924075e-08 -9.53050691243804e-08)
(-8.20575055919946e-10 -1.42448197750133e-09 -6.77676909655548e-09)
(-3.86515817732888e-12 -9.6671990982142e-12 -4.64945052156784e-11)
(1.22652526994769e-12 -1.27548451490904e-12 5.14138525938048e-13)
(1.33490772969332e-12 -7.97740433756483e-13 6.22481021047144e-13)
(1.39463949785555e-12 -8.04870708455893e-13 7.05767297217098e-13)
(1.60900476269952e-12 -3.70887872115175e-13 2.18730187122506e-13)
(1.31203734385844e-12 -1.56777430938661e-12 -4.93431747226345e-13)
(24.7620793581744 42.889205554946 465.559223812555)
(30.5530750689486 52.9194077929761 280.94935111906)
(8.99425621516764 15.5784623860505 66.6849601273142)
(0.359323267314659 0.622361384124005 3.10108611991194)
(0.00149078632480497 0.00258208569569134 0.0145240903252649)
(3.7302295887437e-07 6.46082420513221e-07 4.80643040625292e-06)
(-4.2525436726768e-08 -7.36591698014483e-08 -3.07042319719505e-07)
(-1.21521853946228e-08 -2.10500628102978e-08 -1.13485155830815e-07)
(-7.55409755143837e-10 -1.31162673786411e-09 -8.92277900583972e-09)
(-3.94875094012784e-12 -9.23746507160865e-12 -6.813345835216e-11)
(8.00799339774154e-13 -1.17257020168474e-12 4.16203214696652e-13)
(1.15734721169724e-12 -5.65180860872908e-13 5.12171548098664e-13)
(1.13483610830621e-12 -6.37316618950156e-13 6.00216301123653e-13)
(1.54698247451716e-12 -2.31398620016768e-13 1.76626481417237e-13)
(1.58781520693139e-12 -7.77129128293054e-13 -4.16953241688075e-13)
(9.53495096420642 16.5152309019969 457.805886237476)
(13.4447517140328 23.2869871783093 308.659024614092)
(4.58517529988064 7.94172836946015 80.667941023222)
(0.198334471955827 0.343521951838143 3.97336553376487)
(0.000887392112752391 0.00153698530890859 0.0197290766844246)
(2.37022100474927e-07 4.10521204785475e-07 6.96371209171156e-06)
(-1.94414357632557e-08 -3.36750246454805e-08 -3.34421074691571e-07)
(-5.48435594159944e-09 -9.49959520759611e-09 -1.24393800041235e-07)
(-3.54898056701552e-10 -6.16451708600985e-10 -1.04289919390519e-08)
(-1.57135953281096e-12 -4.5571588568525e-12 -8.54954334242011e-11)
(6.1840218208549e-13 -4.36369497627882e-13 3.76586356930104e-13)
(1.03024610076307e-12 -1.95898543477058e-13 5.22291269031872e-13)
(1.17415320199905e-12 -2.05075191259747e-13 5.86677399016906e-13)
(1.48805497371448e-12 -3.36226500835147e-13 3.50299160117611e-13)
(1.14487519429182e-12 -1.14422351829311e-12 -3.34789600705587e-13)
(121.792479927944 -2.1930659100709e-06 459.246078394689)
(91.5920592640851 -3.32412229304243e-07 219.408517313262)
(17.5109360603005 2.18455748555765e-07 49.2372016740783)
(0.549022835904669 -3.83666557732016e-09 2.11616126461661)
(0.00200036630866348 -1.84183326466339e-11 0.00920342971385998)
(3.309274213565e-07 1.11302492980673e-13 2.81265990891366e-06)
(-1.20974001263316e-07 2.0976372964882e-13 -2.57987703444487e-07)
(-3.1588962818089e-08 1.26948204880531e-13 -9.53045086501257e-08)
(-1.64167550654822e-09 4.17255892202508e-14 -6.77641830427565e-09)
(-6.89205187868467e-12 -3.01552820386637e-14 -4.59607430885914e-11)
(4.07669959220517e-12 -4.44908742125388e-13 2.79015283119071e-13)
(3.81049931033685e-12 -1.81992293960697e-14 3.83933017549149e-13)
(4.12455174790626e-12 1.94863935993921e-14 4.54698344700749e-13)
(3.46133278168026e-12 4.16583940651772e-13 9.50359061673354e-14)
(3.08571718042529e-12 3.81006734716738e-13 -8.6666752348516e-13)
(49.5353058035344 -1.30429565188948e-06 465.562156776746)
(61.1128427206863 4.72301688577557e-07 280.947924189889)
(17.9885583308549 7.68179398625476e-07 66.684160169017)
(0.718572799226395 1.77842426764534e-08 3.10110660512867)
(0.00298098129212024 4.81997416608855e-11 0.014524715419019)
(7.45841360343872e-07 3.90708836238447e-14 4.80691637538279e-06)
(-8.50543226249543e-08 2.90441898340715e-13 -3.07041338425056e-07)
(-2.43052653862744e-08 -5.11675358070342e-14 -1.13484579324919e-07)
(-1.51080556215918e-09 -2.58156053787798e-14 -8.9227092918443e-09)
(-7.26795300786328e-12 -1.51340201212972e-13 -6.78832891826727e-11)
(2.99289066787108e-12 -3.8382296522469e-13 4.16758193494195e-13)
(2.86217673154292e-12 -1.62172410790894e-13 4.68121541264322e-13)
(2.8391566988098e-12 -1.01893470769814e-13 5.98019092451702e-13)
(2.62945955906034e-12 5.78402644513541e-14 1.45159638491379e-13)
(3.18329091480176e-12 2.02004413969204e-13 -5.96368274115578e-13)
(19.0778245156467 -8.86544329811015e-07 457.807189144562)
(26.8936686873085 -4.36231738016982e-07 308.658908556182)
(9.1706556216229 4.9661827633965e-07 80.6677760421447)
(0.396644305125814 2.86186882154582e-08 3.97336536493972)
(0.00177440795067041 1.79388677363896e-10 0.0197290945509215)
(4.73862325479331e-07 -4.8639157930069e-14 6.96372679010147e-06)
(-3.88848667492483e-08 1.8227040980324e-14 -3.3442119532207e-07)
(-1.0969122837146e-08 2.55293063132182e-14 -1.24393781176655e-07)
(-7.09742933742028e-10 -2.57575724695975e-13 -1.04291484139129e-08)
(-3.31892214122503e-12 -9.0437523759469e-16 -8.54595027266726e-11)
(1.89674737925954e-12 -1.35559855768698e-13 3.19285837854229e-13)
(1.96512425755798e-12 -6.95907780038176e-14 5.77208516661952e-13)
(2.13282753028627e-12 5.15093747823988e-15 6.60161097255841e-13)
(2.3438919595901e-12 1.9153937165911e-13 4.96696304385518e-13)
(1.72012858757789e-12 2.66065181828266e-13 -4.20328987590856e-13)
(60.8927136115699 -105.469339534884 459.240284364286)
(45.7951088861731 -79.3194263253226 219.410761991284)
(8.75577885415321 -15.1654279186439 49.2381007467967)
(0.274524457720983 -0.475487937206926 2.11612084577642)
(0.00100017595075266 -0.00173234464675345 0.00920261709711391)
(1.65446130875124e-07 -2.86555547863185e-07 2.81219327856397e-06)
(-6.04860979699078e-08 1.04768558251067e-07 -2.57989072290517e-07)
(-1.57940131886687e-08 2.73596948777707e-08 -9.53051499082451e-08)
(-8.2086678361571e-10 1.42486094614252e-09 -6.77656615841037e-09)
(-3.60623951053848e-12 9.21008239106561e-12 -4.60062403396617e-11)
(1.95591700836932e-12 3.01877059061563e-13 1.99178245108515e-13)
(1.49502469388975e-12 5.47985257786265e-13 3.84304705182897e-13)
(1.47478539574537e-12 4.54561532691852e-13 5.36061536855279e-13)
(1.24489166732615e-12 3.56104149419545e-13 -8.84893422749269e-14)
(1.07423072409177e-12 1.36561141243293e-12 -4.39240734200732e-13)
(24.7620800604178 -42.8892057808784 465.559223839888)
(30.5530722959874 -52.919405417197 280.949348528501)
(8.99425433806292 -15.5784606561736 66.6849601285592)
(0.359323113393005 -0.622361272027934 3.10108626473497)
(0.00149078551927148 -0.00258208525748856 0.0145240917367138)
(3.73022618221735e-07 -6.46082369083744e-07 4.80643086179568e-06)
(-4.25257311024981e-08 7.36594381969849e-08 -3.07042323398757e-07)
(-1.21523560456286e-08 2.10503664724076e-08 -1.13485127925929e-07)
(-7.55405327686964e-10 1.31180813058473e-09 -8.92288092659184e-09)
(-3.94054675727614e-12 9.1131202395006e-12 -6.79353893428993e-11)
(1.59649667862703e-12 2.5728868103173e-13 3.35267847056256e-13)
(1.18389519273556e-12 4.19784913345479e-13 4.53912292870437e-13)
(1.2034795324956e-12 3.15220659150621e-13 5.30338014935825e-13)
(1.03639342845645e-12 5.75761669392128e-13 9.28541529616932e-14)
(8.7051877531383e-13 1.15403551157264e-12 -3.5176604778426e-13)
(9.53495361398764 -16.5152301786619 457.805882227869)
(13.4447501063269 -23.2869855599023 308.659022685168)
(4.58517401182463 -7.94172752769867 80.6679407646774)
(0.198334341733466 -0.343521859734811 3.97336554607434)
(0.000887391237165203 -0.00153698468474988 0.0197290769801288)
(2.37021628609177e-07 -4.10521188737976e-07 6.96371223949952e-06)
(-1.94417255447384e-08 3.36749473050678e-08 -3.3442096547179e-07)
(-5.48432164536593e-09 9.49959567579208e-09 -1.24393736994641e-07)
(-3.54506102187764e-10 6.15919407426375e-10 -1.04290109298059e-08)
(-1.5582132801228e-12 4.68259867570552e-12 -8.55191041135401e-11)
(1.11713605970465e-12 2.65781953222343e-14 3.52436008855835e-13)
(9.26157156774126e-13 1.99796396572523e-14 5.51426193542269e-13)
(1.0370366638985e-12 1.5045781232752e-13 6.28088501457097e-13)
(1.08839225099406e-12 7.51299157953936e-13 2.66406677936792e-13)
(5.30190116440264e-13 1.4691298895292e-12 -3.22696344424639e-13)
(-60.8963144574557 -105.475663845305 459.246144296088)
(-45.7960177651693 -79.321065345828 219.408381693436)
(-8.75546444684701 -15.1648984323142 49.2372032725763)
(-0.274512074228508 -0.475469094874313 2.1161667457595)
(-0.0010001903404156 -0.00173238171029784 0.00920347588679181)
(-1.65466797579647e-07 -2.8659436181705e-07 2.81267679306137e-06)
(6.04862083215504e-08 1.04769198328777e-07 -2.5798775978118e-07)
(1.57940545181984e-08 2.7359160063661e-08 -9.53050393276521e-08)
(8.20585592095928e-10 1.42455999458104e-09 -6.77681984530567e-09)
(3.85029916936386e-12 9.57474759214794e-12 -4.63881562521727e-11)
(-1.30158813710026e-12 1.03086912456453e-12 5.71326176125077e-13)
(-1.50064311611906e-12 3.35002397901409e-13 6.18471682420487e-13)
(-1.44963505981807e-12 4.54178277968876e-13 5.45687293337985e-13)
(-1.64282142876647e-12 1.02344447678897e-13 1.25476012556675e-13)
(-1.43985071952223e-12 1.43041447871127e-12 -3.12738757245074e-13)
(-24.7677819828491 -42.8991755418153 465.562110092969)
(-30.5564537901059 -52.9253396144714 280.947809407784)
(-8.99426737538681 -15.5784862634803 66.6841585022109)
(-0.359285482468694 -0.622299497893095 3.10111105591472)
(-0.00149048848765573 -0.00258159767298571 0.0145247639784203)
(-3.72921020626055e-07 -6.45915061210494e-07 4.80694330413611e-06)
(4.2526338351768e-08 7.36610364350755e-08 -3.07041521933776e-07)
(1.21522585716098e-08 2.10499489828838e-08 -1.13485081222366e-07)
(7.55494383998189e-10 1.31154539554216e-09 -8.92283984596067e-09)
(4.0493254368419e-12 9.15796821845208e-12 -6.81202294792877e-11)
(-9.85343356428158e-13 9.12888814614992e-13 4.75163669881384e-13)
(-1.27353097068173e-12 2.18047528572364e-13 4.92005953507324e-13)
(-1.24646866497256e-12 3.26338063262732e-13 5.34692627663893e-13)
(-1.36368980770059e-12 2.50299489549398e-13 2.12102002249902e-13)
(-1.68401942260207e-12 6.75452934164779e-13 -2.72085257554334e-13)
(-9.53907903334285 -16.5222354918411 457.807080771834)
(-13.446909571679 -23.2907626399333 308.658830094219)
(-4.58532686972588 -7.94198990623061 80.6677749741826)
(-0.198321429965491 -0.343500723012375 3.97336690170387)
(-0.000887195580118193 -0.00153665516323498 0.0197291063347145)
(-2.36927928036183e-07 -4.10366653691393e-07 6.96373427316541e-06)
(1.94419077980075e-08 3.36757415102553e-08 -3.34421110443202e-07)
(5.48431986454765e-09 9.4997104786223e-09 -1.24393837777746e-07)
(3.5508802950726e-10 6.16069992198547e-10 -1.04289868247999e-08)
(1.69500607709171e-12 4.63136652476521e-12 -8.55201058539627e-11)
(-8.33104151622654e-13 2.61617330875067e-13 3.73632511041171e-13)
(-8.68488601410067e-13 8.9434871869106e-14 5.23317835307515e-13)
(-9.44387521191895e-13 2.40612215574057e-13 5.66984751743699e-13)
(-1.053582104913e-12 3.91582409483013e-13 3.83677523425064e-13)
(-1.26633768716104e-12 9.36363708729544e-13 -2.49749519074407e-13)
(-121.785446455955 1.208845752484e-06 459.240163386068)
(-91.5902472388552 -4.9553144926139e-07 219.410863638865)
(-17.5115520617041 -4.27318823152782e-07 49.2381001399335)
(-0.549046939995846 -3.83548481139616e-08 2.11611605079384)
(-0.00200033544084656 -1.61919238838067e-10 0.00920257896552955)
(-3.30885684261589e-07 2.53725679428253e-14 2.81218106868253e-06)
(1.20972874858944e-07 -8.333304452703e-14 -2.57989352485463e-07)
(3.15896272361663e-08 -5.01025640458115e-14 -9.53043747770162e-08)
(1.64151301277461e-09 -2.7127567432175e-15 -6.77645505881879e-09)
(7.00071101122327e-12 7.10725625259418e-15 -4.58572829551602e-11)
(-4.09127100735935e-12 5.21354836938933e-13 3.41482674122332e-13)
(-3.7990225246597e-12 7.97294197096004e-15 4.40462278629698e-13)
(-4.07992245388281e-12 -2.17032389874192e-13 4.19087660032013e-13)
(-3.53391959230007e-12 -4.22589122397514e-13 1.4146176582723e-14)
(-3.33763130230707e-12 -6.50860300694383e-13 -7.62380442703194e-13)
(-49.5241481957082 5.03472084790734e-07 465.559221307176)
(-61.1061768700985 -1.21391355578803e-06 280.949421808523)
(-17.9885453991899 -7.61181318833566e-07 66.6849636264778)
(-0.718647913895583 -7.72210131802749e-08 3.10108181462035)
(-0.0029815723588719 -4.78537238351428e-10 0.0145240428113278)
(-7.46043187120632e-07 -2.27668984356387e-13 4.806405636861e-06)
(8.50516749024359e-08 -1.44474115008799e-13 -3.07042297503523e-07)
(2.43057658522615e-08 9.02569479490382e-14 -1.13484646629608e-07)
(1.51093454827094e-09 3.26718895137368e-14 -8.92262765415098e-09)
(7.49257235025181e-12 8.58321040143421e-14 -6.78238435982059e-11)
(-3.13189999639969e-12 1.36373832801621e-13 3.9468141946862e-13)
(-2.94599561520152e-12 -1.4418043403389e-13 4.13367730486588e-13)
(-2.92582685979757e-12 -2.1184032926053e-13 6.16042427734333e-13)
(-2.6453345127597e-12 -4.03761988874582e-13 2.41438867621682e-13)
(-3.36724277396878e-12 -5.49629351853435e-13 -3.65484461114781e-13)
(-19.0700445165531 2.78803076243399e-06 457.806001607194)
(-26.8895516941527 -5.82092862873896e-07 308.659080077468)
(-9.17036586779282 -6.73565228631184e-07 80.6679482137561)
(-0.39667052240228 -6.67203431626124e-08 3.97336511223611)
(-0.00177479921396538 -4.33080493476648e-10 0.0197290659011383)
(-4.74049784940255e-07 -3.69862848364513e-13 6.96370474862839e-06)
(3.88834442933262e-08 -1.30078547718914e-13 -3.34421369219383e-07)
(1.09690733567233e-08 1.24536809413857e-13 -1.24393907238774e-07)
(7.10091321340752e-10 3.2276465547618e-14 -1.04290646273345e-08)
(3.40878601503881e-12 -2.4755072468515e-14 -8.54754607237378e-11)
(-2.11886229435772e-12 9.27663402599084e-15 3.61527633747733e-13)
(-1.95442192988177e-12 -8.73946746188363e-14 5.38950295847855e-13)
(-2.11627432554099e-12 -4.62155959065238e-14 5.72493943472622e-13)
(-2.06060470132509e-12 -1.38546742164747e-13 4.40604909083479e-13)
(-1.82947520571728e-12 -5.46949225914836e-13 -3.09885344571577e-13)
(-60.896321328245 105.475671342239 459.246145515456)
(-45.7960180706867 79.321065202128 219.408377007102)
(-8.75546402447651 15.164898139694 49.2372035991565)
(-0.274512106612858 0.475469143307891 2.11616694199681)
(-0.00100019061415451 0.0017323821475741 0.00920347737844638)
(-1.65466859015645e-07 2.86594654728533e-07 2.81267713339388e-06)
(6.04864799649224e-08 -1.04769256774561e-07 -2.57987775385274e-07)
(1.57941081374145e-08 -2.73592987398703e-08 -9.53051642454995e-08)
(8.20735800996704e-10 -1.42458587505308e-09 -6.77674881448635e-09)
(3.66713168173802e-12 -9.27239529076844e-12 -4.59137567916223e-11)
(-1.96780029197956e-12 -3.81406598562106e-13 2.17139455640321e-13)
(-1.55538223480118e-12 -7.07601240660723e-13 2.55085517752712e-13)
(-1.4987217148406e-12 -6.8921109724206e-13 4.19629915796801e-13)
(-1.13235959675719e-12 -8.51853340363376e-13 -1.57128172694889e-13)
(-1.00671401304278e-12 -1.92965458769644e-12 -2.69825859384928e-13)
(-24.7677891699487 42.8991853638568 465.562107483025)
(-30.5564540870182 52.9253410730285 280.94780547375)
(-8.99426561936601 15.5784847588491 66.6841587896129)
(-0.359285422225332 0.622299429030738 3.10111122494118)
(-0.00149048834614858 0.00258159752409595 0.0145247656231004)
(-3.72920926748391e-07 6.45915073961488e-07 4.80694413429438e-06)
(4.25266724371937e-08 -7.36612490848757e-08 -3.07041553300319e-07)
(1.21522705848507e-08 -2.10499540783986e-08 -1.13485108891091e-07)
(7.55573485953788e-10 -1.31181081604209e-09 -8.92295304471518e-09)
(4.02661733320631e-12 -9.2695719370324e-12 -6.78348499216444e-11)
(-1.57406065503711e-12 -3.49118261587429e-13 3.04451503666035e-13)
(-1.28825503125119e-12 -4.55824888784431e-13 3.48874787705478e-13)
(-1.14282021461247e-12 -6.77880859671938e-13 5.13244567125466e-13)
(-7.95933229605039e-13 -7.88096353985461e-13 1.04810748909155e-13)
(-9.00308211805872e-13 -1.58575040100758e-12 -2.48659934748439e-13)
(-9.53908606136316 16.5222456159952 457.807076350261)
(-13.4469117603567 23.2907655509874 308.65882749959)
(-4.5853257344053 7.94198888938827 80.6677752179365)
(-0.198321346129124 0.343500634957407 3.97336696891274)
(-0.000887194997370199 0.00153665448602786 0.0197291068150157)
(-2.36927634050309e-07 4.10366057209201e-07 6.96373458079618e-06)
(1.94419734571181e-08 -3.3676103997508e-08 -3.34421212308682e-07)
(5.48418496524873e-09 -9.49949492431251e-09 -1.24393780817713e-07)
(3.54680606721611e-10 -6.16048205580559e-10 -1.04289533790997e-08)
(1.73016371040138e-12 -4.81124462443127e-12 -8.55158780553674e-11)
(-1.28585653306145e-12 -1.72334706642699e-13 3.80819793362372e-13)
(-8.7013686378854e-13 -3.51254860018352e-13 4.84646305167677e-13)
(-8.03097558510505e-13 -3.96841532364111e-13 5.61746501625903e-13)
(-6.56204088689092e-13 -7.37640543568301e-13 3.83377507520269e-13)
(-4.79848674438536e-13 -1.83504153416194e-12 -2.35075666932759e-13)
)
;

boundaryField
{
    inlet
    {
        type            zeroGradient;
    }
    outlet
    {
        type            freestreamVelocity;
        freestreamValue uniform (0 0 0);
        value           nonuniform List<vector> 
156
(
(6.32073825941731 10.9478398087955 -0.0325753047556639)
(2.72029590210335 4.71169077379705 1.35557362201565)
(0.394192471679658 0.682761407886213 0.339339092283286)
(0.0137789278765712 0.023865803472888 0.0177385785365211)
(8.33358345147539e-05 0.000144341900721678 0.000153446813581862)
(1.53773552971593e-08 2.66324378993277e-08 1.43249864200194e-07)
(-1.08404127687551e-09 -1.87802890053205e-09 -1.71810412354134e-09)
(-7.78678889440706e-10 -1.34986877076098e-09 -2.99448007357646e-09)
(-6.194174513958e-11 -1.08612068286735e-10 -3.38497239213983e-10)
(-1.99939468150509e-13 -1.24264332435652e-12 -3.61185317170631e-12)
(6.98412432338768e-14 -2.59728189653436e-13 -3.5909891585891e-15)
(3.33328715147857e-13 -3.34564144182421e-13 1.17139598011541e-13)
(3.90838647956551e-13 -4.19364488285296e-13 5.56570990644916e-13)
(2.17840490350976e-13 -4.33687368577869e-13 3.82563848464261e-13)
(3.44745921639868e-13 -1.46143767343865e-13 -2.06414054904534e-13)
(12.6416556721001 -2.34933650561584e-09 -0.0325772829097171)
(5.4406496443294 2.97029302323913e-10 1.35559163450077)
(0.788385663362395 -1.11462887371209e-11 0.339339890130847)
(0.0275574879326139 -1.28847214243879e-11 0.0177383256245068)
(0.000166667759051363 2.43318010016635e-13 0.000153442568799499)
(3.07509845461437e-08 1.02245673091958e-13 1.43246037466266e-07)
(-2.16805846301382e-09 -1.66665656919375e-15 -1.71756943022504e-09)
(-1.55796732665708e-09 -1.73664091658879e-14 -2.9939852368313e-09)
(-1.24881281449305e-10 -7.48757391886018e-16 -3.38555581138764e-10)
(-8.71038203497029e-13 -1.32921200711984e-13 -4.08522047633258e-12)
(-5.61708557038742e-14 -1.5551977638717e-13 4.02673333296266e-14)
(-6.1098200846871e-14 -1.76277870104127e-13 3.82950763702099e-14)
(-5.97980660090449e-14 -1.19256037735594e-13 1.27997868107343e-13)
(-3.10734312979141e-14 -3.88656966400526e-14 -3.5272354718943e-14)
(6.18504693965249e-14 -1.45890107037445e-13 -6.49137976778796e-13)
(6.32073833601698 -10.9478399541497 -0.0325752929789593)
(2.72029590474582 -4.71169078245472 1.35557363248939)
(0.394192464608726 -0.68276139623893 0.339339087621075)
(0.0137789274748214 -0.0238658028093468 0.0177385780550577)
(8.33358329263643e-05 -0.000144341898208944 0.00015344681146098)
(1.53772345401908e-08 -2.66322711921828e-08 1.43250058958222e-07)
(-1.08399887271664e-09 1.87795975800441e-09 -1.71799076094857e-09)
(-7.78669624187042e-10 1.34985438938962e-09 -2.99463503651526e-09)
(-6.18847350634134e-11 1.08507920287286e-10 -3.38175754433005e-10)
(-1.32118441635377e-13 1.16878011497994e-12 -3.40591687570664e-12)
(2.31665030936687e-13 3.46012940475367e-13 -7.84957345009772e-15)
(2.4582618255896e-13 3.6473256259932e-13 -5.05164250042718e-14)
(9.91249521528879e-14 3.61794780639822e-13 1.63059034402547e-13)
(4.02733529202296e-13 3.81601367226461e-13 6.27246968440115e-13)
(5.10070121149976e-13 1.15623118293314e-13 -2.47621431367509e-13)
(-6.32083523232553 -10.9480088157224 -0.0325770282581011)
(-2.7203268723917 -4.71174470733791 1.35559300757692)
(-0.39419278481099 -0.682761971431407 0.339339900004803)
(-0.0137787318358328 -0.0238654656024053 0.0177383102762093)
(-8.33337990756971e-05 -0.000144338381108224 0.000153442427134875)
(-1.53761673413026e-08 -2.66303185704557e-08 1.43245219240385e-07)
(1.08403872460478e-09 1.87803162925816e-09 -1.71811227854496e-09)
(7.78679479744814e-10 1.34984271598224e-09 -2.9944934371355e-09)
(6.19017633163033e-11 1.0857523661935e-10 -3.38186965699911e-10)
(4.85092632968333e-14 1.15381806075897e-12 -3.46603998476688e-12)
(-3.60778753587677e-13 4.19042144522524e-13 1.22353389071808e-14)
(-5.77843695362743e-13 3.86087981011089e-13 -1.09510709925229e-13)
(-4.63952479584075e-13 4.19330690119123e-13 3.53072888666448e-13)
(-1.58589027759594e-13 3.82167374369295e-13 3.74123562726942e-13)
(-2.7738893735165e-13 1.659661288711e-13 -1.69785308749336e-13)
(-12.6414672619494 -6.33001552646867e-09 -0.032575553381556)
(-5.44058961844284 -2.04227305694441e-09 1.35557281894192)
(-0.788385099954075 -2.85805202960664e-10 0.339339120159386)
(-0.0275578746236033 -1.59965258188893e-11 0.0177385902211847)
(-0.000166671781066694 -1.53696723004423e-13 0.000153446904817583)
(-3.07532118617623e-08 -6.79028053204236e-14 1.4325061403327e-07)
(2.16806340810641e-09 2.92714095206316e-15 -1.71757258955743e-09)
(1.55796138683982e-09 1.27603862693106e-14 -2.99392237179905e-09)
(1.24816068725866e-10 -2.18203431914258e-14 -3.38364365657054e-10)
(8.22479932146597e-13 4.44759211964221e-14 -4.1186698294453e-12)
(2.0572517127842e-14 3.35406292909404e-14 3.55598763405635e-14)
(3.05096195977409e-14 5.71043660850644e-14 1.65416687572892e-14)
(3.74849520095717e-14 5.85390876758451e-14 6.77249509676764e-14)
(2.83479100759379e-14 -3.15103896630495e-14 -4.52375463818553e-14)
(-7.44083500486949e-15 7.33190231896578e-14 -5.82128943854403e-13)
(-6.3208354089897 10.9480091169802 -0.0325770164924499)
(-2.72032690734221 4.71174476846297 1.355593035324)
(-0.394192779205659 0.68276196167054 0.339339896454107)
(-0.0137787313935595 0.023865464810217 0.017738309672643)
(-8.33337966778934e-05 0.000144338377428845 0.000153442422885157)
(-1.53759853328715e-08 2.66302842809493e-08 1.43245316224428e-07)
(1.08400952791516e-09 -1.87798331132109e-09 -1.71802362417031e-09)
(7.78680351370746e-10 -1.34985907182298e-09 -2.99459521562539e-09)
(6.18670178753631e-11 -1.0852219977774e-10 -3.38152140913244e-10)
(-9.47334877552092e-15 -1.27343401452874e-12 -3.38264401647513e-12)
(-4.98731096212015e-13 -5.46810431511012e-13 1.9000942520264e-14)
(-5.51691926260927e-13 -5.34229268338675e-13 -6.73481005868455e-14)
(-1.66086848323169e-13 -4.07619403568075e-13 9.95673095934288e-14)
(-3.97881946841973e-13 -4.61851819569717e-13 4.94574597675444e-13)
(-7.03765298553542e-13 -1.59806193210288e-13 -1.14390583630022e-13)
(1.61171461589176e-13 -6.83233741328042e-14 -9.65002131519481e-14)
(5.83933673909732e-13 6.1657589655292e-13 -2.37462821684443e-13)
(4.50698536282995e-13 1.72533204891475e-13 -2.41427019022534e-13)
(4.65568169381159e-13 -3.35847100207174e-13 -2.24664298033119e-13)
(5.02048286054138e-13 -5.99905489452427e-13 -1.8881060370673e-13)
(6.11819887842221e-13 -2.99444830881837e-13 -1.60661193098191e-13)
(4.56630519312977e-13 -4.56370600021162e-13 -1.33529969024562e-13)
(1.62796531602709e-15 -3.83997141049645e-15 -1.7085951356923e-14)
(6.82072565625887e-13 -5.92772205395114e-14 -4.3187586763027e-13)
(6.83878524406928e-13 -3.6806987486784e-14 -4.40565338708814e-13)
(1.39750143021846e-12 -1.81362402446184e-14 -4.28597174243088e-13)
(1.12876781654473e-12 1.39373803523942e-13 -3.17030483013916e-13)
(1.30125697345115e-12 8.25748131039762e-14 -2.43781795697504e-13)
(6.59462187501506e-13 1.02003959525793e-13 -1.6114555366891e-13)
(2.30651762427747e-13 5.22843328905816e-14 -1.11973466375624e-13)
(7.7604992652457e-13 -8.13625436242272e-13 -2.20384851715313e-13)
(6.04636234109508e-13 -2.75071204702039e-13 -1.6975250791371e-13)
(6.85587668895607e-13 1.5748347606806e-13 -1.80337693111588e-13)
(4.06003244857694e-13 5.16129963729375e-13 -1.66010112501621e-13)
(3.32659367102547e-13 4.41002231979681e-13 -1.34423603651616e-13)
(2.11655515618991e-13 5.86486685884136e-13 -1.28822584672334e-13)
(-1.50374985858202e-13 8.99717000980959e-14 -9.2042111144992e-14)
(-6.13779054534406e-13 -6.41783454999476e-13 -2.21833676085429e-13)
(-5.99438726515426e-13 -3.26977913851736e-13 -2.53691828141287e-13)
(-6.08884052618145e-13 2.01236134909908e-13 -2.01661658137865e-13)
(-6.10789180490477e-13 6.06786297612625e-13 -1.32664759377772e-13)
(-7.18003118131839e-13 2.87987956891997e-13 -1.1600701316132e-13)
(-5.351696368879e-13 3.95718638935266e-13 -1.05547170230417e-13)
(-5.80698024332934e-17 5.72196694112849e-16 -4.54305366779462e-15)
(-7.39888704592242e-13 2.29458687938775e-14 -4.39359701946633e-13)
(-9.58243034485401e-13 -8.18660616842002e-14 -5.03632531085653e-13)
(-1.69056324686149e-12 -1.24265545365527e-13 -4.06601202247986e-13)
(-1.30413028627386e-12 -2.5431407887448e-13 -2.97888932281063e-13)
(-1.50682086068738e-12 -2.45955824575932e-13 -1.63552095061959e-13)
(-7.68824191799254e-13 -2.29851596378609e-13 -1.30227154129299e-13)
(-4.59909307201464e-13 -1.04433048570177e-13 -7.47540325955022e-14)
(-1.02580291989157e-12 9.3689632041564e-13 -1.55941009062414e-13)
(-7.06812717035412e-13 1.53980056320122e-13 -1.21101555524775e-13)
(-8.61996548646523e-13 -3.4194087824223e-13 -9.40843195484163e-14)
(-4.42073875648067e-13 -8.47360691510297e-13 -1.18487437209535e-13)
(-3.89959071871224e-13 -6.86851176616473e-13 -1.07704446204661e-13)
(-2.10836615427494e-13 -8.0628324478395e-13 -1.03287891841019e-13)
(3.16800575506856 5.48714692752205 -0.0163270093940844)
(11.3438635396847 19.6481469209982 0.774237119433232)
(14.4200046830017 24.9761786150462 13.1323051683793)
(7.03462039297182 12.1843176490284 20.7365998744289)
(6.33610197148941 -1.17750681168899e-09 -0.0163280025832041)
(22.6877334880506 -9.40019801799611e-09 0.774202526227281)
(28.8395429864404 1.21852115432625e-08 13.1321308830327)
(14.068878129738 -1.83250127865114e-08 20.736274258395)
(3.16800579037866 -5.48714699503608 -0.0163270034756185)
(11.3438636055563 -19.6481470811056 0.774237153351982)
(14.4200044986165 -24.9761783792478 13.1323051010439)
(7.03462007933808 -12.1843171820698 20.736599310737)
(-3.16805461702405 -5.4872320826355 -0.0163278745590761)
(-11.3438719646761 -19.6481645277722 0.774202809706581)
(-14.4197646125754 -24.9757652279028 13.132127444157)
(-7.03443162559951 -12.1839950165434 20.7362598192535)
(-6.33600700896558 -3.17265566658452e-09 -0.0163271343641991)
(-22.687718898133 -2.28617672158559e-08 0.77423643727032)
(-28.8400170026869 -4.14376481308465e-08 13.132307376748)
(-14.0692565918628 -3.76135503900955e-08 20.7366174297629)
(-3.1680547023431 5.48723222803994 -0.0163278686454059)
(-11.3438721212173 19.6481647797999 0.774202830425804)
(-14.4197643802409 24.9757648491447 13.1321273289558)
(-7.03443144210771 12.1839946610234 20.736259352005)
)
;
    }
    sides
    {
        type            zeroGradient;
    }
}


// ************************************************************************* //
