/*--------------------------------*- C++ -*----------------------------------*\
  =========                 |
  \\      /  F ield         | OpenFOAM: The Open Source CFD Toolbox
   \\    /   O peration     | Website:  https://openfoam.org
    \\  /    A nd           | Version:  11
     \\/     M anipulation  |
\*---------------------------------------------------------------------------*/
FoamFile
{
    format      ascii;
    class       surfaceScalarField;
    location    "0.0000500006";
    object      phi;
}
// * * * * * * * * * * * * * * * * * * * * * * * * * * * * * * * * * * * * * //

dimensions      [1 0 -1 0 0 0 0];

internalField   nonuniform List<scalar> 
2478
(
0.000753428158954239
-0.000145566822738626
1.59466222236608e-11
2.2770232097416e-11
-0.00094098371856455
0.000583728509986647
-0.000133895345745198
-2.71611071307742e-11
-5.20720509896919e-11
-0.000119796058520026
4.03634370393403e-11
4.92881569163096e-11
0.000433399425795319
0.000450551739604578
-3.51649907878982e-05
-5.60329403319001e-12
3.79268833136312e-12
-0.000560915711920525
0.000349728096840788
-3.28755043716042e-05
3.12043907423412e-12
-2.39211270691882e-11
-2.97399151791944e-05
7.48650577295229e-12
1.72116885088953e-11
0.000259996872464586
0.000148893971984044
6.07931012388402e-12
1.71517150525727e-11
-0.000184030780226304
0.000116095503993957
-9.45544852267929e-12
-4.10141840195138e-11
2.00110122970752e-11
3.57389158686054e-11
8.64682187816218e-05
0.000753428165073618
-0.00014556687694045
-1.53780734890932e-11
-0.000940983727487918
0.000583728517225518
-0.000133895240252865
2.69838754205637e-11
-0.000119796204721544
-3.8893853280186e-11
0.000433399429490469
0.000450551739943081
-3.51650211766801e-05
6.21048709421174e-12
-0.000560915738538094
0.000349728114348109
-3.28754398295443e-05
-3.48005608705182e-12
-2.97400031337959e-05
-5.85193100032487e-12
0.000259996876357199
0.000148893971626865
-5.41970044147175e-12
-0.000184030776616757
0.000116095500945699
9.05874041143978e-12
-1.82125405793869e-11
8.64682202743372e-05
0.000753428158966981
-0.000145566823684484
2.29735760580094e-11
-0.000940983718558768
0.000583728509843626
-0.000133895345668677
-5.25369408892716e-11
-0.000119796061017058
4.99451589569717e-11
0.000433399425866808
0.00045055173963743
-3.51649913235545e-05
3.89573497159429e-12
-0.000560915711860642
0.00034972809673558
-3.28755042487245e-05
-2.4184585107126e-11
-2.97399166244561e-05
1.76314311187056e-11
0.000259996872519014
0.000148893971997594
1.72767619980273e-11
-0.000184030780219122
0.000116095503967277
-4.12527237305012e-11
3.60799811793648e-11
8.646821876561e-05
0.000753428170712564
-0.000145566893567845
-1.70015959860895e-11
-0.000940983726287688
0.000583728519389911
-0.000133895188230711
2.41737576679203e-11
-0.000119796232006741
-3.93053061886056e-11
0.000433399430378391
0.000450551742729139
-3.51650328094079e-05
4.94121101457176e-12
-0.000560915736306445
0.000349728114564846
-3.28754108255878e-05
-4.59263763087289e-12
-2.97400200685227e-05
-6.62435324693192e-12
0.00025999687668506
0.000148893972908976
-6.81092356992485e-12
-0.000184030777009585
0.000116095501123176
7.40098732082348e-12
-1.92432178861262e-11
8.64682205045428e-05
0.000753428166753086
-0.000145566836517778
1.6226785540252e-11
-0.00094098372036972
0.000583728514072861
-0.000133895283092451
-2.35189862919129e-11
-0.000119796090975461
3.71590047685937e-11
0.000433399428628154
0.000450551744712327
-3.5165000103645e-05
-5.65426091364563e-12
-0.000560915713180101
0.000349728099494713
-3.28754694238389e-05
5.22724805064254e-12
-2.97399338499092e-05
4.55261314215825e-12
0.000259996874051684
0.000148893973132632
6.02584833159919e-12
-0.000184030780451895
0.000116095503898727
-6.76225948067349e-12
1.71037027585624e-11
8.64682192743335e-05
0.000753428170456238
-0.00014556689193961
-0.000940983726323293
0.000583728519591066
-0.000133895189735556
-0.000119796227429665
0.000433399429855563
0.000450551742591239
-3.5165031950162e-05
-0.000560915736294397
0.000349728114620773
-3.28754116182253e-05
-2.97400176794135e-05
0.000259996876444251
0.000148893972890559
-0.000184030777050241
0.000116095501183356
8.64682204770237e-05
0.000438189432786439
3.44963138611233e-06
-1.2414160774658e-10
-1.46163721696704e-10
0.000441873120514571
1.82310834636928e-06
1.28115695623935e-10
1.08941145438458e-10
7.20576547702653e-07
-1.78765200017049e-10
-1.10101142450098e-10
0.000444990313200648
0.00026309618290747
9.41209904541899e-07
-3.7579438638604e-11
-6.14303608524082e-11
0.000265322002325181
4.96479499505697e-07
5.9932250839629e-11
4.17167780354666e-11
2.03271102896532e-07
-1.05934911071113e-10
-2.79660141615581e-11
0.000267119447414932
8.76135761414615e-05
-5.73115388697101e-11
-9.90175873694273e-11
8.84124590379977e-05
5.04502413152877e-11
6.50013084265051e-11
-9.33569367644882e-11
8.67801815650215e-12
8.90427532416192e-05
0.000438189422032341
3.45013705281972e-06
1.21354073057828e-10
0.000441873150710603
1.82259753418496e-06
-1.24988931151596e-10
7.21277268797083e-07
1.75274160094628e-10
0.000444990505873712
0.000263096249032587
9.4146015656299e-07
3.43819769746748e-11
0.000265321976846154
4.96295935633749e-07
-5.67482086170391e-11
2.03496307216785e-07
1.01211192096544e-10
0.000267119563304005
8.76135631545594e-05
5.38947810533631e-11
8.84124739620967e-05
-4.67165088080881e-11
8.39623067253048e-11
8.90427301381426e-05
0.000438189432751945
3.44963627424834e-06
-1.47831734755108e-10
0.000441873119828643
1.82310330395239e-06
1.11134662345198e-10
7.20581567722751e-07
-1.14525636316001e-10
0.000444990314704018
0.000263096182774367
9.41212661126139e-07
-6.25255278867247e-11
0.000265322001858989
4.96476411228342e-07
4.32993515174507e-11
2.03275834931554e-07
-3.15870038458677e-11
0.000267119445617999
8.7613576110656e-05
-9.96775142893952e-11
8.84124591652735e-05
6.53837075627328e-11
3.88720723361671e-12
8.90427532377389e-05
0.000438189433360537
3.45020592475598e-06
1.19513499791113e-10
0.000441873162749759
1.82258152036307e-06
-1.29103846103346e-10
7.21043872946043e-07
1.54857756067169e-10
0.000444990551126674
0.000263096252072428
9.41503438392553e-07
3.38985287865086e-11
0.000265321979261449
4.96271720170889e-07
-5.96965373726548e-11
2.03376684791538e-07
8.37012450452188e-11
0.000267119558931397
8.76135640427557e-05
5.45059737904093e-11
8.84124764342535e-05
-5.7384579347456e-11
6.03311192779073e-11
8.90427345673968e-05
0.000438189443388955
3.44971969368506e-06
-1.15002809358833e-10
0.000441873125416293
1.82312012722509e-06
1.23716986579359e-10
7.20530914098553e-07
-1.46876984912555e-10
0.00044499030186183
0.000263096187224399
9.41261066281403e-07
-2.95554323202774e-11
0.000265322011334331
4.96471675032911e-07
5.48683688002434e-11
2.03249874123615e-07
-7.52635473475621e-11
0.000267119463272456
8.76135766075721e-05
-5.04365118463371e-11
8.84124567044833e-05
5.33149709818805e-11
-4.61910102181329e-11
8.904275511643e-05
0.000438189434163486
3.45019611951473e-06
0.000441873164474939
1.82259215255004e-06
7.21009656262411e-07
0.000444990555440921
0.000263096252270511
9.41498797628164e-07
0.000265321979722116
4.96276322234357e-07
2.03357780529647e-07
0.000267119557568539
8.76135641471828e-05
8.84124767294828e-05
8.90427350225314e-05
3.89251673266794e-05
3.86564580421699e-10
4.93288122914264e-10
0.000496798698753016
9.74836020095453e-06
2.92319249264438e-10
4.07056026364115e-10
0.000298155452970376
3.02593447260718e-11
2.71045046541622e-10
9.94103279367196e-05
3.89228030853537e-05
-3.84944319475888e-10
0.000496798954454329
9.74790251255503e-06
-2.90592486217652e-10
0.000298154949106797
-4.92759557116362e-11
9.94102219354747e-05
3.89251628428051e-05
4.83254200165598e-10
0.000496798705662723
9.74837161230176e-06
3.95296651423301e-10
0.000298155447805557
2.66588018370609e-10
9.94103246846569e-05
3.89221740934584e-05
-5.2712837518348e-10
0.000496799050509404
9.74760814858352e-06
-4.2945814076158e-10
0.000298154894344267
-8.75072576249705e-11
9.94102089051493e-05
3.89252662721272e-05
5.35259205773457e-10
0.000496798625310911
9.74827755992027e-06
4.38915379735727e-10
0.000298155499645843
1.1089358668533e-10
9.9410355615225e-05
3.89221179094934e-05
0.000496799061493702
9.74757893552826e-06
0.000298154890080256
9.94102079621854e-05
3.26537057703412e-05
3.67225948543111e-11
3.75862773088591e-10
0.000542367764908966
8.16003611923944e-06
4.58297263420532e-10
7.64696174329442e-10
0.000325461792814477
3.72881895716395e-11
7.06450957791132e-10
0.000108506743442909
3.26512083952541e-05
-3.98888486260671e-11
0.000542367907374509
8.15930437221595e-06
-4.48975827273702e-10
0.000325461320371409
-7.2590148898332e-11
0.000108506720406191
3.26536673183917e-05
3.56797358802216e-10
0.000542367775755574
8.16003801463604e-06
7.3868527332259e-10
0.000325461783686616
6.66875400495877e-10
0.00010850674338924
3.26494251892607e-05
-4.13684992837081e-10
0.000542368104325907
8.15831527718844e-06
-8.78165865166817e-10
0.000325461135818184
-4.28281687946206e-10
0.00010850668887808
3.26544880484216e-05
4.37636399992433e-10
0.000542367689072874
8.16018299294686e-06
8.97984773400116e-10
0.000325461906311207
5.03321750597308e-10
0.000108506752951216
3.26492376757038e-05
0.000542368120258183
8.15819828299704e-06
0.000325461109015272
0.000108506684588172
2.28091457150684e-05
-3.92389782992442e-10
1.38994175327353e-11
0.000577671512962687
5.70000624221592e-06
-2.71207840365183e-10
2.30033720370615e-10
0.000346641510434476
-3.59034039586377e-10
2.9078375005185e-10
0.000115563246130115
2.2811314183391e-05
3.69552830177533e-10
0.000577671269313236
5.70083972860943e-06
2.47114533425807e-10
0.000346641831274616
3.07196737991088e-10
0.000115563318262008
2.28092118986184e-05
-9.50300873148874e-13
0.000577671525822399
5.70005199720865e-06
2.062625927262e-10
0.000346641514792747
2.8291631244768e-10
0.000115563246839425
2.28100440654288e-05
2.52089253009562e-10
0.000577671246462359
5.70018834956465e-06
5.07655519184358e-11
0.000346641698166106
2.89589372176168e-10
0.000115563291762118
2.28084896178823e-05
-2.1404461119116e-10
0.000577671408910666
5.69954172985711e-06
-2.16409892393396e-12
0.000346641488061715
-2.29769059789837e-10
0.000115563247486818
2.28099135570886e-05
0.000577671241942901
5.70012131773947e-06
0.000346641682039205
0.000115563288185001
2.7725962335422e-06
2.49758890869325e-11
3.59357765441527e-10
0.000590140314618029
6.90693955637659e-07
1.89996883243754e-10
4.55118817415875e-10
0.000354091510314412
-6.41029580762328e-11
3.33860583926968e-10
0.000118040274738725
2.77236464458249e-06
-4.56279103042134e-11
0.000590140666020001
6.90528281056238e-07
-2.15999423533973e-10
0.000354092465570187
3.09721570764497e-11
0.000118040373230072
2.77265063187537e-06
3.44462449503816e-10
0.00059014032559777
6.90722904823915e-07
4.5153571821225e-10
0.000354091512324844
3.27200642502665e-10
0.000118040276269839
2.77160981735725e-06
-1.16788829258516e-10
0.000590140538964117
6.90092433474688e-07
-1.72574081164657e-10
0.000354092340051974
1.2453803179685e-11
0.000118040356590799
2.77202156800027e-06
1.52351193509828e-10
0.000590140228647142
6.90410660855929e-07
2.0223448870399e-10
0.000354091512794309
2.73491097932572e-11
0.000118040265260577
2.77152368534459e-06
0.000590140526494169
6.90044384537734e-07
0.00035409232876556
0.000118040354568491
7.71989074467085e-05
1.48900123188387e-10
4.16844304082856e-10
0.000699300727307656
1.92903873017352e-05
1.02974460555738e-11
3.00175768735891e-10
0.000419597725257279
3.49462806240562e-11
3.4722488193072e-10
0.00013986121835591
7.71965686451743e-05
-1.818466610474e-10
0.000699302835379341
1.92884063682726e-05
-4.16710795102075e-11
0.000419596952328865
-6.5444053063031e-11
0.000139861594826893
7.71989799339939e-05
4.19932060533122e-10
0.000699300730306806
1.92904215649526e-05
3.01627997210084e-10
0.000419597727923285
3.46707175881249e-10
0.00013986122116891
7.71961956969136e-05
8.15671792261941e-12
0.00069930274730221
1.92881612185124e-05
8.1873702316524e-11
0.000419596883206998
-1.27272797335876e-11
0.000139861587522003
7.71979977050693e-05
2.17060373039306e-11
0.000699300735263419
1.92900020768628e-05
-5.19447354596116e-11
0.000419597709546023
4.37649157365716e-11
0.000139861190821478
7.71961384782235e-05
0.000699302738325757
1.92881295439847e-05
0.000419596876379977
0.000139861586517043
0.00114370892529124
-1.71971434054924e-09
-1.40462426330987e-09
0.00217247780217202
0.000285956072952078
1.84821529993417e-09
2.24463461159048e-09
0.00130358859589936
-1.04305247778237e-08
-9.99446708900564e-09
0.000434586691212688
0.0011436673212083
1.68133355268928e-09
0.00217250480779195
0.000285971090270116
-1.88839297405588e-09
0.00130358184336488
1.03902196010386e-08
0.000434570201458398
0.00114370902189848
-1.39838328422218e-09
0.00217247782054053
0.0002859561207907
2.24898060634596e-09
0.00130358860763368
-9.99093020494961e-09
0.000434586697938038
0.00114366667259492
1.95159305117201e-09
0.00217250463269877
0.000285970724050059
-1.70127158411262e-09
0.00130358171426015
1.05085059055095e-08
0.000434570165147986
0.00114370764769504
-1.91942768558613e-09
0.00217247763500068
0.000285955466692275
1.73712687761901e-09
0.00130358848107319
-1.04717288886935e-08
0.000434586609110967
0.00114366659640577
0.00217250461425367
0.000285970686820495
0.00130358170127564
0.000434570161612325
0.000785628144086809
7.08218366688319e-09
7.63774346014805e-09
0.00333684118497808
0.000195618312805938
-7.2120473608786e-08
-7.14887804834606e-08
0.00200189370313313
-1.03491580881031e-07
-1.02820260513138e-07
0.00066672499990437
0.00078547713051202
-7.13200492673954e-09
0.00333692932216668
0.000195665429141463
7.20683944547542e-08
0.00200184364653314
1.03440928971282e-07
0.000666378607831006
0.000785628253514922
7.64274928012534e-09
0.00333684122813655
0.000195618366310347
-7.14846260612117e-08
0.00200189372430686
-1.02817707388217e-07
0.000666725006873251
0.000785476216333243
-6.84898011243419e-09
0.00333692904705586
0.000195664886357534
7.22822994798488e-08
0.00200184349552032
1.035621981705e-07
0.000666378581439161
0.000785626472414489
6.89381297696006e-09
0.00333684064766442
0.000195617533783655
-7.22343516475123e-08
0.00200189343508113
-1.03514069093929e-07
0.000666724897866669
0.000785476127793109
0.00333692902248459
0.000195664840143943
0.00200184348224561
0.000666378578528985
-0.00204294887060967
-2.544046543751e-07
-2.53668716141678e-07
0.00104744870024374
-0.000510690121429876
-3.24242169436528e-08
-3.17635010906384e-08
0.000625357305684694
1.41876893418281e-08
1.47930036606793e-08
0.000206761054475385
-0.00204320714726514
2.54369729962996e-07
0.00104432942137845
-0.00051061034483681
3.23905260954729e-08
0.000623814145122713
-1.42255791545347e-08
0.000206475711718152
-0.00204294882108441
-2.53669364756411e-07
0.00104744871028129
-0.000510690089523885
-3.17654966885527e-08
0.000625357310745145
1.47929033910603e-08
0.000206761056077331
-0.00204320848814451
2.53984334354015e-07
0.00104432932016548
-0.000510610954303509
3.21332759320274e-08
0.000623814114403591
-1.42917801815084e-08
0.000206475753653925
-0.00204294909013974
-2.53948742052232e-07
0.00104744858548585
-0.000510690432427723
-3.20975674392241e-08
0.000625357238056522
1.43297947747178e-08
0.000206761030050945
-0.00204320854817073
0.0010443293130001
-0.000510610989390912
0.000623814111745611
0.000206475754617661
2.56484231813047e-05
-8.27086798571922e-12
-3.66982121232338e-11
6.97358885849659e-06
6.51374001394908e-12
-2.39572176658452e-11
2.37795005041119e-12
-3.18776226661092e-11
2.56484721576976e-05
1.0046982560144e-11
6.97361213254085e-06
-4.76377043281268e-12
-5.02461787454944e-13
2.56484194690943e-05
-3.68980587728794e-11
6.97358690792511e-06
-2.40774046208515e-11
-3.19804676447363e-11
2.56485237263229e-05
3.60610570267553e-12
6.97364195547789e-06
-8.47837983630403e-12
-4.77874846898513e-12
2.56484886817113e-05
-5.17726307788444e-12
6.97362544675777e-06
6.85431702715511e-12
3.00961322920526e-12
2.56485267786902e-05
6.97364362964986e-06
-2.3349314037773e-05
-0.000648923393294993
3.48462092945943e-07
3.48472139912348e-07
6.09219281824363e-05
-0.00148349601152452
2.19908362955297e-05
2.19918813740421e-05
0.000140254391457992
-0.00153612405233365
4.97255244715357e-07
4.97826367330595e-07
8.94285736533412e-05
-0.000832639707836804
-1.24715998705313e-07
-1.24672038491805e-07
1.04164607058541e-05
-0.000158861775295424
-3.5888305348938e-08
-3.59306521687279e-08
1.47720080015184e-07
-7.64478564127665e-06
-3.6216996421182e-10
-3.65314849063488e-10
1.86395177612965e-10
-5.87934105536654e-08
1.14034594484239e-11
1.13851800166362e-11
-1.90549399176065e-13
-4.74693030109302e-11
1.22391246443199e-14
1.22334325829143e-14
-2.20155816320344e-13
1.6796199847624e-13
4.22838847269347e-18
-1.62630325872826e-19
-9.40698257137496e-14
9.66054493345414e-14
5.6920614055489e-18
4.87890977618477e-19
-6.16997772318051e-15
2.69159694532561e-14
6.07153216591882e-18
7.04731412115578e-19
-3.03576608295941e-17
1.46974446502135e-15
3.74049749507499e-18
4.87890977618477e-19
8.02309607639273e-18
3.16587034365767e-17
-7.04731412115578e-19
-5.42101086242752e-19
-2.81892564846231e-18
4.11996825544492e-18
2.16840434497101e-19
-8.67361737988404e-19
-1.86482773667507e-17
-1.24683249835833e-18
-8.13151629364128e-19
6.64335966792856e-05
-0.000244275166722503
-3.46517751886779e-06
-3.46658520025412e-06
0.000237750782554677
-0.00115020657655982
3.53865685130144e-05
3.53834598668618e-05
0.000308235324742484
-0.00140514446454506
2.29600828706158e-05
2.29612427031268e-05
0.000219035956870762
-0.000897670984828934
1.37473627343534e-06
1.37525465558592e-06
3.44752203801017e-05
-0.000208770598105582
-2.2129394068967e-07
-2.2132135967857e-07
6.22863693353851e-07
-1.36782582023938e-05
-2.75762158027655e-08
-2.75899431736223e-08
9.71657577206013e-10
-1.45461546048782e-07
-2.11991818901709e-10
-2.12198199116276e-10
-5.6866078686213e-14
-1.57112557772759e-10
-4.53184581875044e-14
-4.55116630146413e-14
-1.55087965039713e-13
1.2968857758533e-13
4.42354486374086e-17
4.64580630910039e-17
-9.46306834975763e-14
8.27087964089257e-14
2.65629532258949e-18
-4.17417836406919e-18
-9.39667180871462e-15
2.62112380411406e-14
6.23416249179165e-18
-6.50521303491303e-19
-8.68445940160889e-17
1.64690310000548e-15
6.93889390390723e-18
1.62630325872826e-19
7.58941520739853e-19
3.70797142990043e-17
2.33103467084383e-18
2.81892564846231e-18
-4.01154803819637e-18
-8.67361737988404e-19
-3.08997619158369e-18
-2.71050543121376e-19
-1.04083408558608e-17
1.35525271560688e-18
-8.67361737988404e-19
0.000521638359020161
-0.000328967204692398
-1.42111704758551e-05
-1.42122685371889e-05
0.00061533431114611
-0.000844563148052001
8.49557433563503e-05
8.49541986832097e-05
0.000604136423571575
-0.00115577792309574
6.73251273839181e-05
6.73225590957774e-05
0.000343963182003161
-0.000785527240018669
3.26097845642495e-05
3.26115026267956e-05
6.11321249174797e-05
-0.000191674398407264
-5.02649278490879e-07
-5.02469517994189e-07
1.32708188315864e-06
-1.40646150374125e-05
-8.5737103256182e-07
-8.57490597852919e-07
2.45164994837517e-09
-1.79223232414432e-07
-1.20917762148551e-08
-1.20950553729958e-08
1.99873646279658e-13
-2.422139982073e-10
-9.61859048355732e-12
-9.63686471117456e-12
-1.0030127770011e-13
7.2216755145349e-14
1.32700924901363e-15
1.33134605770358e-15
-9.42881840312881e-14
6.56777150026544e-14
-1.61004022614097e-17
-1.63714528045311e-17
-1.18128163500986e-14
2.24800646847489e-14
5.908901840046e-18
9.21571846612679e-19
-1.64365049348802e-16
1.75857592377149e-15
7.31836466427715e-18
-2.16840434497101e-19
-2.60208521396521e-18
3.18755438710738e-17
5.36680075380325e-18
2.49366499671666e-18
-2.71050543121376e-18
-5.42101086242752e-18
3.03576608295941e-18
-1.19262238973405e-18
-6.28837260041593e-18
2.43945488809238e-18
5.42101086242752e-20
0.00097197487158364
2.08557913156766e-06
2.08600807283027e-06
-0.000875284528014354
0.00111131136056987
7.9972376138079e-05
7.99722054961882e-05
-0.000547535068071485
0.000826623761989977
5.18635128832162e-05
5.18603602767285e-05
-0.000613922813179641
0.000383789740337837
5.1289252545356e-05
5.12873689034829e-05
-0.000499396739670176
7.08680809858308e-05
6.12513853372458e-06
6.13242049617618e-06
-0.000127430871239
1.77632360795081e-06
-1.08690754799132e-06
-1.08691776941398e-06
-1.02348577877182e-05
3.86299575579627e-09
-1.67295121685364e-08
-1.67295547699297e-08
-1.46599816618922e-07
5.20550020189497e-13
-2.60212508007909e-11
-2.6027679252312e-11
-2.26606988599012e-10
-7.72738535485817e-14
6.11034660369381e-15
6.12736857780183e-15
2.32503903282999e-14
-7.37068284011044e-14
6.17995238316738e-18
4.77048955893622e-18
3.7973855830653e-14
-1.28504520392758e-14
9.26992857475106e-18
6.1257422745431e-18
1.35081832872141e-14
-2.35326081537979e-16
2.98155597433514e-17
4.71627945031194e-18
1.30180154850335e-15
-3.68628738645072e-18
7.69783542464708e-18
1.62630325872826e-18
2.49366499671666e-17
-2.54787510534094e-18
5.2583805365547e-18
-5.42101086242752e-19
-6.50521303491303e-19
4.49943901581484e-18
-6.50521303491303e-19
-1.73472347597681e-18
-3.26185286186606e-05
-0.000662684126206864
-3.48463000886224e-07
6.06430243837249e-05
-0.00158700393251985
-2.19906945066634e-05
0.000141539213397917
-0.00157269242689899
-4.97242285405625e-07
8.87508631113786e-05
-0.000830610243170775
1.24716024435762e-07
1.03780096860407e-05
-0.000156346162836741
3.58869850935637e-08
1.49160067419241e-07
-7.60645539654649e-06
3.62065561288882e-10
1.89294551821567e-10
-5.97159815259735e-08
-1.14041430921037e-11
-1.903478459922e-13
-4.87172008463432e-11
-1.22391788544285e-14
-2.20129036526684e-13
1.67793513458636e-13
-4.11996825544492e-18
-9.40597426335454e-14
9.64785976803606e-14
-5.63785129692462e-18
-6.16444829210083e-15
2.68994895802344e-14
-6.01732205729455e-18
-3.69712940817557e-17
1.50812522192734e-15
-3.36102673470506e-18
-2.38524477946811e-18
-3.90312782094782e-18
2.71050543121376e-19
-4.66206934168767e-18
-1.51788304147971e-17
3.79470760369927e-19
-1.53956708492942e-17
1.95156391047391e-18
4.40796109070819e-05
-0.000242744732541131
3.46511670910253e-06
0.000271197651432162
-0.00139036192142814
-3.53865201996565e-05
0.000331428996879089
-0.00158006516483591
-2.2959765037448e-05
0.000223015937928007
-0.000954806001836331
-1.37471274759912e-06
3.25715094371009e-05
-0.000200743795425548
2.21294257612644e-07
5.87484196317182e-07
-1.2192761990746e-05
2.75759256130183e-08
9.49480448474496e-10
-1.29874320142082e-07
2.11986524254609e-10
-5.5235980719881e-14
-1.51593782232035e-10
4.53128745463161e-14
-1.55154101372235e-13
1.29487132821682e-13
-4.40728183115358e-17
-9.46307919177936e-14
8.28293596905061e-14
-2.11419423634673e-18
-9.39331078197991e-15
2.6176109890752e-14
-7.31836466427715e-18
-9.19403442267708e-17
1.60678761962352e-15
-6.07153216591882e-18
-5.42101086242752e-18
-1.32272665043232e-17
-9.75781955236954e-19
-5.52943107967607e-18
-4.05491612509579e-17
1.62630325872826e-18
-4.25007251614318e-17
-1.51788304147971e-18
0.000550849014247245
-0.000365680433385817
1.42110891396597e-05
0.000716996686410603
-0.00101754072597948
-8.49556911325239e-05
0.000703764196161911
-0.00130373847040192
-6.73250902163133e-05
0.000367424876710729
-0.000875956190063846
-3.26095711246357e-05
5.48757861159812e-05
-0.000186979631790444
5.02654418842185e-07
1.12858859313092e-06
-1.17733443877274e-05
8.57368978650634e-07
2.21212246090396e-09
-1.42414730376411e-07
1.2091692486746e-08
1.99501873354713e-13
-2.08593858982628e-10
9.61805803187041e-12
-1.00205867908931e-13
7.18557158219113e-14
-1.32662977825326e-15
-9.45526209411574e-14
6.57373461221411e-14
1.68051336735253e-17
-1.18029501103289e-14
2.24379976404565e-14
-5.6920614055489e-18
-1.62847166307323e-16
1.70219741080224e-15
-6.3425827090402e-18
-5.63785129692462e-18
-1.58293517182884e-17
-5.36680075380325e-18
-6.50521303491303e-18
-3.25260651745651e-17
-4.39101879856629e-18
-3.31765864780564e-17
-3.19839640883224e-18
0.00103437858296628
-2.08558853389418e-06
-0.00103611365127642
0.00129166870156091
-7.99724199990934e-05
-0.000515671066239188
0.000975588109781424
-5.186353848538e-05
-0.000524088087420746
0.000431385712477301
-5.12892823166197e-05
-0.000523094547159049
6.24737380866784e-05
-6.12496365470522e-06
-0.000139436811001733
1.39455691816566e-06
1.08690895319615e-06
-9.64609914648072e-06
3.23586548078543e-09
1.67295329123055e-08
-1.22313963433346e-07
4.9232075664471e-13
2.60211322974935e-11
-1.88626678404406e-10
-7.72819850648754e-14
-6.10866609032645e-15
2.40722155750439e-14
-7.37364271204133e-14
-5.09575021068187e-18
3.79699527028321e-14
-1.28444347172185e-14
-8.83624770575686e-18
1.3502003334831e-14
-2.32723996324014e-16
-2.94360889829814e-17
1.28814060113003e-15
-3.63207727782644e-18
-8.02309607639273e-18
-6.61363325216158e-18
-3.79470760369927e-18
-6.45100292628875e-18
-2.39608680119296e-17
-5.4752209710518e-18
-2.24429849704499e-17
-2.33493690411036e-05
-0.000648923455924574
3.48473020876162e-07
6.09219173874464e-05
-0.0014834967601689
2.19917057677864e-05
0.000140254428942202
-0.00153612467352537
4.97795926247943e-07
8.94285738135178e-05
-0.000832639813179677
-1.24672742641109e-07
1.04164560957011e-05
-0.000158861729250173
-3.59278044794668e-08
1.47720015895142e-07
-7.6447804798535e-06
-3.65103708984543e-10
1.86395138039586e-10
-5.87933633488039e-08
1.13864518942047e-11
-1.90549832856934e-13
-4.74692932531107e-11
1.22336494233488e-14
-2.20155924740562e-13
1.67963082678413e-13
-1.62630325872826e-19
-9.40703678148358e-14
9.66102198241003e-14
4.87890977618477e-19
-6.17095350513575e-15
2.69239925493325e-14
7.04731412115578e-19
-3.22008045228195e-17
1.46844342241437e-15
5.96311194867027e-19
6.07153216591882e-18
2.62376925741492e-17
9.75781955236954e-19
-3.14418630020796e-18
-1.43114686768087e-17
-4.87890977618477e-19
-2.97071395261028e-17
-5.42101086242752e-20
6.64334569236458e-05
-0.000244274858323975
-3.46647757473262e-06
0.000237750962875382
-0.00115020705257007
3.53835130706767e-05
0.000308235515883861
-0.00140514508366277
2.29608860838105e-05
0.000219036037974735
-0.000897671457571317
1.37521435023398e-06
3.4475204261701e-05
-0.000208770629615538
-2.21320490614743e-07
6.22862973980289e-07
-1.36782421343892e-05
-2.7589179340344e-08
9.716562031966e-10
-1.45461162844029e-07
-2.12185926923465e-10
-5.68662955266475e-14
-1.57111996372875e-10
-4.5500007841287e-14
-1.5508731451841e-13
1.29689444947068e-13
4.64038529823796e-17
-9.46311171784453e-14
8.27094469302292e-14
-4.49943901581484e-18
-9.39569602675938e-15
2.62116717220096e-14
2.16840434497101e-19
-9.18319240095222e-17
1.64777046174347e-15
0
0
3.18755438710738e-17
-2.05998412772246e-18
-4.77048955893622e-18
-4.11996825544492e-18
0
-8.45677694538693e-18
2.71050543121376e-19
0.000521638243197531
-0.000328966947071952
-1.42121506568506e-05
0.000615334620486889
-0.000844563114159549
8.49541944261648e-05
0.000604136808895996
-0.0011557777977956
6.73226041834689e-05
0.000343963446212548
-0.000785527451793157
3.261123060963e-05
6.11321171624412e-05
-0.000191674556989524
-5.02480076821602e-07
1.32707982420331e-06
-1.40646072905532e-05
-8.57484377644652e-07
2.45164366227939e-09
-1.79222772599954e-07
-1.20948606814565e-08
1.9987277891792e-13
-2.42212810138559e-10
-9.63572288365661e-12
-1.00302036641631e-13
7.22165383049145e-14
1.32993659487934e-15
-9.42919787388918e-14
6.56759802791784e-14
-1.70761842166467e-17
-1.18117321479261e-14
2.2477028918666e-14
9.21571846612679e-19
-1.65774512173034e-16
1.7577085620335e-15
5.42101086242752e-19
-3.90312782094782e-18
2.64545330086463e-17
-1.78893358460108e-18
-2.27682456221956e-18
6.50521303491303e-19
1.78893358460108e-18
-3.03576608295941e-18
1.57209315010398e-18
0.000971974716862723
2.08599953137908e-06
-0.000875284444938705
0.00111131142755774
7.99722502769114e-05
-0.000547534811725192
0.000826624069126187
5.18604875182742e-05
-0.000613921887066296
0.000383790033424884
5.12874587617788e-05
-0.000499396440589051
7.08681180408854e-05
6.13200565609468e-06
-0.00012743094749481
1.77632140280882e-06
-1.086918811124e-06
-1.02348613974087e-05
3.86298575338071e-09
-1.67295743373937e-08
-1.46599635757736e-07
5.20548231255913e-13
-2.60273465106653e-11
-2.26606241800556e-10
-7.72746124901025e-14
6.12400755106712e-15
2.32472461419997e-14
-7.37094304863184e-14
4.11996825544492e-18
3.79710369050046e-14
-1.2849422047212e-14
7.69783542464708e-18
1.35103516915591e-14
-2.355971320811e-16
2.05998412772246e-18
1.29670579829266e-15
-4.77048955893622e-18
-9.75781955236954e-19
2.24429849704499e-17
-2.38524477946811e-18
7.04731412115578e-19
4.01154803819637e-18
1.02999206386123e-18
2.05998412772246e-18
-3.26201313304017e-05
-0.000662688076975024
-3.48446372421777e-07
6.06426926332745e-05
-0.00158703337861672
-2.19961994522062e-05
0.000141540752511422
-0.00157272383432967
-4.9823049895931e-07
8.87510447501594e-05
-0.000830617343326696
1.24654746902204e-07
1.0377845669219e-05
-0.000156344941121685
3.59648299034262e-08
1.49157991779776e-07
-7.60631318184944e-06
3.68188184313775e-10
1.89293780628562e-10
-5.97149284282603e-08
-1.13655036987695e-11
-1.90360314317184e-13
-4.87170436370282e-11
-1.22221026702118e-14
-2.20145191139054e-13
1.67795248182112e-13
5.0415401020576e-18
-9.4072644639398e-14
9.65698875032839e-14
6.01732205729455e-18
-6.17149560622199e-15
2.6925510432374e-14
6.88468379528295e-18
-3.18755438710738e-17
1.47690019935975e-15
3.95733792957209e-18
7.91467585914418e-18
3.10081821330854e-17
-1.24683249835833e-18
-2.16840434497101e-18
1.0842021724855e-18
-9.75781955236954e-19
-2.21177243187043e-17
-7.04731412115578e-19
4.40763836585967e-05
-0.000242741827823182
3.46829218492276e-06
0.000271202428294577
-0.00139038633982008
-3.53849977254614e-05
0.000331435917905941
-0.00158010204517377
-2.29706608209893e-05
0.000223019664466899
-0.000954831017044282
-1.37595311376561e-06
3.25709024915178e-05
-0.000200745081962441
2.21306444414125e-07
5.87463932602648e-07
-1.21924802043852e-05
2.75976654478313e-08
9.4944631963325e-10
-1.29867252247635e-07
2.12343089997253e-10
-5.52463890607369e-14
-1.51582727489843e-10
4.5693212668424e-14
-1.55161582367225e-13
1.29492770672979e-13
-4.71627945031194e-17
-9.46354539871352e-14
8.28219871157332e-14
1.01915004213637e-17
-9.3977560108871e-15
2.62056001898436e-14
7.04731412115578e-18
-8.69530142333375e-17
1.64625257870199e-15
6.5594231435373e-18
6.50521303491303e-19
3.70797142990043e-17
2.16840434497101e-18
-3.68628738645072e-18
-4.11996825544492e-18
-3.41523684332934e-18
-1.25767452008319e-17
1.40946282423116e-18
0.000550846020415647
-0.000365681574859395
1.4214461209976e-05
0.000717005824928894
-0.00101754328157538
-8.49557824658654e-05
0.000703774708764484
-0.00130374046565423
-6.73237461573219e-05
0.000367433390243351
-0.000875975372756834
-3.26177835108857e-05
5.48756147226498e-05
-0.000186984669267184
5.02323329135861e-07
1.12853737687464e-06
-1.17734571621726e-05
8.57544531016193e-07
2.21196250172698e-09
-1.42410041747369e-07
1.20973658350931e-08
1.99471190433231e-13
-2.08573864776684e-10
9.6517093904798e-12
-1.00210096297404e-13
7.18678588862431e-14
-1.33346025193992e-15
-9.45485009729019e-14
6.57375629625756e-14
1.70219741080224e-17
-1.18106479457536e-14
2.24603322052097e-14
3.68628738645072e-18
-1.64039788697057e-16
1.75402227464705e-15
6.66784336078585e-18
-2.60208521396521e-18
2.94902990916057e-17
5.42101086242752e-18
-2.71050543121376e-18
-6.50521303491303e-18
3.25260651745651e-18
-8.23993651088983e-18
1.84314369322536e-18
0.00103437550786122
-2.0858550998699e-06
-0.0010361138602508
0.00129166746454523
-7.99708224360035e-05
-0.000515666333789348
0.00097559412827045
-5.1859904957128e-05
-0.000524071506876837
0.000431394597558119
-5.12865228473391e-05
-0.000523087862021814
6.24752946658719e-05
-6.13741018729843e-06
-0.000139439150882697
1.39450915300447e-06
1.08687679981496e-06
-9.64629148127226e-06
3.23559052906605e-09
1.6728961666618e-08
-1.22315269412325e-07
4.92248711410348e-13
2.60309765821691e-11
-1.88622889226234e-10
-7.72818224345495e-14
-6.13447010203161e-15
2.40774197454718e-14
-7.37323071521578e-14
-2.87313575708659e-18
3.79831799693364e-14
-1.28422121027649e-14
-4.60785923306339e-18
1.34967991644031e-14
-2.35055030994857e-16
2.35271871429354e-17
1.29833210155139e-15
-3.57786716920216e-18
7.37257477290143e-18
2.28766658394441e-17
-2.71050543121376e-18
5.09575021068187e-18
-7.58941520739853e-19
4.06575814682064e-18
-3.03576608295941e-18
-2.33476068464388e-05
-0.000648920815054879
3.48446399257949e-07
6.09222583655323e-05
-0.00148347282771179
2.19962332610247e-05
0.000140253217687651
-0.00153610501762327
4.98247980718568e-07
8.94285178580085e-05
-0.000832636230461901
-1.24654068507906e-07
1.04165949791083e-05
-0.00015886304571397
-3.5966357343222e-08
1.47721997727159e-07
-7.6449330753711e-06
-3.68294921686621e-10
1.86396461850438e-10
-5.87947752640934e-08
1.13649154648808e-11
-1.90536822430865e-13
-4.74698392573247e-11
1.22221026702118e-14
-2.20141179591016e-13
1.6795766166755e-13
-5.14996031930615e-18
-9.40536711013795e-14
9.65184963203081e-14
-6.1257422745431e-18
-6.16596617514231e-15
2.68955864524134e-14
-6.72205346941013e-18
-4.00070601647151e-17
1.52135248843166e-15
-3.79470760369927e-18
-5.09575021068187e-18
-6.72205346941013e-18
-8.67361737988404e-19
-7.26415455565288e-18
-1.36609473733174e-17
-1.68051336735253e-18
-1.73472347597681e-17
-1.19262238973405e-18
6.6437589421718e-05
-0.000244283273965316
-3.46833900106486e-06
0.00023774528871384
-0.00115019197054471
3.53848962058287e-05
0.000308229548421415
-0.00140512584385778
2.29706996031898e-05
0.000219033484202905
-0.00089765676709442
1.37596989330149e-06
3.44756777590136e-05
-0.000208769507894711
-2.21307630417623e-07
6.22884548924811e-07
-1.36787147776659e-05
-2.75981390922297e-08
9.71697699191608e-10
-1.45472591529285e-07
-2.12350067651385e-10
-5.68546945634019e-14
-1.57129018997504e-10
-4.56992299904813e-14
-1.55080917725592e-13
1.29682722893598e-13
4.73254248289923e-17
-9.46258045878001e-14
8.27189879093471e-14
-1.04083408558608e-17
-9.39168447872119e-15
2.61882529550839e-14
-6.88468379528295e-18
-9.31329666165048e-17
1.60678761962352e-15
-6.61363325216158e-18
-6.50521303491303e-18
-1.47451495458029e-17
-1.51788304147971e-18
-5.42101086242752e-18
-3.664603343001e-17
2.00577401909818e-18
-4.31512464649231e-17
-3.57786716920216e-18
0.00052164132601853
-0.000328973728115858
-1.42144977510375e-05
0.000615325037530923
-0.000844564239407478
8.49557344995436e-05
0.00060412493811778
-0.0011557817089852
6.73236639023571e-05
0.000343955296011681
-0.000785520974662327
3.26178420804548e-05
6.11323186106303e-05
-0.000191669615158242
-5.02317910721338e-07
1.32714149784629e-06
-1.40648334812272e-05
-8.57548697292675e-07
2.45183285501639e-09
-1.79236623027053e-07
-1.20974767987402e-08
1.9990628076505e-13
-2.42248776810908e-10
-9.65231860368052e-12
-1.00297699832941e-13
7.22063468044931e-14
1.33459866422103e-15
-9.42912197973711e-14
6.56824854922133e-14
-1.70761842166467e-17
-1.18056606157602e-14
2.24596816839062e-14
-3.95733792957209e-18
-1.64690310000548e-16
1.70328161297473e-15
-7.53520509877426e-18
-5.96311194867027e-18
-1.86482773667507e-17
-6.07153216591882e-18
-7.37257477290143e-18
-3.59955121265187e-17
-5.58364118830035e-18
-3.27429056090622e-17
-4.22838847269347e-18
0.000971979271148922
2.08587304450789e-06
-0.00087528630146573
0.00111130951691155
7.99708215146528e-05
-0.000547542830428342
0.00082661464889281
5.18598033170054e-05
-0.000613951018116602
0.000383780977158002
5.12864627666375e-05
-0.000499405856568865
7.086694447318e-05
6.13765014806003e-06
-0.000127428633451764
1.77638760992223e-06
-1.08687716331667e-06
-1.02347497106191e-05
3.86328865794629e-09
-1.67289628190707e-08
-1.46605253149921e-07
5.2061534337039e-13
-2.60311908747285e-11
-2.26629556267233e-10
-7.72739077586904e-14
6.13663850637658e-15
2.32424756524408e-14
-7.37101352177305e-14
2.60208521396521e-18
3.79584601598038e-14
-1.28525120234035e-14
3.19839640883224e-18
1.35104601117764e-14
-2.33482937844753e-16
-2.19008838842072e-17
1.28510483504707e-15
-3.63207727782644e-18
-8.51098705401121e-18
-7.69783542464708e-18
-4.28259858131774e-18
-7.10152422978005e-18
-2.47198095326695e-17
-6.83047368665868e-18
-2.47198095326695e-17
-3.26201828712544e-05
-0.000662688197890058
6.0642681651075e-05
-0.00158703435623748
0.00014154080260095
-0.00157272488613891
8.87510486260181e-05
-0.000830617571460511
1.03778400203086e-05
-0.0001563448961453
1.49157923276196e-07
-7.60630818705905e-06
1.89293763498168e-10
-5.97148923290984e-08
-1.90361181678922e-13
-4.87170484075178e-11
-2.20144974298619e-13
1.6779850078863e-13
-9.40736204213533e-14
9.65694538224149e-14
-6.16921878165977e-15
2.69194389002081e-14
-3.07913416985883e-17
1.46844342241437e-15
2.92734586571086e-18
2.51534904016637e-17
-3.14418630020796e-18
1.21430643318376e-17
-1.2793585635329e-17
4.4076271822752e-05
-0.000242741716877751
0.000271202589433181
-0.00139038717988798
0.000331436152406002
-0.00158010331237628
0.000223019789105886
-0.000954831867469118
3.25708809399534e-05
-0.00020074512184051
5.87463226798743e-07
-1.21924700601087e-05
9.49445149995946e-10
-1.29867003657424e-07
-5.52472564224749e-14
-1.5158234628436e-10
-1.55161473947008e-13
1.29496240119931e-13
-9.46372971308285e-14
8.28202523922572e-14
-9.39363604263166e-15
2.62003960194157e-14
-9.22656048785164e-17
1.64972202565394e-15
-2.05998412772246e-18
3.2309224740068e-17
-5.31259064517897e-18
1.51788304147971e-18
-1.30104260698261e-18
0.000550845916971016
-0.000365681615809209
0.000717006142601383
-0.00101754338734403
0.00070377507387071
-0.00130374055373787
0.000367433681183545
-0.000875976037005004
5.48756070968532e-05
-0.000186984841566271
1.12853557126982e-06
-1.17734608557937e-05
2.21195693586671e-09
-1.42409875958979e-07
1.99469889390624e-13
-2.08573171971496e-10
-1.00211397340011e-13
7.18674252053741e-14
-9.45500188559434e-14
6.57356113986651e-14
-1.18088048020604e-14
2.24598985243407e-14
-1.65015570652294e-16
1.75835908333699e-15
-4.44522890719057e-18
2.62376925741492e-17
-2.60208521396521e-18
8.67361737988404e-19
-6.50521303491303e-19
0.00103437540677547
-0.00103611388128502
0.00129166743583414
-0.000515666185945967
0.000975594345173982
-0.000524070954339311
0.000431394904189761
-0.000523087646592207
6.24753462033911e-05
-0.000139439234528872
1.39450745207157e-06
-9.64629837274663e-06
3.23558094726673e-09
-1.22315317411473e-07
4.92246434585786e-13
-1.88622763458782e-10
-7.72831234771565e-14
2.40752513411269e-14
-7.37340418756338e-14
3.79820957671639e-14
-1.28413989511356e-14
1.35024370157e-14
-2.34296089474118e-16
1.29735631959615e-15
-4.60785923306339e-18
2.29850860566927e-17
-2.60208521396521e-18
5.42101086242752e-18
2.71050543121376e-18
0.000674775672310002
-0.000403157367248355
6.3893141581527e-05
6.38933412682084e-05
0.000653232482345296
-0.000287639155218855
1.03008611522218e-05
1.03000881967024e-05
0.00055597306106856
-0.000282020839133451
3.762110607678e-06
3.75996665193291e-06
0.000237930455202338
-0.000266615720451131
2.09455728316769e-05
2.09423518775424e-05
4.21548377905642e-05
-7.43736016732715e-05
7.94438984198206e-06
7.94748599507476e-06
1.13495059425226e-06
-5.91945240507126e-06
-5.33217075181225e-07
-5.33195045570342e-07
2.72986732879703e-09
-8.8042571562896e-08
-8.10081665365402e-09
-8.0988463171624e-09
4.40099237435099e-13
-1.42252272461452e-10
-1.72653910482726e-11
-1.72625298387394e-11
-3.70942155030612e-14
7.27543025824673e-15
2.69332082677987e-15
2.69153189319526e-15
-3.4683952758463e-14
1.89230141972585e-14
5.42101086242752e-19
2.71050543121376e-19
-7.32530355818106e-15
7.02476271596808e-15
2.71050543121376e-19
1.35525271560688e-18
-1.63714528045311e-16
7.20777604268363e-16
5.36680075380325e-18
2.27682456221956e-18
-2.00577401909818e-18
1.49619899803e-17
5.14996031930615e-18
5.42101086242752e-19
-1.40946282423116e-18
1.73472347597681e-18
3.25260651745651e-18
7.04731412115578e-19
1.0842021724855e-18
3.36102673470506e-18
-4.33680868994202e-19
0.000462927433310087
-0.000118377469237047
1.61370945281906e-05
1.6137687422019e-05
0.000428753518408967
-8.51631846567953e-05
-9.76106275802209e-06
-9.76346804629089e-06
0.000401579926795511
-7.24243453591808e-05
-2.15415705864069e-05
-2.15450369142226e-05
0.000178887917590388
-8.15065062167461e-05
4.81863337127792e-07
4.7644271792993e-07
3.03674996547275e-05
-2.33993546512713e-05
3.14348286474818e-06
3.14353122913224e-06
8.16688409955275e-07
-1.56387361868553e-06
-9.69318585911528e-09
-9.59547712196373e-09
2.06874092536407e-09
-2.15318321582876e-08
-2.49039809651144e-09
-2.48681357749086e-09
3.66775552529224e-13
-3.79363188540878e-11
-8.50874150868167e-12
-8.50015262170156e-12
-2.37284557237302e-14
1.6733034229055e-15
1.3573126997346e-15
1.3575295401691e-15
-2.18537752998127e-14
5.04463007824918e-15
4.98732999343332e-18
4.60785923306339e-18
-4.96529358427755e-15
1.90917160552972e-15
-7.58941520739853e-19
-4.33680868994202e-19
-1.23978518423717e-16
2.01444763647807e-16
3.30681662608079e-18
2.05998412772246e-18
-1.21972744404619e-18
3.84891771232354e-18
3.36102673470506e-18
-2.16840434497101e-19
-6.64073830647371e-19
1.13841228110978e-18
2.71050543121376e-18
5.96311194867027e-19
1.30104260698261e-18
3.14418630020796e-18
-4.33680868994202e-19
0.000177568181794067
-1.49941912108522e-05
-1.49916273406146e-05
0.000159782545319123
-6.8248107279739e-06
-6.82568604180216e-06
0.000154422884987713
-1.08800588432386e-05
-1.08875276284574e-05
6.96814633820141e-05
-8.46433557419351e-06
-8.47151195496591e-06
1.11858718891711e-05
-5.91835471107534e-07
-5.92428105096075e-07
2.93411641746913e-07
1.60069395463956e-07
1.60177742828619e-07
7.66652498402449e-10
3.04082787004915e-09
3.04369998161465e-09
1.4501528640019e-13
3.39289772492701e-12
3.39854153933589e-12
-8.18607876797162e-15
8.56953397132543e-16
8.58200229630901e-16
-7.48532502257634e-15
7.31836466427715e-18
7.15573433840433e-18
-1.77494737657602e-15
-1.30104260698261e-18
3.79470760369927e-19
-4.7081479340183e-17
-5.42101086242752e-20
1.46367293285543e-18
-2.57498015965307e-19
1.95156391047391e-18
-1.62630325872826e-19
-1.55854062294791e-19
1.73472347597681e-18
5.96311194867027e-19
2.00577401909818e-18
-1.62630325872826e-19
0.000737325272389853
-0.000379457055555854
-6.38931779230544e-05
0.000732554266527124
-0.000230329182526717
-1.0300912614875e-05
0.000650474615909973
-0.000165720677273957
-3.76225885858895e-06
0.00026944367627531
-0.000224451793832254
-2.09457042660469e-05
3.96288100949392e-05
-8.03335682246944e-05
-7.94432044558924e-06
9.12476722885201e-07
-6.4331548516555e-06
5.33218530269933e-07
2.24829234092908e-09
-8.53975776006531e-08
8.10087351626326e-09
4.00590232643369e-13
-1.3069236849423e-10
1.72654972458754e-11
-3.71091503879872e-14
7.47394767602882e-15
-2.692724515585e-15
-3.47028991914272e-14
1.89113048137957e-14
5.96311194867027e-19
-7.320262018079e-15
7.02769006183379e-15
1.0842021724855e-19
-1.63091111796132e-16
7.13947130581705e-16
-4.49943901581484e-18
-1.92445885616177e-18
-3.03576608295941e-18
-5.63785129692462e-18
-1.76182853028894e-18
-1.30104260698261e-17
-4.22838847269347e-18
-1.16009632455949e-17
-3.74049749507499e-18
0.000516309202186332
-6.71174491747436e-05
-1.61371194035021e-05
0.0004806228879428
-5.68491014464033e-05
9.76101470373731e-06
0.000447989935912713
-3.39703439617515e-05
2.15414044479237e-05
0.00019434326037358
-5.09784539538834e-05
-4.82059927817862e-07
2.94512366011661e-05
-2.24955214766287e-05
-3.14348028543782e-06
7.19498436052243e-07
-2.10889568632276e-06
9.69601303369913e-09
1.8231810244325e-09
-3.05853208795314e-08
2.49046328378759e-09
3.40262188000193e-13
-4.83312398349284e-11
8.50891942625817e-12
-2.37350829095095e-14
8.02472237965146e-16
-1.35666217843111e-15
-2.18611478745856e-14
5.02966808826888e-15
-3.74049749507499e-18
-4.96357241332873e-15
1.9131289434593e-15
1.51788304147971e-18
-1.23517732500411e-16
2.00902662561564e-16
-1.68051336735253e-18
-1.24683249835833e-18
-2.38524477946811e-18
-3.52365706057789e-18
-1.01643953670516e-18
-4.11996825544492e-18
-3.30681662608079e-18
-5.09575021068187e-18
-3.84891771232354e-18
0.000182970763473715
1.4994091432599e-05
0.00016838891316439
6.82477743621886e-06
0.000160034184426788
1.08800956523974e-05
7.11503758767688e-05
8.46430068912976e-06
1.10789683814408e-05
5.91822081390898e-07
2.87558679996904e-07
-1.60070241553647e-07
7.52315931427906e-10
-3.0408334695739e-09
1.43050664629801e-13
-3.39286866830879e-12
-8.18651922510419e-15
-8.56086035394554e-16
-7.48584001860828e-15
-5.80048162279745e-18
-1.77502191547538e-15
2.11419423634673e-18
-4.71018081309171e-17
1.40946282423116e-18
-2.37169225231204e-19
-2.27682456221956e-18
-1.55854062294791e-19
-1.78893358460108e-18
-2.38524477946811e-18
0.000674775623442415
-0.000403157316941806
6.38933636170812e-05
0.00065323238672889
-0.000287638912714453
1.03001618087238e-05
0.000555973093709466
-0.000282020234567984
3.76018657295587e-06
0.000237930561439316
-0.000266615251964002
2.09425892320067e-05
4.2154871796859e-05
-7.43735603303533e-05
7.94731323152563e-06
1.13494991895038e-06
-5.91945878788882e-06
-5.33197300909432e-07
2.72986217319886e-09
-8.80426307580577e-08
-8.09896986286732e-09
4.400979906026e-13
-1.42252264980457e-10
-1.72627320966547e-11
-3.70944052384414e-14
7.27337027411901e-15
2.6909355820004e-15
-3.4684034073626e-14
1.89193279098721e-14
-2.16840434497101e-19
-7.32533066323537e-15
7.02497955640258e-15
2.22261445359528e-18
-1.63931368479808e-16
7.15573433840433e-16
7.04731412115578e-19
-2.41234983378025e-18
1.40946282423116e-17
1.62630325872826e-19
-1.49077798716757e-18
4.33680868994202e-18
1.40946282423116e-18
3.46944695195361e-18
4.87890977618477e-19
0.000462927426335415
-0.000118377395117756
1.61376832490887e-05
0.000428753498246874
-8.51630842309393e-05
-9.7633467162405e-06
0.000401579892305637
-7.24241421811935e-05
-2.15447581074739e-05
0.000178887931809013
-8.15062422660501e-05
4.76816098110599e-07
3.03675160496175e-05
-2.33993050337007e-05
3.14352560638859e-06
8.16688303109089e-07
-1.5638765402597e-06
-9.60157623558239e-09
2.06873923936193e-09
-2.15319398653166e-08
-2.48699810512275e-09
3.66775227268572e-13
-3.79365255030219e-11
-8.50061389551585e-12
-2.37285099338388e-14
1.67178553986402e-15
1.35682480875698e-15
-2.18537888523399e-14
5.0428953547732e-15
3.95733792957209e-18
-4.96514450647884e-15
1.90862950444348e-15
-1.62630325872826e-19
-1.24046281059498e-16
1.98246367238974e-16
-8.13151629364128e-19
-1.31459513413867e-18
4.28259858131774e-18
-3.25260651745651e-19
-7.18283939271647e-19
1.78893358460108e-18
1.24683249835833e-18
2.05998412772246e-18
4.33680868994202e-19
0.000177568161464337
-1.49916209509507e-05
0.000159782530500984
-6.82562809336179e-06
0.000154422864859136
-1.08873184422392e-05
6.96814431483929e-05
-8.47124088665949e-06
1.11858730918365e-05
-5.92394922763759e-07
2.934117013806e-07
1.60175019990009e-07
7.66652610685137e-10
3.04361025049498e-09
1.45015299952717e-13
3.39832545784291e-12
-8.1860516629173e-15
8.57766548761907e-16
-7.48530469378561e-15
6.5594231435373e-18
-1.77497448163033e-15
4.87890977618477e-19
-4.71221369216512e-17
-6.50521303491303e-19
-2.43945488809238e-19
-1.0842021724855e-19
-1.62630325872826e-19
1.19262238973405e-18
3.79470760369927e-19
0.000737324865988169
-0.000379455931731013
-6.38924882375476e-05
0.000732552095456618
-0.000230323442306811
-1.02986475694778e-05
0.000650476177274386
-0.000165708300709803
-3.75573805244184e-06
0.000269447873764249
-0.000224436237955058
-2.09385883971665e-05
3.96300347415493e-05
-8.03329037295837e-05
-7.94944685787692e-06
9.12458170984463e-07
-6.43329164358583e-06
5.33153762157022e-07
2.24812968311868e-09
-8.54022315703541e-08
8.09725729603852e-09
4.00538516199742e-13
-1.30703815609187e-10
1.72595410728206e-11
-3.71084727616294e-14
7.4758992399393e-15
-2.69153189319526e-15
-3.47021944600151e-14
1.89118469148819e-14
-1.0842021724855e-19
-7.31912360579789e-15
7.02443745531633e-15
-2.92734586571086e-18
-1.63389267393566e-16
7.18609199923392e-16
2.27682456221956e-18
-1.97866896478605e-18
1.32272665043232e-17
4.44522890719057e-18
-1.57209315010398e-18
-6.50521303491303e-19
2.87313575708659e-18
1.0842021724855e-19
2.98155597433514e-18
0.000516309407348266
-6.71168887121204e-05
-1.61372031265116e-05
0.000480622990305704
-5.68452512702384e-05
9.76481342765851e-06
0.000447990475956934
-3.39597272695586e-05
2.15499786665424e-05
0.000194345776287768
-5.09663324550666e-05
-4.70732484006094e-07
2.94517576715688e-05
-2.24941847205764e-05
-3.14357241289632e-06
7.19486826982174e-07
-2.10903612207883e-06
9.51349807888939e-09
1.82309287363237e-09
-3.05897881790001e-08
2.48499116629105e-09
3.40235353996424e-13
-4.83418786771661e-11
8.49510815425364e-12
-2.37348389640207e-14
8.00900144815042e-16
-1.35769217049497e-15
-2.18607141937166e-14
5.02885493663952e-15
-3.90312782094782e-18
-4.9632742577313e-15
1.90955107629009e-15
4.33680868994202e-19
-1.23910755787937e-16
2.00523191801194e-16
2.60208521396521e-18
-1.12485975395371e-18
3.90312782094782e-18
3.36102673470506e-18
-7.04731412115578e-19
3.25260651745651e-19
2.87313575708659e-18
6.50521303491303e-19
2.54787510534094e-18
0.000182970362825241
1.49944063435877e-05
0.000168388989045634
6.82660006872494e-06
0.00016003372169829
1.08863897887671e-05
7.11503151951994e-05
8.47250283157974e-06
1.10790371128465e-05
5.92844031807658e-07
2.87558246079177e-07
-1.60147939255435e-07
7.52305578733726e-10
-3.043476543051e-09
1.43047147749004e-13
-3.39934379473342e-12
-8.18637014730547e-15
-8.57874968979155e-16
-7.48563673070093e-15
-6.93889390390723e-18
-1.77485250888593e-15
0
-4.71153606580732e-17
5.42101086242752e-20
-2.64274279543342e-19
2.38524477946811e-18
-1.76182853028894e-19
2.05998412772246e-18
1.62630325872826e-18
0.000674777023169546
-0.000403158405880802
6.38925022351694e-05
0.000653235547840848
-0.000287646629330315
1.02986254201741e-05
0.000555972349460674
-0.000282039385463009
3.75566638113661e-06
0.000237927304097355
-0.0002666300819154
2.09384824768302e-05
4.21538035787333e-05
-7.43749189180994e-05
7.9495502241632e-06
1.13496993037866e-06
-5.91926065767856e-06
-5.331529619293e-07
2.73001997172354e-09
-8.80408035641711e-08
-8.097190654522e-09
4.40140762378305e-13
-1.42252743655716e-10
-1.72594451209283e-11
-3.70946491839302e-14
7.27271975281552e-15
2.69174873362976e-15
-3.4683952758463e-14
1.89196531705238e-14
-3.25260651745651e-19
-7.32701117660273e-15
7.02497955640258e-15
2.22261445359528e-18
-1.63118216850444e-16
7.11995566671231e-16
-1.62630325872826e-18
-1.8702487475375e-18
-3.46944695195361e-18
-5.09575021068187e-18
-1.78893358460108e-18
-1.3986208025063e-17
-3.68628738645072e-18
-1.36609473733174e-17
-4.44522890719057e-18
0.000462927635755924
-0.000118379420765049
1.61372321809376e-05
0.000428754257617983
-8.51662123607185e-05
-9.76488670442445e-06
0.00040158129047376
-7.24307268883343e-05
-2.15500913376085e-05
0.000178887575232399
-8.15146738845198e-05
4.7055569138806e-07
3.03669957756825e-05
-2.34008931474778e-05
3.14357545797906e-06
8.1669100978314e-07
-1.56378880968771e-06
-9.51022621753766e-09
2.0687912544897e-09
-2.15286024543484e-08
-2.48487186350291e-09
3.66791815561811e-13
-3.7930038775634e-11
-8.49482452696532e-12
-2.37283879610944e-14
1.67308658247101e-15
1.35763796038635e-15
-2.18535178017967e-14
5.04284114466458e-15
3.03576608295941e-18
-4.96644554908582e-15
1.90922581563835e-15
-1.30104260698261e-18
-1.23422864810319e-16
2.000895109322e-16
-1.35525271560688e-18
-1.2603850255144e-18
-2.60208521396521e-18
-3.57786716920216e-18
-8.13151629364128e-19
-5.14996031930615e-18
-3.46944695195361e-18
-4.55364912443912e-18
-3.90312782094782e-18
0.00017756880277579
-1.49943129389511e-05
0.000159783011995247
-6.82662471995294e-06
0.000154423535895534
-1.08866357847688e-05
6.96821030361204e-05
-8.4727390185061e-06
1.11858353609572e-05
-5.92863824817988e-07
2.9340976407237e-07
1.60151508167203e-07
7.66649146042556e-10
3.04357186751546e-09
1.45014818838003e-13
3.39953087381828e-12
-8.1861465306074e-15
8.57332867892913e-16
-7.48538600894855e-15
5.6920614055489e-18
-1.77519809832841e-15
-1.24683249835833e-18
-4.70950318673391e-17
3.25260651745651e-19
-2.43945488809238e-19
-2.05998412772246e-18
-2.03287907341032e-19
-2.54787510534094e-18
-2.60208521396521e-18
0.000737324853664803
-0.000379455912292646
0.000732552026507556
-0.000230323262062643
0.00065047623659193
-0.000165707887551211
0.000269448019262837
-0.000224435718531829
3.96300759743634e-05
-8.03328853432153e-05
9.12457508252034e-07
-6.43329662285206e-06
2.24812404410186e-09
-8.54023936259444e-08
4.00536862791429e-13
-1.30704207439852e-10
-3.71088522323898e-14
7.47438135689782e-15
-3.47029805065902e-14
1.89116300744474e-14
-7.31877124009184e-15
7.02888268422353e-15
-1.63253742122005e-16
7.15898694492179e-16
-1.95156391047391e-18
1.38777878078145e-17
-1.30104260698261e-18
2.16840434497101e-18
3.90312782094782e-18
0.000516309414721166
-6.71168827414585e-05
0.000480622994906237
-5.68451289577002e-05
0.000447990495852124
-3.39593705996521e-05
0.000194345863221858
-5.09659239938992e-05
2.94517753641528e-05
-2.24941408221805e-05
7.19486422034505e-07
-2.10904100256601e-06
1.8230898368634e-09
-3.05899408411712e-08
3.40234459529631e-13
-4.83422383070267e-11
-2.37348796216022e-14
8.01604876227158e-16
-2.18610530068955e-14
5.02961387816026e-15
-4.96252886873771e-15
1.91128579976607e-15
-1.23870098206469e-16
1.9819215713035e-16
-1.09775469964157e-18
4.28259858131774e-18
-6.64073830647371e-19
1.19262238973405e-18
2.49366499671666e-18
0.000182970349514311
0.000168388991172562
0.000160033705603062
7.11503136591965e-05
1.10790394930573e-05
2.87558231633532e-07
7.52305218758276e-10
1.43047046105051e-13
-8.18637692356905e-15
-7.4856773882824e-15
-1.77476441745941e-15
-4.7081479340183e-17
-2.71050543121376e-19
-1.76182853028894e-19
)
;

boundaryField
{
    inlet
    {
        type            calculated;
        value           nonuniform List<scalar> 
24
(
-4.39968006206832e-05
-4.39968721493136e-05
-4.39967952659825e-05
-4.39969432369592e-05
-4.39968945471754e-05
-4.39969476382735e-05
-0.000923273091138151
-0.000542418045857739
-0.00017710625602708
-0.000923273135041032
-0.000542418057127426
-0.000177106254856131
-0.000923273090864493
-0.000542418045681466
-0.000177106255997468
-0.000923273137001255
-0.000542418059769713
-0.000177106255522218
-0.000923273101290393
-0.000542418050728019
-0.000177106256932589
-0.000923273137031555
-0.000542418059880051
-0.000177106255558891
)
;
    }
    outlet
    {
        type            calculated;
        value           nonuniform List<scalar> 
156
(
0.000983928261323705
0.0017427264499521
0.00155719052981676
0.000789708076725308
0.000146979344234196
6.44854754124416e-06
4.25094480072281e-08
2.69468939349815e-11
-7.79445952225899e-14
-4.98307992091718e-14
-9.22178999829271e-15
-3.04010289164935e-16
-6.07153216591882e-18
-4.77048955893622e-18
0
0.000993935992520227
0.00179110592286256
0.00156701445536802
0.000786958665387752
0.000146207522644017
6.43889545373991e-06
4.27228672383005e-08
2.71744723077949e-11
-7.79315847965201e-14
-4.98221255917919e-14
-9.21181533830584e-15
-2.98806118737005e-16
-1.30104260698261e-18
-8.67361737988404e-19
-1.30104260698261e-18
0.00098392833146885
0.00174272679724385
0.00155719071595891
0.000789708056874932
0.000146979314057726
6.44854529093354e-06
4.2509433132408e-08
2.69468861287259e-11
-7.79445952225899e-14
-4.98321002517788e-14
-9.22005527481673e-15
-3.02709246557953e-16
-5.20417042793042e-18
-1.73472347597681e-18
3.03576608295941e-18
0.000993940072072255
0.00179112613816653
0.00156702521066379
0.000786959586715387
0.000146206713117675
6.43883127291736e-06
4.27225116876422e-08
2.7174369525429e-11
-7.7938523690424e-14
-4.98312328900408e-14
-9.22092263655472e-15
-3.04010289164935e-16
-6.07153216591882e-18
-3.90312782094782e-18
8.67361737988404e-19
0.000983925332288563
0.00174271528709866
0.00155718434877241
0.000789708333297486
0.000146980171084194
6.4486120281192e-06
4.25098880215725e-08
2.6947110775416e-11
-7.7936355286079e-14
-4.98212582300539e-14
-9.21094797656785e-15
-2.99239799605999e-16
-1.73472347597681e-18
-8.67361737988404e-19
0
0.000993940192636972
0.00179112679653938
0.00156702555379186
0.000786959605576298
0.000146206683157581
6.43882903883031e-06
4.27225000780053e-08
2.7174372561195e-11
-7.7939391052162e-14
-4.98321002517788e-14
-9.21962159394774e-15
-3.03142927426947e-16
-6.07153216591882e-18
-3.90312782094782e-18
1.73472347597681e-18
-7.58941520739853e-19
-1.40946282423116e-18
-1.30104260698261e-18
-8.67361737988404e-19
-4.33680868994202e-19
-2.43945488809238e-19
-6.09863722023096e-20
0
-2.16840434497101e-18
-2.16840434497101e-18
-1.73472347597681e-18
-5.42101086242752e-19
-3.52365706057789e-19
-7.45388993583784e-20
-7.58941520739853e-19
-1.73472347597681e-18
-7.58941520739853e-19
-7.58941520739853e-19
-3.79470760369927e-19
-2.57498015965307e-19
-6.09863722023096e-20
-7.58941520739853e-19
-1.73472347597681e-18
-1.30104260698261e-18
-9.75781955236954e-19
-4.33680868994202e-19
-2.16840434497101e-19
-6.09863722023096e-20
-2.16840434497101e-19
-2.16840434497101e-18
-2.49366499671666e-18
-1.73472347597681e-18
-5.96311194867027e-19
-3.11708124589583e-19
-6.09863722023096e-20
-5.42101086242752e-19
-1.19262238973405e-18
-7.58941520739853e-19
-8.67361737988404e-19
-4.33680868994202e-19
-2.43945488809238e-19
-7.45388993583784e-20
5.64943803266454e-06
-2.21987328031994e-05
-1.41549603849175e-06
-5.93667510645181e-05
6.43973014411662e-06
-2.33373357909571e-05
-1.58986959875902e-06
-6.58629896665683e-05
5.64944614701098e-06
-2.21987358220516e-05
-1.41548685155159e-06
-5.93667441769093e-05
6.44000335986211e-06
-2.33375322339163e-05
-1.58983470939891e-06
-6.58627992554892e-05
5.64916950083517e-06
-2.21985954493566e-05
-1.41574548666475e-06
-5.93668749108841e-05
6.44001177778613e-06
-2.33375382402244e-05
-1.58983350077927e-06
-6.5862793328797e-05
)
;
    }
    sides
    {
        type            calculated;
        value           nonuniform List<scalar> 
84
(
0.000333097936680433
0.000303866929526035
0.000270651304145178
0.000333098076198948
0.000303866683770177
0.00027065162299523
0.000333097938015166
0.000303866929818875
0.000270651307283277
0.000333098094285463
0.000303866613584546
0.00027065166044486
0.000333097949980009
0.000303866839877967
0.000270651349306245
0.000333098091820883
0.000303866615763474
0.000270651653777155
-7.28631371610345e-06
-4.02330718376326e-06
-1.70930518596289e-06
-7.28733860092456e-06
-4.02232533282178e-06
-1.71076658292261e-06
-7.28632019109977e-06
-4.02330026471308e-06
-1.70931227917606e-06
-7.28743527465174e-06
-4.02231166829838e-06
-1.71045491641718e-06
-7.28644396631891e-06
-4.02333414103214e-06
-1.70922417616431e-06
-7.28742019634107e-06
-4.02232921132824e-06
-1.71040837357403e-06
-8.76348314695746e-05
-8.76307981438896e-05
-8.76348227541775e-05
-8.76298548302705e-05
-8.76350271738311e-05
-8.76297752807368e-05
-7.35310014231748e-05
-7.35287461419203e-05
-7.35309594656748e-05
-7.35265801059256e-05
-7.35321199387774e-05
-7.35263639872229e-05
-5.13300800454591e-05
-5.1332994841821e-05
-5.13301671113115e-05
-5.13311035351281e-05
-5.13292183309323e-05
-5.1330909138083e-05
-6.2808082084921e-06
-6.28060130061846e-06
-6.28087840714618e-06
-6.27925548048506e-06
-6.28003333533493e-06
-6.27910482437302e-06
-0.00017374051842363
-0.000173738571961745
-0.000173740616159248
-0.000173738130590283
-0.0001737392032255
-0.000173738047347268
-0.00257298690873806
-0.00257298340585998
-0.00257298705440602
-0.00257298256734122
-0.00257298489150091
-0.00257298245133261
-0.00176979572811864
-0.00176963773957764
-0.00176979589424296
-0.00176963647143399
-0.00176979306019272
-0.00176963633457857
0.00459544437250817
0.00459668161481322
0.00459544432555986
0.00459668378684202
0.00459544396511477
0.00459668385924609
)
;
    }
}


// ************************************************************************* //
