/*--------------------------------*- C++ -*----------------------------------*\
  =========                 |
  \\      /  F ield         | OpenFOAM: The Open Source CFD Toolbox
   \\    /   O peration     | Website:  https://openfoam.org
    \\  /    A nd           | Version:  11
     \\/     M anipulation  |
\*---------------------------------------------------------------------------*/
FoamFile
{
    format      ascii;
    class       volVectorField;
    location    "0.0000500006";
    object      U;
}
// * * * * * * * * * * * * * * * * * * * * * * * * * * * * * * * * * * * * * //

dimensions      [0 1 -1 0 0 0 0];

internalField   nonuniform List<vector> 
900
(
(-6.09592612223104 -10.5584447651641 614.45857343372)
(-4.41014313464355 -7.63864044602109 622.89724843141)
(-3.11229351665251 -5.39063228697657 630.502064315969)
(-3.43646434886875 -5.95211505933091 609.720052351122)
(-2.32494254323264 -4.02696873855248 620.265923057928)
(-1.54612069141368 -2.67794137142654 629.091037177558)
(-2.79033337316287 -4.83298031224287 601.600599013914)
(-1.95705055439761 -3.38977159053147 615.325021872493)
(-1.19427574763346 -2.06851438288284 626.082211112531)
(-12.191759823446 -4.66209400330717e-07 614.458541400055)
(-8.82047936232395 7.83591484834729e-09 622.897275182297)
(-6.22434643906866 -1.43374198852637e-06 630.502013509485)
(-6.8728559490858 -4.561924669032e-07 609.720034123495)
(-4.65004613963782 1.08414758677907e-07 620.265941573896)
(-3.09204151657605 -1.46971572431668e-06 629.091010812428)
(-5.58063244007123 -5.48181388883478e-07 601.60060957667)
(-3.91418974208196 3.59170830282281e-07 615.325001553307)
(-2.38845041382773 -1.94168364965083e-06 626.082237437258)
(-6.09592642109076 10.5584438020137 614.458573470751)
(-4.41014242153257 7.63864073989374 622.897248444998)
(-3.11229466376619 5.39062903546401 630.502063879476)
(-3.43646461464174 5.95211404342164 609.720052402185)
(-2.32494186863246 4.02696931341025 620.265923047287)
(-1.54612173097231 2.67793772552221 629.091036876287)
(-2.79033350395424 4.83297906289296 601.60059895551)
(-1.95705019897834 3.38977242380008 615.325022076519)
(-1.19427620011813 2.06851009578504 626.082210625444)
(6.09587054994119 10.5583674087307 614.458532903765)
(4.41028517871859 7.6387836617409 622.897284657891)
(3.11214960851883 5.39042580078021 630.502005273538)
(3.4364135581659 5.95205833476943 609.720027599563)
(2.32507228405073 4.02708473455716 620.265947825541)
(1.54599614370997 2.67776861153377 629.091004519732)
(2.79029899115707 4.83295836536567 601.600605785452)
(1.95715145785663 3.38981971139221 615.325008977692)
(1.19419113312664 2.06843636104113 626.082230521755)
(12.1918336504242 -7.41494243435454e-07 614.458565187557)
(8.82038203649647 7.73761797104505e-07 622.897260671031)
(6.22453883201538 -2.64574880734926e-06 630.502056802425)
(6.87290071777909 -7.40090128943967e-07 609.720047137421)
(4.64998526649946 8.79429613290195e-07 620.265932569521)
(3.09219214692819 -2.73984930241425e-06 629.091033140091)
(5.58063296234826 -7.38145551035373e-07 601.600596194345)
(3.91421369968748 7.27671234540136e-07 615.325029007809)
(2.38848541556186 -2.5352210734528e-06 626.082205530551)
(6.09587080964543 -10.5583687971628 614.458533062654)
(4.41028449608959 -7.63878244038206 622.897284226934)
(3.11215068921364 -5.39043056134847 630.502006194536)
(3.43641384424093 -5.95205974741736 609.720027679007)
(2.32507167123416 -4.02708343276505 620.265947487095)
(1.54599723898445 -2.67777348419783 629.091005147269)
(2.79029913290866 -4.83295970935619 601.600605781608)
(1.95715122255171 -3.38981857497011 615.325008886012)
(1.19419167921603 -2.06844120020636 626.082230820301)
(-1.91349256065397 -3.31430444209541 634.806493022833)
(-1.04642005344289 -1.81249823110072 634.674490469169)
(-0.43725914590633 -0.757259740341118 628.814672180687)
(-0.907694165873174 -1.57220548659422 634.311634980562)
(-0.477401960595812 -0.826935258364111 634.652855438077)
(-0.186144586395572 -0.322292610730036 628.901520570784)
(-0.673371076461444 -1.16638281737831 632.665976392174)
(-0.34154862345408 -0.591565162492026 633.871185333673)
(-0.138030042040951 -0.238888315470377 628.618802864324)
(-3.82755904335894 1.89254767760304e-06 634.80645760245)
(-2.09236559786875 -2.09840681720029e-06 634.674501711226)
(-0.875186397333704 3.49637304463864e-06 628.814911471865)
(-1.81588917928643 2.05067956362099e-06 634.311728110585)
(-0.954406480681754 -1.59638925360893e-06 634.652767372908)
(-0.372762631449533 3.74717320704367e-06 628.901830858025)
(-1.34698530342455 2.94839672537198e-06 632.665919456823)
(-0.682921835601423 -3.13237430946866e-06 633.871237272508)
(-0.276143287411025 7.10289869668694e-06 628.618777566674)
(-1.91349033160891 3.31430971421685 634.806492866884)
(-1.04642302870229 1.81249231595096 634.674488095601)
(-0.437255841023002 0.757265836332433 628.814671012608)
(-0.907691975893918 1.572211284116 634.311634561622)
(-0.477404952951615 0.826929177801315 634.652853641381)
(-0.186140025489444 0.322298427900143 628.901515763984)
(-0.673370145374872 1.16638922744309 632.665976792729)
(-0.341549308679165 0.591558106336139 633.871182793894)
(-0.138025747755029 0.238905527644116 628.618802136737)
(1.91382638788861 3.31479543264735 634.806467674652)
(1.04618926809219 1.81203078600835 634.674581734129)
(0.437477513191039 0.757815634693099 628.815094201458)
(0.907995643165141 1.57264181405994 634.311734298629)
(0.477202500480716 0.826513962179091 634.652821408996)
(0.186229032356418 0.322660417713313 628.901934366403)
(0.673563534586092 1.16657000027685 632.665932519816)
(0.341440407629828 0.591394683079595 633.871248034854)
(0.137953588509559 0.239037802576869 628.618833929406)
(3.82708595847007 4.62137993428452e-06 634.806498252696)
(2.09289418442091 -5.58710598937696e-06 634.674516633022)
(0.874394128148225 5.8813632733151e-06 628.814677321631)
(1.81548824268261 4.82230259934666e-06 634.311640786418)
(0.954853902131917 -5.57614909416025e-06 634.652879262394)
(0.372168354738059 6.20673968624511e-06 628.901561331764)
(1.34688715267148 3.98607678656068e-06 632.665988732019)
(0.683061494420755 -3.80951407883628e-06 633.871190018742)
(0.275818633441163 1.17696556217954e-05 628.618823962226)
(1.9138240639569 -3.31478756830069 634.806466707839)
(1.04619198952849 -1.81203977839623 634.674592047975)
(0.437468684806301 -0.757793149777487 628.815115776059)
(0.907993567146309 -1.57263401033659 634.311733393221)
(0.477204656584845 -0.826521203351585 634.652829324669)
(0.186217105082654 -0.32263068806448 628.901945516412)
(0.673562736787245 -1.16656267051447 632.66593235884)
(0.341441045942269 -0.591402568873136 633.871250973901)
(0.137947521568235 -0.2390120710637 628.618839322959)
(-0.186283920676383 -0.322525161189184 619.373991546643)
(-0.0667875205555097 -0.115504216837572 619.446166406362)
(-0.0673113616031633 -0.11619795474324 619.47315626258)
(-0.370439864409494 -1.77659787026292e-06 619.374978798091)
(-0.131500347894349 -4.55187868661448e-06 619.446053527562)
(-0.134116250396269 1.16545925303089e-05 619.47250330271)
(-0.186276362993072 0.322524436879186 619.373995450901)
(-0.0667770159737827 0.115504051514604 619.446160326286)
(-0.06730899556693 0.116232308841756 619.473133239241)
(0.185037264911096 0.320440715506394 619.375368010964)
(0.0655364421035928 0.113415933289644 619.446226033565)
(0.0667950279382427 0.11590642996433 619.472499413885)
(0.372503335065953 6.23182472075275e-06 619.373952113195)
(0.133484512894365 8.97862280083864e-06 619.446228002005)
(0.134031843144823 1.91909817022764e-05 619.473370189636)
(0.185016015385608 -0.320408024606304 619.375407475862)
(0.0655074577958668 -0.113376171760654 619.446243805194)
(0.0667868442573578 -0.115869341597803 619.472501246866)
(-0.0502865790085826 -0.0864593325926324 608.562706290258)
(-0.00244293990773308 -0.0041869858395073 608.626970504514)
(-0.0109420646656 -0.0184775516061394 608.715802694768)
(-0.0987367524819254 -3.97025666467554e-06 608.56246589333)
(-0.00254871332580945 5.06289952004259e-06 608.625582952174)
(-0.0217942615462328 2.56746748538018e-05 608.71511563005)
(-0.0502505794372826 0.0864569102583569 608.562708765159)
(-0.00242829237264876 0.00414808328879495 608.626947066526)
(-0.010950441453275 0.0185425695375618 608.715763638986)
(0.0490234814601879 0.0848247843856387 608.562972993391)
(0.000454397992353751 0.0008508707572214 608.625625815443)
(0.0103258034379259 0.0183101033769958 608.714925093564)
(0.100309085202115 3.02422112478941e-05 608.562673988117)
(0.00541433954014353 -6.58902073223926e-06 608.627189870919)
(0.0210535614713931 2.49867629081843e-05 608.716162100086)
(0.048971589651064 -0.0847412970923999 608.563031521061)
(0.000367139246970659 -0.000680078239748645 608.625635852256)
(0.0102984854532801 -0.0182087191159283 608.714904141637)
(-0.0644016947905143 -0.110851731935439 597.740469223293)
(-0.0189214147740791 -0.032085274296027 597.778082497796)
(-0.0183377494043066 -0.0309424560661893 597.849221949953)
(-0.129463538947197 8.85730520360092e-06 597.73961490013)
(-0.038991212709265 1.02255331055997e-05 597.777739338921)
(-0.0364924921077689 3.3553898819335e-05 597.849548701649)
(-0.0643928201215843 0.110898960030759 597.740454421564)
(-0.0189195494736075 0.0321428480834437 597.778066242034)
(-0.0183398381191135 0.0310181692867853 597.849216974985)
(0.0642438093362916 0.11146439342253 597.739675146604)
(0.0189411130245524 0.0330272510080669 597.777554615136)
(0.0175502968419775 0.0311494119842877 597.849397677812)
(0.127851370773007 3.12933544259298e-05 597.740640766276)
(0.0367713907131877 3.03054934102058e-05 597.778264371767)
(0.0352899800718145 3.59954938499235e-05 597.849302397079)
(0.0642106224798548 -0.111388703921866 597.739680461769)
(0.0189025729618652 -0.0329382761369272 597.777531619347)
(0.0175420768927809 -0.0310674154095189 597.849378518509)
(0.0546744398717228 0.0952852278817505 587.20107427886)
(0.0272661143630136 0.0478292846816064 587.252758398646)
(0.0193398041637125 0.0341221725543804 587.334413232514)
(0.109877877180129 1.02101654809351e-05 587.201660460264)
(0.0556328708895465 1.24144022101894e-05 587.253774109398)
(0.0390648382984964 2.17942745875369e-05 587.33476512463)
(0.0546849040503474 -0.0952462991415154 587.201077819313)
(0.0272755813364451 -0.0477850924329587 587.252758331388)
(0.0193464559211126 -0.0340728082182315 587.334415728958)
(-0.0553251311398975 -0.0956293724954046 587.201558757448)
(-0.0281756787337828 -0.0485640967555198 587.253602576607)
(-0.01996687243695 -0.0341704227566139 587.334661144373)
(-0.110112126090422 2.83023163219191e-05 587.201046065732)
(-0.0553636848842778 3.01392492730616e-05 587.252776947737)
(-0.0395839785852658 3.03890939368617e-05 587.334402877169)
(-0.0553465153605969 0.0956873026321755 587.201551886322)
(-0.0281923045996167 0.0486181907367914 587.253587571198)
(-0.0199761461550552 0.0342302240749303 587.334650976101)
(-0.0350801254491254 -0.0604105076874306 575.691350878519)
(-0.00946410035311333 -0.0160517486461869 575.682461021448)
(-0.00148256313930409 -0.00215340245354847 575.66860390919)
(-0.0691122914530093 2.09661802545654e-05 575.692700134507)
(-0.0181346643368632 2.09513954181159e-05 575.68198028112)
(-0.000468571092957915 2.21351677421276e-05 575.668864397678)
(-0.0350826564571178 0.0604507574198436 575.691344141467)
(-0.00947138354356318 0.0161000058765348 575.68245773698)
(-0.00148351717929444 0.00219651042236281 575.668612108836)
(0.0342142431456827 0.0597733306669024 575.692648731361)
(0.00869924785698336 0.0155827982956497 575.68188505269)
(-0.000128114217817464 0.000272393819669488 575.668811997821)
(0.0694501438198685 1.78292280583364e-05 575.691483510101)
(0.0181146931378727 1.7692128609941e-05 575.682542019716)
(0.00221587472031333 2.07639770609995e-05 575.668536225385)
(0.0342173704416847 -0.0597365968939349 575.692642598137)
(0.00870055310772562 -0.0155428849653763 575.681874798923)
(-0.000126210284983125 -0.000231474342758055 575.668806059523)
(-0.139771419618489 -0.241776723853552 563.501206990671)
(-0.104119863236566 -0.18000277073052 563.461816048641)
(-0.055341184892791 -0.0954589150781734 563.421758235452)
(-0.286397273401657 1.58656160454142e-05 563.493475970461)
(-0.201106056042602 1.61549734672148e-05 563.432200323583)
(-0.12508140419331 1.57910413427462e-05 563.421326502694)
(-0.139775991533554 0.24181117509727 563.501205654149)
(-0.10412545796181 0.180040363873087 563.461817082802)
(-0.0553447442730276 0.095496945004276 563.421763476695)
(0.142900506853834 0.247908362679037 563.493492374382)
(0.100236858527104 0.174019398204574 563.432188473065)
(0.0622192703579218 0.108154508267068 563.421312325668)
(0.278891219485159 1.32271512350793e-05 563.501259477697)
(0.207525196358211 1.39333527501286e-05 563.4618348396)
(0.109927244718387 1.59310351780161e-05 563.421710289612)
(0.142902623881638 -0.247880176484484 563.493491209386)
(0.100238054846147 -0.173989085691107 563.432185261683)
(0.0622192867246153 -0.108122934452448 563.421309606469)
(0.264513252051006 0.458494250092669 556.792067031953)
(0.340270269875981 0.589715039885213 556.741764631595)
(0.341761707976988 0.592342155270533 556.485480675196)
(0.558311725456488 1.22052279851077e-05 556.75103604781)
(0.66600834262392 1.26616784671454e-05 556.67803380003)
(0.59853977905226 1.37473216539336e-05 556.387271343004)
(0.264511695430089 -0.458466696212926 556.792070043406)
(0.340268158249318 -0.589686152429375 556.741768837146)
(0.341760431476863 -0.592312281510949 556.485486315387)
(-0.279437943900307 -0.483659968391402 556.751072283626)
(-0.33330621414711 -0.576945299815257 556.678039101064)
(-0.299591994368003 -0.518514249772537 556.387262844491)
(-0.529657859270052 1.24273253677322e-05 556.792036580814)
(-0.681195555093034 1.26160108977955e-05 556.741722541157)
(-0.684218743179304 1.38388617549253e-05 556.485413662008)
(-0.279437765413414 0.483684102922114 556.751072113454)
(-0.333306437066022 0.576971035588949 556.678037146955)
(-0.299591808650657 0.518541441530031 556.38726051375)
(0.419857360685926 0.727547303138168 577.826782677268)
(0.173983970060334 0.301704880487147 577.537332342783)
(0.0616010485937435 0.107068816425291 577.762888083926)
(0.738001876635739 1.01697673618537e-05 577.68370994441)
(0.261541575622044 1.04744043913744e-05 577.50752794701)
(0.117563858962602 1.18915627756249e-05 577.775889100772)
(0.419857077438461 -0.727524679126006 577.826785779306)
(0.173984171370351 -0.301681812755734 577.537334988852)
(0.0616011837202848 -0.107044068043568 577.762889548795)
(-0.369264221580768 -0.639283822083095 577.683737974837)
(-0.131047200237804 -0.226675305073725 577.50754497436)
(-0.0590783525290603 -0.101986565258865 577.775872813574)
(-0.840279971150585 1.1067738940712e-05 577.826738160819)
(-0.348537609616708 1.17113852421787e-05 577.537284120583)
(-0.123803136142225 1.24981218089705e-05 577.762868457039)
(-0.369264833649625 0.639305239744526 577.683738483614)
(-0.131048281849857 0.226698141765498 577.507544861975)
(-0.0590786876922678 0.102010942237516 577.775871639842)
(-7.25218992174209 -12.5611927194967 592.382048555444)
(-4.05572074557806 -7.02474806876804 580.044031431273)
(-2.92321076881215 -5.06318857457549 568.182678942898)
(-14.5044290727621 -9.77059938250607e-07 592.382077019145)
(-8.11151695921816 -1.05670257271203e-06 580.044043619441)
(-5.84645998393632 -1.07861939771682e-06 568.182675139254)
(-7.25218976963018 12.5611907599028 592.382048379661)
(-4.05572054487332 7.02474597405368 580.044031242462)
(-2.9232106874039 5.06318644465219 568.182678847791)
(7.25224221505293 12.5612174279681 592.38207829555)
(4.05578891412101 7.02479325143336 580.044046469484)
(2.92326443581037 5.06320035372878 568.182677295195)
(14.5044364025004 -8.46253459307534e-07 592.382055085959)
(8.11150484306953 -8.71859307991273e-07 580.044036663917)
(5.84649059544747 -9.90582326392497e-07 568.182681864621)
(7.25224209846462 -12.5612191745801 592.382078313492)
(4.05578874087345 -7.02479505797245 580.044046586883)
(2.9232643662484 -5.06320239040359 568.182677413298)
(36.5745197917631 63.3489328231196 -2.20478310402081)
(68.2235883714279 118.166655848516 8.05699886999654)
(62.4030943539254 108.085310728924 28.0614027665982)
(32.1644641080822 55.7104723698204 23.2556241022893)
(6.18318132401274 10.7095819810025 7.6044125108422)
(0.285727427119639 0.494894445340997 0.482157845563341)
(0.00200249684113207 0.00346842621228819 0.00430249533939351)
(1.37690767424185e-06 2.38487173484383e-06 3.86857131726002e-06)
(-1.19074347256028e-08 -2.06280166227055e-08 -4.09136537098572e-08)
(-6.69186119211108e-09 -1.15969969568578e-08 -2.80900531244878e-08)
(-1.17176490279543e-09 -2.03685111953645e-09 -5.48815294136076e-09)
(-3.48916236808731e-11 -6.64510851508752e-11 -1.91967119373702e-10)
(9.29321745020468e-13 -3.86392031116202e-12 1.2994307630675e-12)
(9.80623923550536e-13 -2.20338013880218e-12 1.45651727129868e-12)
(9.8937225024938e-13 -5.79497632797492e-13 -9.16259859395277e-13)
(21.8754092637742 37.8893205003995 35.5242375240045)
(72.3648714987335 125.339759193509 43.0922160249835)
(67.466842673182 116.855599369099 67.9353865631393)
(40.024440440442 69.3242346918386 53.8231633124024)
(9.63689785853169 16.6915843043584 21.1365950939404)
(0.596059589726466 1.0324037410914 1.73341625943715)
(0.00562067802358262 0.00973527905556465 0.0197056432072245)
(5.43275150029795e-06 9.40979706483651e-06 2.23554799560154e-05)
(-6.47708846579291e-09 -1.12212332026906e-08 -3.70488139935666e-08)
(-4.10865922033882e-09 -7.12460616778727e-09 -2.98226775235682e-08)
(-1.20208436476107e-09 -2.09126819952376e-09 -7.95227568212991e-09)
(-6.95325452767243e-11 -1.28232728407514e-10 -4.09258149379795e-10)
(6.81252064241053e-13 -4.32678961462785e-12 -5.57065915471264e-13)
(1.37509651086035e-12 -6.47053064126376e-13 3.1505705227425e-13)
(2.21987702833725e-12 1.67796089877427e-12 -1.42865887646271e-12)
(11.6852102679496 20.2392065851147 213.126452423258)
(69.0219110936662 119.546851648031 227.897353866615)
(74.4331014730656 128.919904410725 171.211146640532)
(46.5709775895952 80.6622844214422 110.710259760928)
(12.5117246205211 21.6709544800982 43.4743674881991)
(0.929136093757768 1.60929336101948 4.13416213023686)
(0.0106293050247463 0.0184101266210241 0.05484122952521)
(1.26724187891856e-05 2.19486205967871e-05 7.29546786567319e-05)
(-6.97545742486794e-09 -1.2084926669718e-08 -2.70851605466449e-08)
(-5.00974036423094e-09 -8.68468786871026e-09 -3.12622400701043e-08)
(-1.61171824766737e-09 -2.79937079713029e-09 -1.03792645089905e-08)
(-1.08585966348019e-10 -1.96205949874003e-10 -7.00872547239395e-10)
(2.99978756722165e-13 -4.37269111607331e-12 -4.98070194835029e-12)
(2.29274075816573e-12 2.62736186876652e-13 -8.05057465885e-13)
(2.244830884418e-12 6.4748568618167e-13 -1.64769377960062e-12)
(160.881183704032 278.657161446875 565.16918957737)
(97.2146561912245 168.376672232145 602.428376770887)
(70.5870577351565 122.257309768338 338.585612282411)
(46.7458498735196 80.9646611845993 181.494902001342)
(12.8797093337122 22.3083401384129 67.5916764163358)
(1.06998913138403 1.85326344444784 7.08788432321587)
(0.0142201616928581 0.0246296328882099 0.106405473187928)
(2.03752650340479e-05 3.5289531644422e-05 0.000163685073252657)
(-4.80695569693275e-09 -8.32905579910481e-09 -9.38775607855814e-09)
(-4.9576959742777e-09 -8.59187312673577e-09 -3.38542498739167e-08)
(-1.72642359108811e-09 -2.99658263416226e-09 -1.32934401108503e-08)
(-1.40820031802807e-10 -2.51014701570581e-10 -1.12316436300508e-09)
(2.38523549528541e-13 -5.36084784178825e-12 -1.25385590453382e-11)
(2.68325267327128e-12 -5.73585333730684e-13 -1.50949933970311e-12)
(2.6690323829331e-12 -6.55317986108657e-13 -1.48565718873551e-12)
(73.9679204218888 5.23221284033664e-08 -2.52431776647064)
(140.892816029496 -5.71948917179793e-06 8.50715669576632)
(125.880094695473 -1.04255107546082e-06 28.6647816116029)
(64.120421762928 -1.36924763326384e-07 23.2864014588573)
(12.2979228222036 -2.29418025756334e-08 7.56352491780928)
(0.570603888699382 -3.20011477418462e-10 0.482285904312386)
(0.00402639871915575 -9.58750431954307e-12 0.0043339320589754)
(2.7783214791346e-06 -1.29614685692011e-13 3.90580653704252e-06)
(-2.38134377541702e-08 -7.55615737086086e-14 -4.09068851355634e-08)
(-1.338430084906e-08 -4.12549754820664e-14 -2.80878527168814e-08)
(-2.34476492633021e-09 1.21966078233866e-13 -5.48728119679273e-09)
(-7.32402137951873e-11 -1.05470354260321e-13 -1.90619213501619e-10)
(-3.05197313609976e-13 -1.76676195224254e-13 -5.36255219263688e-13)
(-9.39448377183717e-14 -9.70324772507084e-14 -7.31960470226958e-13)
(-2.13336340869101e-13 -7.37341389428015e-14 -2.03927298640442e-12)
(45.7344481908564 1.16788421799562e-07 33.1957189737936)
(155.630658366646 -8.99789759442443e-06 47.9752241386464)
(143.722424316309 -1.19066647623583e-05 71.5789165142126)
(82.1015156084364 -2.22109412773119e-06 55.123350663643)
(18.8969473229599 -4.27580836267053e-07 20.9126472673943)
(1.13789497814357 -6.56191851624598e-08 1.67495660421757)
(0.0108105634987177 -8.86198133933109e-10 0.0191117951074104)
(1.0765446006902e-05 -7.97505856810749e-13 2.21708581873463e-05)
(-1.29339335041548e-08 -7.55223480834763e-14 -3.70804228976097e-08)
(-8.22102164655901e-09 -1.85562669642119e-13 -2.98211276949598e-08)
(-2.40809515179848e-09 2.25350095212956e-13 -7.94955939858893e-09)
(-1.40172933562926e-10 -3.44857329847086e-13 -4.06958985752258e-10)
(2.07156966202936e-12 -4.51360720954358e-13 -2.70890696257616e-12)
(3.5898696978519e-12 1.84214863119406e-13 -1.33410212319481e-12)
(3.8590244867239e-12 5.39705006086378e-14 -2.45065608375052e-12)
(24.2497204175234 -1.97729216324807e-05 199.749669594455)
(154.931075150424 -6.22348101450019e-06 245.761431239292)
(157.477052902868 -1.6505265827942e-05 182.568023146633)
(97.7927972798825 -1.37842024775555e-05 116.20675510948)
(24.2149792337681 -5.44535879174971e-07 43.4029930430744)
(1.68237758205678 -4.67416040669394e-07 3.82983090581961)
(0.0191385155629705 -1.01976840041125e-08 0.050036555089678)
(2.40037175586982e-05 -1.63584861331226e-11 6.95284272005023e-05)
(-1.3917203628008e-08 -8.64123108476498e-14 -2.75135714514051e-08)
(-1.00358556810665e-08 -2.17123286847956e-13 -3.12521152699985e-08)
(-3.2260376517837e-09 5.64440979946879e-14 -1.03767669955046e-08)
(-2.1863087048287e-10 -4.8309591384981e-13 -6.97835628617542e-10)
(3.64168253195365e-12 -2.33802910501649e-13 -6.55888550879514e-12)
(5.54502190152781e-12 4.49151703732809e-13 -1.71303256565494e-12)
(5.14063900000285e-12 2.78598747984292e-13 -2.70546564671044e-12)
(327.350297061571 -2.47118371438753e-05 517.228786608503)
(187.212522531743 3.67825598227578e-05 621.37517960893)
(129.256760675454 2.61970711663179e-05 361.366563426188)
(93.911885599983 6.02651387019168e-06 192.272244631761)
(26.2248275132454 7.19329223145208e-07 68.5475393851598)
(2.04827125754494 -8.57496408401286e-07 6.38252707140985)
(0.0261179311192915 -2.40326267435879e-08 0.0921904443056862)
(3.80516346413991e-05 -5.49034785308854e-11 0.00014906972493887)
(-9.64264993221758e-09 -1.99872735127898e-13 -1.12351732678794e-08)
(-9.91871836796899e-09 -3.17469209842969e-13 -3.385752505792e-08)
(-3.45411930938991e-09 3.92752623980987e-14 -1.32918277736157e-08)
(-2.81292622770377e-10 -6.87023510397273e-13 -1.12042564309989e-09)
(2.4075247072932e-12 -1.59955201160508e-13 -1.28989852912986e-11)
(6.19166229661238e-12 4.09762598918911e-13 -1.76999910368082e-12)
(5.87564071134641e-12 2.87888569682375e-13 -2.32110004023489e-12)
(36.5745226848703 -63.3489378969861 -2.20478637549765)
(68.2236045249155 -118.166686178813 8.05700381873904)
(62.4031035964637 -108.085327644103 28.0614110612719)
(32.1644634558014 -55.7104718561172 23.2556266602641)
(6.18318000496728 -10.7095797952372 7.60441104953041)
(0.28572732689199 -0.494894272115121 0.48215768989569)
(0.00200249613925076 -0.00346842501044145 0.00430249411480689)
(1.37690723355288e-06 -2.38487107680046e-06 3.86857030564415e-06)
(-1.19073515027327e-08 2.06280240725451e-08 -4.09137455305078e-08)
(-6.69181567800315e-09 1.15969765707183e-08 -2.80902571052399e-08)
(-1.17155077206844e-09 2.03642469393174e-09 -5.48775661145969e-09)
(-3.49581857450545e-11 6.62013938466251e-11 -1.91287460811914e-10)
(6.71999537012794e-13 3.95790133235024e-12 5.96346081252799e-13)
(1.0416157244817e-12 1.1690355590535e-12 9.83774728018878e-13)
(9.15401493959639e-13 7.42295147891614e-14 -8.89902053780265e-13)
(21.875410831774 -37.8893231375734 35.5242079847479)
(72.3649073956976 -125.339817095769 43.0922365885517)
(67.466864158096 -116.855649499313 67.9354140291955)
(40.024451477368 -69.3242580540494 53.8231798876756)
(9.63689707964523 -16.6915834237467 21.1365946239627)
(0.596059125960427 -1.03240299953475 1.73341534812142)
(0.00562067044253395 -0.00973526664170832 0.0197056246421615)
(5.43274447067786e-06 -9.4097850004562e-06 2.23554553231663e-05)
(-6.4771504193368e-09 1.12213920653771e-08 -3.70488263427246e-08)
(-4.10863606377228e-09 7.12471491391034e-09 -2.98227220829007e-08)
(-1.20283274294406e-09 2.09231570011598e-09 -7.95170892357536e-09)
(-6.96120326347325e-11 1.28046033936545e-10 -4.088516416376e-10)
(1.31755734383018e-12 3.62850092098314e-12 -1.60413489633567e-12)
(1.49929805253069e-12 -4.74569106499826e-13 -1.19848314295362e-13)
(2.20213097498258e-12 -2.30264862791085e-12 -1.24029304586135e-12)
(11.6851680786791 -20.2391386989964 213.126320243995)
(69.0218679654802 -119.546862557743 227.897391864225)
(74.433072961504 -128.91992110048 171.211196815655)
(46.5709705045483 -80.6623054697735 110.710303699188)
(12.5117281922719 -21.6709605757594 43.4743778670496)
(0.929135057596574 -1.60929217623369 4.13416003128952)
(0.0106292762930974 -0.0184100893990987 0.0548411497771004)
(1.26723674148234e-05 -2.19485533871013e-05 7.29545253879793e-05)
(-6.97547928761361e-09 1.20850262385754e-08 -2.70852250728927e-08)
(-5.00959079133134e-09 8.68463013763954e-09 -3.12625198785742e-08)
(-1.61167918945336e-09 2.79898086111301e-09 -1.03792497158434e-08)
(-1.08805361296647e-10 1.9629189963945e-10 -7.00701276940392e-10)
(8.89345705111341e-13 3.72838437895063e-12 -6.2814939422594e-12)
(1.53510157877416e-12 4.55370990027846e-14 -1.12932772453141e-12)
(1.49460983521055e-12 -4.17947471493035e-13 -1.31475842470196e-12)
(160.881205993335 -278.657103689714 565.168936858491)
(97.2145830391051 -168.376676367668 602.428364954414)
(70.5869561561833 -122.257233821917 338.585646123288)
(46.7458120572098 -80.9646454392987 181.494953413534)
(12.8797163058341 -22.3083511493866 67.5917026458152)
(1.06998885913155 -1.853263385796 7.08788269774863)
(0.0142201354450211 -0.0246296012367389 0.106405326101619)
(2.03751767445596e-05 -3.52894274218282e-05 0.000163684687029134)
(-4.80655336214871e-09 8.3288629983785e-09 -9.38787384186955e-09)
(-4.95736506267176e-09 8.59165904606702e-09 -3.38545635717343e-08)
(-1.72695102929584e-09 2.99653779305759e-09 -1.32932709836245e-08)
(-1.40420347212543e-10 2.50801976309721e-10 -1.12342278025861e-09)
(4.47914517040321e-13 5.1027679303089e-12 -1.32768548344721e-11)
(1.95707516826488e-12 1.29593572841481e-12 -1.73676978930329e-12)
(2.00145385262235e-12 9.39409630341548e-13 -1.26346191512672e-12)
(-36.984121603931 -64.0583800203732 -2.5244262415348)
(-70.447154550753 -122.018423612659 8.50734770087951)
(-62.9405301004883 -109.016267380859 28.6650891965387)
(-32.0602584885499 -55.5300071521595 23.286521424007)
(-6.14892557534256 -10.6502533734584 7.56347900080424)
(-0.285298997088259 -0.494152400309662 0.482280754535521)
(-0.00201318175361513 -0.00348693378934035 0.00433389669327561)
(-1.38915680854421e-06 -2.40608830792475e-06 3.9058007490535e-06)
(1.1907388347107e-08 2.06282905398224e-08 -4.09094075348969e-08)
(6.69134469803803e-09 1.15969998337624e-08 -2.80903766132764e-08)
(1.17096497639026e-09 2.03674772449882e-09 -5.48799858833993e-09)
(3.44489895585712e-11 6.64861817394223e-11 -1.91726367502867e-10)
(-1.19861150937791e-12 3.81818014566429e-12 1.03647108430389e-12)
(-6.37973131534823e-13 1.7656044028263e-12 1.48269001261582e-12)
(-8.26752940100539e-13 3.4275993653883e-13 -7.88993733978732e-13)
(-22.8674177080224 -39.607508089845 33.1950293827286)
(-77.8161372399626 -134.782069704868 47.9759477586074)
(-71.8620402013271 -124.469449718697 71.5799302688739)
(-41.0512012138675 -71.1029062519743 55.1240756239345)
(-9.44846243723217 -16.3652421742906 20.9126322102011)
(-0.568935702830522 -0.985429489915422 1.67492846856902)
(-0.00540509740436918 -0.00936195731945364 0.0191112948256471)
(-5.38253726171969e-06 -9.322863323542e-06 2.21702583549392e-05)
(6.46548665505143e-09 1.1201810022613e-08 -3.70822954552708e-08)
(4.10918571070152e-09 7.12561592451094e-09 -2.98220604712281e-08)
(1.20269371539569e-09 2.0925090429059e-09 -7.95180282427081e-09)
(6.96021401368847e-11 1.28738032685223e-10 -4.0919891303389e-10)
(-8.68493544545491e-13 4.33477498834999e-12 -7.8709669637459e-13)
(-1.45562457717052e-12 1.97546860552307e-13 3.28418472714143e-13)
(-2.21538268281677e-12 -2.0189394192591e-12 -1.3510015686736e-12)
(-12.1241895945453 -21.000863254406 199.747020469254)
(-77.4658448890159 -134.175152124691 245.762494672612)
(-78.7388740830093 -136.380750590189 182.569382399205)
(-48.897023193711 -84.6929813737088 116.207979652532)
(-12.1076302518854 -20.9710577857792 43.4033395960612)
(-0.841174140611069 -1.45698408400827 3.82977350191774)
(-0.00956874348268881 -0.0165741612508583 0.0500344648428865)
(-1.20008742437404e-05 -2.07870909529324e-05 6.95243289035399e-05)
(6.95708394571367e-09 1.20537641295964e-08 -2.75154065893982e-08)
(5.01507955849078e-09 8.69423374276796e-09 -3.12532357325072e-08)
(1.61082512731672e-09 2.79784712619792e-09 -1.03792715215229e-08)
(1.08309705771787e-10 1.95746330966022e-10 -7.00872265891046e-10)
(-4.6521324373649e-13 4.44133337559371e-12 -5.1382037239483e-12)
(-2.49184973352213e-12 -4.2080856956461e-13 -8.0624283074823e-13)
(-2.33890545420601e-12 -8.28725750632929e-13 -1.59885905088006e-12)
(-163.673995801894 -283.493459232 517.225305788693)
(-93.607377397838 -162.130429909208 621.374718426737)
(-64.6285852114941 -111.938367331629 361.367141705794)
(-46.9561522908361 -81.3300580167323 192.273675445689)
(-13.1126191704012 -22.7116648703402 68.5485318344763)
(-1.02413373520454 -1.77390214053675 6.38250647807848)
(-0.0130584205833408 -0.022619289042022 0.0921864835614724)
(-1.90240878416509e-05 -3.29539762940944e-05 0.00014905790603195)
(4.8203474635258e-09 8.35260728805117e-09 -1.12382125832153e-08)
(4.95763094636698e-09 8.59225170287835e-09 -3.38574524313496e-08)
(1.72520185001631e-09 2.99427007540165e-09 -1.32922030233712e-08)
(1.40553340150353e-10 2.50677419984797e-10 -1.12287836574127e-09)
(-5.01655702371803e-13 5.05990299231209e-12 -1.25007735944642e-11)
(-2.79068124926695e-12 5.22999793867404e-13 -1.48893071928472e-12)
(-2.90509033809191e-12 3.2080107025664e-13 -1.55482313368385e-12)
(-73.1488082538502 -2.99196212255162e-08 -2.20467506909485)
(-136.446029396562 -1.17619043959964e-06 8.05684486761191)
(-124.805549284876 -4.53666165718765e-07 28.0611463373655)
(-64.328913884964 -3.0790390160712e-07 23.2555381569894)
(-12.3664312855536 -4.94411023213373e-08 7.6044533002739)
(-0.571460646394289 -1.86820872874305e-10 0.482162393181885)
(-0.00400503507449992 -6.88687678373273e-12 0.00430253263123199)
(-2.7538339891894e-06 6.25583464410983e-14 3.86858907604686e-06)
(2.38128408898321e-08 1.45532374539439e-14 -4.09111609318123e-08)
(1.33842128312086e-08 -2.26137721043436e-14 -2.80871752942481e-08)
(2.34408268115197e-09 -3.47075481799784e-14 -5.48787164749506e-09)
(7.314939092592e-11 3.01279663473989e-14 -1.89971003975508e-10)
(3.87915210238374e-13 1.1522493872841e-13 -1.14914867560823e-12)
(1.32052204029848e-13 -2.60213638092539e-13 -1.0269437499863e-12)
(3.86149897681305e-14 -5.37501576536633e-13 -2.01712522795567e-12)
(-43.7506457802284 3.68743350541941e-08 35.5250924275191)
(-144.727797441032 2.13349223715065e-06 43.0915760942762)
(-134.931715843016 -6.4596975105378e-06 67.9345503583469)
(-80.0479915849771 -2.12385288487691e-06 53.8226581626724)
(-19.2738100885487 -2.34305670541664e-07 21.1366023456032)
(-1.19214261083418 -3.08561030179733e-08 1.73344238208452)
(-0.0112417583578432 -3.58436018841592e-10 0.0197061825053644)
(-1.08659352516823e-05 8.62889139105448e-15 2.23561829316457e-05)
(1.29565737645846e-08 -6.06507888719196e-15 -3.70468452504658e-08)
(8.22016302879959e-09 2.73110709711318e-14 -2.98217370671191e-08)
(2.40830616378133e-09 -2.18420278963719e-13 -7.94932761537482e-09)
(1.40921205442675e-10 -8.08039618588534e-14 -4.06674335000944e-10)
(-2.58887308126012e-12 3.93087273711849e-13 -2.9089597514351e-12)
(-3.50859295532392e-12 -3.27706883684762e-13 -1.59461517588735e-12)
(-3.76478259619914e-12 -4.90963669557897e-13 -2.48456492941883e-12)
(-23.3724521919148 -2.59135748948357e-06 213.130268801516)
(-138.041918185944 -4.28052909975885e-05 227.896213131488)
(-148.86445294947 -3.30375199587131e-05 171.209642627583)
(-93.1406318447119 -1.66648323633911e-05 110.708943457195)
(-25.02323487058 4.48134411303978e-08 43.4740512088543)
(-1.85830061818004 -3.04960968478175e-07 4.13422179132833)
(-0.0212596362492689 -6.27151334930449e-09 0.0548435393936808)
(-2.53467166647358e-05 -1.08555406959214e-11 7.29591351588418e-05)
(1.39535445065528e-08 1.29885400340028e-14 -2.70832433475534e-08)
(1.00255120437554e-08 2.94358018610062e-14 -3.12612383731624e-08)
(3.22784036946393e-09 -3.19698630055878e-13 -1.03766703337671e-08)
(2.18287268864391e-10 -2.15569431677272e-14 -6.98067100296619e-10)
(-3.88850484840498e-12 9.87596035792525e-14 -6.60338914220281e-12)
(-5.54159702512804e-12 -6.60732448391966e-13 -1.8245899045359e-12)
(-5.08697217532201e-12 -6.69306412157147e-13 -2.88520858154653e-12)
(-321.765781757285 4.81781645529713e-05 565.17661278652)
(-194.42687691005 -6.54159235589494e-05 602.428886537245)
(-141.175009665631 -4.99966042314097e-05 338.584630670323)
(-93.4913734046505 -2.48779871938546e-05 181.493352823523)
(-25.759059337319 5.32492630415598e-07 67.5908842629972)
(-2.13997296925615 -2.06448113734541e-07 7.08792872867546)
(-0.0284411636566162 -6.90642148653504e-09 0.10640975469564)
(-4.0753247039001e-05 -2.43864532031047e-11 0.00016369638385055)
(9.61536261876114e-09 2.46962172240147e-13 -9.38498271065266e-09)
(9.91888214741485e-09 8.27839937105356e-14 -3.3854230438348e-08)
(3.45631301611196e-09 -6.62663880854834e-13 -1.32931305859215e-08)
(2.80715088172616e-10 1.32931637207645e-13 -1.12113499753744e-09)
(-2.79345706680674e-12 -3.6380355306853e-14 -1.30084850470145e-11)
(-6.33555921721325e-12 -6.11672038039041e-13 -1.76707426245019e-12)
(-6.09707328705053e-12 -7.27376797450393e-13 -2.40038891193055e-12)
(-36.9841264231 64.0583884690285 -2.52442958870426)
(-70.447189213738 122.018472212732 8.5073541841289)
(-62.9405475929189 109.016295594218 28.6650993647173)
(-32.0602598933743 55.5300093112377 23.2865250605992)
(-6.14892431042102 10.6502511366542 7.56347733145061)
(-0.285298896031585 0.494152224634114 0.482280578649682)
(-0.00201318120018864 0.00348693281152501 0.00433389556757115)
(-1.38915707014314e-06 2.40608835553117e-06 3.90580053597257e-06)
(1.19075046740626e-08 -2.06284906057835e-08 -4.09096091774143e-08)
(6.69141833424085e-09 -1.15971040138786e-08 -2.80905423414805e-08)
(1.17110635805179e-09 -2.0365742916296e-09 -5.48785858338528e-09)
(3.44435229704467e-11 -6.63864001385883e-11 -1.90941938707881e-10)
(-1.02351202299855e-12 -4.42921890102005e-12 -2.98036557226271e-13)
(-7.0555005711133e-13 -2.34230828949335e-12 3.00669047464577e-13)
(-7.9676477012088e-13 -2.24290055091166e-13 -7.8997920124077e-13)
(-22.8674232845643 39.6075179870885 33.1950057339399)
(-77.8161808907982 134.782127320226 47.9759725163577)
(-71.8620897561057 124.469511738882 71.5799645786016)
(-41.0512201217324 71.1029345612046 55.124099948247)
(-9.44846263857422 16.3652416679989 20.9126313937544)
(-0.568935400442488 0.985428834927044 1.67492747576935)
(-0.00540509254383819 0.00936194712833805 0.0191112774961594)
(-5.38253255811789e-06 9.32285356266628e-06 2.21702379359546e-05)
(6.46571822956974e-09 -1.12022211341137e-08 -3.70825082756525e-08)
(4.10898391662212e-09 -7.12550440943367e-09 -2.98224245015342e-08)
(1.20260655986212e-09 -2.09182473292006e-09 -7.95199271243319e-09)
(6.93244627260331e-11 -1.2835062468326e-10 -4.08316351989363e-10)
(-1.64417775041077e-12 -3.74581116197553e-12 -1.85851715081234e-12)
(-1.12190007491859e-12 -8.94961031064973e-13 -5.7533686915801e-13)
(-1.63607016199519e-12 1.21728638427948e-12 -1.27830468710782e-12)
(-12.1242008366761 21.0008431748319 199.746929396099)
(-77.4658678177982 134.175179389896 245.762533347891)
(-78.7389161168024 136.380790385617 182.569429719012)
(-48.8970692280011 84.6930335485421 116.208021798071)
(-12.1076358706528 20.9710664298031 43.4033510166629)
(-0.841174435900394 1.45698366065219 3.82977142506078)
(-0.00956874343038618 0.0165741407650847 0.0500343915102293)
(-1.20008687329344e-05 2.07870486959593e-05 6.95241872087034e-05)
(6.95719721828496e-09 -1.20539994134864e-08 -2.75155839134307e-08)
(5.01484265367191e-09 -8.69408359754664e-09 -3.12536705994018e-08)
(1.61092460610404e-09 -2.79748782384024e-09 -1.0379154564215e-08)
(1.08769882667306e-10 -1.96907633772756e-10 -7.00169527494792e-10)
(-1.19530838515559e-12 -3.89713545286412e-12 -6.2645359731286e-12)
(-1.68341506196729e-12 -5.73005434548651e-13 -1.2630862604855e-12)
(-1.46372614615044e-12 -1.33036788601727e-13 -1.36713321597081e-12)
(-163.674005750338 283.493427048959 517.225188202321)
(-93.6073517191473 162.130458991077 621.374708180031)
(-64.6285466498696 111.938352933878 361.367163542642)
(-46.9561492693979 81.3300648375114 192.273725218735)
(-13.1126249573566 22.7116763323618 68.5485654471417)
(-1.02413517583137 1.7739029207731 6.382505590654)
(-0.0130584441556267 0.0226192818013985 0.0921863441517084)
(-1.90241248900083e-05 3.29539307731141e-05 0.000149057496196996)
(4.82007968819276e-09 -8.35241568196509e-09 -1.12384904921572e-08)
(4.95728676942676e-09 -8.59203544162608e-09 -3.38580069575055e-08)
(1.72586584648153e-09 -2.99463608639778e-09 -1.32917339741866e-08)
(1.40292650664612e-10 -2.5115376966222e-10 -1.12280208594017e-09)
(-7.11043620978705e-13 -5.2655411321973e-12 -1.31167343828252e-11)
(-1.66378688065371e-12 -1.89608394543866e-12 -1.69618228013914e-12)
(-2.10328181627574e-12 -1.34274600009232e-12 -1.40665748516098e-12)
(108.911125423999 188.639987433602 841.98276083754)
(66.6655917092609 115.465946058909 789.004954313418)
(49.7679279381323 86.1966964118996 487.881833821352)
(38.272518869938 66.28732717947 244.894711877634)
(11.9273865629115 20.6585953616527 90.5630399861795)
(1.07316075118682 1.8587783370155 9.91661527094802)
(0.0152892074134249 0.0264819417752599 0.158555709033026)
(2.42225737851621e-05 4.19545521679045e-05 0.000265126617471037)
(-1.97746423053341e-09 -3.42681665576724e-09 1.22702198172952e-08)
(-3.89107875847216e-09 -6.74203781129167e-09 -3.65717603276754e-08)
(-1.46887325133493e-09 -2.54683369739662e-09 -1.55810900927642e-08)
(-1.45440823149278e-10 -2.54698829461421e-10 -1.53005719787708e-09)
(-4.54795558424075e-13 -7.01117671881651e-12 -2.04703698896059e-11)
(2.00578658784301e-12 -1.73330495176943e-12 -1.69300039369052e-12)
(2.37774585507858e-12 -1.70540207735579e-12 -1.46460617042778e-12)
(56.4538947664789 97.7815974808046 779.781234509775)
(50.1497621442247 86.8575572408732 817.517694785781)
(31.4650539573004 54.4924794820605 559.892599056898)
(27.7871587341145 48.1243056831878 291.195830890712)
(9.66832274637847 16.7452718373666 109.087293655932)
(0.81439177229365 1.41062860130641 12.1351946712466)
(0.0112287818566043 0.0194503323737539 0.197109306440114)
(1.89261137467911e-05 3.27840330822841e-05 0.000343039563500564)
(-8.82140900905611e-10 -1.52768974737841e-09 3.02648943513661e-08)
(-2.68223030072095e-09 -4.64689068713187e-09 -3.89972001582209e-08)
(-1.03122891520455e-09 -1.78756704568714e-09 -1.70167009906618e-08)
(-1.09808458091699e-10 -1.91661522804218e-10 -1.80143045676645e-09)
(2.36091241041489e-13 -5.05252109010042e-12 -2.66118928299585e-11)
(1.69195776690601e-12 -1.45169955242385e-12 -1.91427069694898e-12)
(2.14074527865683e-12 -1.77560193450158e-12 -1.45081497350839e-12)
(25.9555861606779 44.9589443800955 734.225643191137)
(22.1129632268925 38.3000850478007 815.297211151398)
(13.7584659373703 23.8224897741397 597.459275096063)
(14.7347519146809 25.5167705070136 323.534821842794)
(4.96279944712014 8.59524238463117 122.345283115371)
(0.369717867790897 0.640453475533894 13.5455084389354)
(0.0047884060597348 0.00829613159006916 0.220121893084279)
(8.11172741458239e-06 1.40549898979519e-05 0.000391890855994662)
(-7.15375627419392e-10 -1.23798299165989e-09 4.32011850388e-08)
(-1.24295682777348e-09 -2.15336369617827e-09 -4.0364900598892e-08)
(-4.57354799611513e-10 -7.91502033866084e-10 -1.78431109013017e-08)
(-4.83954210303051e-11 -8.3676856727233e-11 -1.97032695826769e-09)
(8.83088094555854e-13 -1.93133134529429e-12 -3.04878304232563e-11)
(9.96156307893293e-13 -1.03074240500367e-12 -1.46355313851587e-12)
(1.29471455637514e-12 -1.64261564296057e-12 -1.32799475395025e-12)
(199.699372838883 1.27391329793011e-05 794.591062309002)
(100.769537607197 4.71545507630611e-05 774.932738343432)
(72.2735554145409 6.91299231058375e-05 510.769062916158)
(66.2676128702776 3.72105455484091e-05 260.397233089856)
(25.5254311619754 5.62221491284496e-06 93.1575676849644)
(2.35702281659449 -8.4520167019717e-07 9.18777906280484)
(0.031967215918771 -3.33892709987564e-08 0.138351918888246)
(4.85293152296977e-05 -9.08693935946518e-11 0.000237980645435702)
(-3.89649358726823e-09 -4.11964439445481e-13 8.55240477893326e-09)
(-7.77824262627721e-09 -4.0330840794517e-13 -3.65857458587194e-08)
(-2.94065371932493e-09 1.78990908674507e-14 -1.55795456685629e-08)
(-2.92412115431511e-10 -8.53319211432504e-13 -1.52736016811498e-09)
(3.49068202332403e-13 -7.03604233984109e-14 -2.07359333324752e-11)
(4.47300709059833e-12 4.45535495233214e-13 -2.01451480249355e-12)
(4.12832703085331e-12 3.60985980276527e-13 -1.95643080195612e-12)
(74.4307320962171 1.27341248096122e-05 760.402411031309)
(56.2622323587568 4.7255128171911e-05 812.225910294917)
(30.3581081395891 8.33073546049804e-05 573.883602297973)
(36.4735827037922 6.46741363811711e-05 301.559660809194)
(19.4140008540837 8.03296363235318e-06 111.967761140915)
(2.1860817942424 -9.47985526657824e-07 11.6988521571746)
(0.0315877149844881 -3.60568188477077e-08 0.182291033157795)
(4.81984657420313e-05 -9.45936040177501e-11 0.000319549366258679)
(-1.3052091985712e-09 -3.54781637781821e-13 2.68787035901284e-08)
(-5.35154856622991e-09 -4.55183453205509e-13 -3.90073403578038e-08)
(-2.06677273226062e-09 -1.26828084124903e-13 -1.70158622713756e-08)
(-2.19796984482471e-10 -1.18314285857616e-12 -1.7994018415067e-09)
(1.45116229604273e-12 -2.90564190802147e-14 -2.67154521148206e-11)
(4.30450204350373e-12 1.37198668581308e-13 -1.77103634626132e-12)
(4.17334668555045e-12 3.93703671067332e-13 -1.72665533980389e-12)
(25.8755541613337 1.80069550258936e-05 734.328590164348)
(26.2878310599007 2.3531328215124e-05 818.191504921823)
(11.6767968640611 1.88168442317597e-05 600.810725489502)
(18.9896148330533 3.02257104156628e-05 328.108795516276)
(8.70404485986068 5.50812219744688e-06 123.467656216636)
(1.06110980520609 3.42110160141569e-07 13.4732985728928)
(0.0164231982374826 2.78298110084965e-09 0.217546292168431)
(2.54588077745466e-05 -7.9448981945992e-12 0.000387479172449911)
(-1.11250460821349e-09 -5.62370607281994e-13 4.25329933300609e-08)
(-2.4745329554584e-09 -6.27559018639124e-13 -4.03669370018304e-08)
(-9.16349232079228e-10 -2.83165576527346e-13 -1.78436129905976e-08)
(-9.76615925553306e-11 -7.88143559180887e-13 -1.97016938598875e-09)
(1.94355157580389e-12 9.86588183703866e-14 -3.0517941029524e-11)
(2.41327346051625e-12 1.01312330015421e-13 -1.44971664852509e-12)
(2.68289911433051e-12 2.59409291600276e-13 -1.33140423363968e-12)
(108.911125172379 -188.639967612269 841.982715501815)
(66.6655153457164 -115.465882281167 789.004930818568)
(49.7678006053522 -86.1966013611534 487.881866376465)
(38.2724363344243 -66.2872699286031 244.89474847349)
(11.927381841607 -20.6585946838106 90.5630724094554)
(1.07316139538807 -1.85877910944371 9.91661582395664)
(0.0152892156852546 -0.0264819473115936 0.158555561505664)
(2.42225606268574e-05 -4.19545350096047e-05 0.000265126131182446)
(-1.9771150625317e-09 3.42623912136382e-09 1.22701090865371e-08)
(-3.89069554552672e-09 6.74123382285235e-09 -3.65719254866182e-08)
(-1.4695800286659e-09 2.54690925317927e-09 -1.55808580272046e-08)
(-1.4425778275874e-10 2.53701355428034e-10 -1.53066041494193e-09)
(-1.9786504349313e-13 6.53889407802222e-12 -2.08802413482888e-11)
(1.38241017321335e-12 2.45356569183691e-12 -1.88326260769126e-12)
(1.55344328656702e-12 2.27567960918201e-12 -1.39596359227036e-12)
(56.4539046410665 -97.7815881685494 779.78123687576)
(50.1496606483003 -86.8575148698968 817.51771163288)
(31.4648747803552 -54.4923773390802 559.892594275267)
(27.78702233339 -48.1242123851555 291.195823746551)
(9.66829599142079 -16.7452494048584 109.087313375851)
(0.814393970182134 -1.41063034868102 12.1351960022126)
(0.0112288508440255 -0.019450401700477 0.197109234515608)
(1.89262643312204e-05 -3.27841940058307e-05 0.0003430392840595)
(-8.81674516783956e-10 1.52695518746912e-09 3.02649984553624e-08)
(-2.68182386323272e-09 4.6458836744397e-09 -3.8997290555539e-08)
(-1.03172526622706e-09 1.78727705412924e-09 -1.7016520333848e-08)
(-1.07878526647251e-10 1.90116680650407e-10 -1.80189626499548e-09)
(3.25753067782771e-13 4.98409502735102e-12 -2.67421291077956e-11)
(1.2954176204782e-12 1.93456502094076e-12 -1.89944368568704e-12)
(1.63299457017732e-12 2.34927277750182e-12 -1.42231357045079e-12)
(25.9556060279887 -44.9588896498317 734.225614982079)
(22.1129289640833 -38.3000438946722 815.297213163683)
(13.7583250732029 -23.8225016751585 597.459269912689)
(14.7346396358268 -25.5167257795503 323.53477027344)
(4.96277991359782 -8.5952278286789 122.345276797975)
(0.369719550022378 -0.64045363966562 13.5455097026187)
(0.00478846316157026 -0.00829615209559662 0.220121922432959)
(8.11186712200998e-06 -1.40550642917423e-05 0.000391890902776267)
(-7.15057802740429e-10 1.23721567731444e-09 4.3201368917746e-08)
(-1.24266024468393e-09 2.15213006246519e-09 -4.03647736187968e-08)
(-4.57447411860179e-10 7.90807462940316e-10 -1.78430512868192e-08)
(-4.71668963697611e-11 8.2409549476906e-11 -1.97043038977863e-09)
(8.0268267021351e-13 2.17809373984562e-12 -3.05456679869702e-11)
(6.14177803108707e-13 1.03625351764813e-12 -1.47554390891991e-12)
(9.44742496560362e-13 1.75592578888321e-12 -1.3428581310365e-12)
(-99.850066293166 -172.944825927089 794.590378348402)
(-50.3849463203628 -87.2664105383967 774.930790339392)
(-36.1368712616008 -62.5865947314903 510.768959020945)
(-33.1335585363542 -57.3866822105506 260.399134301389)
(-12.7627350110174 -22.1053362219106 93.1588358522787)
(-1.17850968338864 -2.04128793868038 9.18781107655301)
(-0.0159833878197227 -0.0276860659957436 0.138347173801885)
(-2.426386905481e-05 -4.20317831616916e-05 0.00023796351986168)
(1.94798114749685e-09 3.37503056407207e-09 8.54800101359901e-09)
(3.88811025543678e-09 6.736551638154e-09 -3.6585102674118e-08)
(1.46828915842414e-09 2.54598161089602e-09 -1.55791252330362e-08)
(1.45031878778496e-10 2.54113490065593e-10 -1.52949051708687e-09)
(1.51949167168513e-13 6.47198004123852e-12 -2.0172565425885e-11)
(-2.4333610266082e-12 1.49270911533663e-12 -1.82955666750044e-12)
(-2.59587757627753e-12 1.40449604441279e-12 -1.72785076020314e-12)
(-37.2154114730372 -64.4584187087328 760.402611894108)
(-28.1308777351111 -48.7211226633588 812.224036489276)
(-15.1794189721086 -26.2861836991971 573.882327908524)
(-18.236366513263 -31.5822168522438 301.560564499243)
(-9.70672125148317 -16.8120079371443 111.968833071221)
(-1.09305058898261 -1.89327552506447 11.6988592153453)
(-0.0157945177767257 -0.0273591310716355 0.182286733843538)
(-2.41013243286044e-05 -4.17505782515807e-05 0.000319534771165209)
(6.52388126844628e-10 1.12908249674693e-09 2.68747719526594e-08)
(2.6755267884399e-09 4.63481754386076e-09 -3.90069444232502e-08)
(1.03190936236685e-09 1.78870884919033e-09 -1.70156809947849e-08)
(1.09517380569863e-10 1.91430044061435e-10 -1.80118067364089e-09)
(-4.99372386696809e-13 4.82883383185947e-12 -2.63899210134998e-11)
(-2.53739431045748e-12 8.79365837908914e-13 -1.83882957509557e-12)
(-2.2750578828289e-12 1.41317346217214e-12 -1.39219374600019e-12)
(-12.9382368438615 -22.4087724318746 734.329506486912)
(-13.1435434678193 -22.7638439896807 818.189873387332)
(-5.83625727191905 -10.107374112001 600.808532045359)
(-9.49376162627028 -16.4417097083046 328.10891252852)
(-4.3518967565831 -7.53734159334951 123.467977491205)
(-0.530604104288016 -0.919010342972932 13.473300840512)
(-0.00821316097890746 -0.0142254678536866 0.217544950195945)
(-1.27331594349623e-05 -2.20551316835463e-05 0.000387474037626601)
(5.55817087822628e-10 9.62212294367904e-10 4.2531810304515e-08)
(1.23689867075138e-09 2.1423759232092e-09 -4.03662132137855e-08)
(4.56697118132029e-10 7.91855606468336e-10 -1.78427450355843e-08)
(4.78836962330448e-11 8.3370527688855e-11 -1.97039959882356e-09)
(-7.67733244851986e-13 2.16049490155869e-12 -3.04688808083733e-11)
(-1.97706177080491e-12 9.34290562827121e-13 -1.63178706131304e-12)
(-1.35820399409259e-12 1.36655416503458e-12 -1.46916536573741e-12)
(-217.822974794777 9.69235050175807e-06 841.984258716333)
(-133.332063100791 -3.42452112733891e-05 789.005799083498)
(-99.5368359918747 -6.2747087890474e-05 487.880823752882)
(-76.5454926312243 -4.28504720148383e-05 244.893610711898)
(-23.8546621971735 -3.74973091105609e-06 90.5620606883383)
(-2.14630167228985 1.71686507576601e-07 9.9165945813998)
(-0.0305784223807158 4.30279832389662e-09 0.158560038836106)
(-4.84457693771443e-05 -2.9270586204972e-12 0.000265141064496847)
(3.95549470016618e-09 1.32798251483795e-13 1.22736692996446e-08)
(7.78415562360916e-09 -7.20913960903966e-15 -3.65721849472676e-08)
(2.94105489367664e-09 -4.44605809410151e-13 -1.55817981714295e-08)
(2.91658797368765e-10 5.01059662798457e-13 -1.52846756661271e-09)
(-5.50150926554728e-13 -1.0711131600422e-13 -2.06683374040278e-11)
(-4.65679080269995e-12 -3.64702541511599e-13 -1.97485692179588e-12)
(-4.7147711169344e-12 -6.02804266623728e-13 -2.1454406199455e-12)
(-112.908263165778 1.32058906251599e-05 779.781286882298)
(-100.298458906251 -6.67168737727481e-05 817.517194593596)
(-62.9299436091763 -0.000104101728326854 559.892821373906)
(-55.5750199789022 -7.14772714338057e-05 291.196086310811)
(-19.3370022362482 -1.19527231807116e-05 109.08670451465)
(-1.62876065336969 1.02977610377269e-06 12.1351512769388)
(-0.0224560798254096 2.50528362606773e-08 0.197111416946353)
(-3.78485261451058e-05 5.00003878473249e-11 0.000343048027082098)
(1.76459285414651e-09 -2.39654014881982e-14 3.0267130268715e-08)
(5.36413852593052e-09 -1.71592417876662e-13 -3.89971096783979e-08)
(2.06365005630693e-09 -4.41950585143196e-13 -1.70170516046148e-08)
(2.19200250528338e-10 9.46389868613394e-13 -1.80020105886297e-09)
(-1.62109939125562e-12 -8.62561906756613e-14 -2.65861229986061e-11)
(-4.86318361366656e-12 -2.8458235491753e-13 -1.97018635516289e-12)
(-4.46833345874333e-12 -5.65946634853417e-13 -1.45231963400139e-12)
(-51.9143401189967 4.45752660806443e-05 734.226554284523)
(-44.2268655529136 -9.09393863093216e-06 815.297152356737)
(-27.5120344463707 -0.000127942688995773 597.459478580871)
(-29.4684971031588 -7.48732827690877e-05 323.536436862765)
(-9.92578720724821 -9.64381048454152e-06 122.345483716406)
(-0.739479589475806 1.37465273437574e-06 13.5454693108572)
(-0.00957746084571119 3.91899780258065e-08 0.220121009493403)
(-1.62237771054238e-05 8.38067765809008e-11 0.00039188958505776)
(1.42997691130956e-09 -1.30577618267348e-13 4.32008192902866e-08)
(2.48529950164698e-09 -4.14242555629028e-13 -4.03652382438115e-08)
(9.13941693681527e-10 -4.71210890667968e-13 -1.78439783708149e-08)
(9.66194053956202e-11 3.99604542696589e-13 -1.97041794759517e-09)
(-2.04805359106464e-12 1.38509796310338e-13 -3.0452234473273e-11)
(-2.95981523642343e-12 -1.83443394586198e-13 -1.63909513137544e-12)
(-2.0959023513963e-12 -4.037720587162e-13 -1.52454340611635e-12)
(-99.8500624968833 172.944844839154 794.590355162724)
(-50.3848707244224 87.2663739144544 774.930726745107)
(-36.1367520534126 62.5865265150563 510.768956542497)
(-33.1334841633449 57.3866278101768 260.399200134654)
(-12.7627259208806 22.1053317213581 93.1588791063087)
(-1.17851115438409 2.04128879608922 9.18781201319451)
(-0.0159834399248451 0.0276860896699821 0.138347007905216)
(-2.42640033616992e-05 4.20318341333643e-05 0.000237962928694832)
(1.94728995594762e-09 -3.37444266597867e-09 8.54771550433986e-09)
(3.88772213386464e-09 -6.73640505791104e-09 -3.65854456944249e-08)
(1.46936888052612e-09 -2.54743341959782e-09 -1.55785647250754e-08)
(1.4416852612899e-10 -2.54171253527339e-10 -1.5298185308192e-09)
(-2.12385091061583e-14 -6.67171978323599e-12 -2.03469236050584e-11)
(-1.76389825798064e-12 -2.42109093576226e-12 -2.11270530541574e-12)
(-1.78826189458926e-12 -2.63434214387519e-12 -1.69932061334045e-12)
(-37.2153970538847 64.4584192107679 760.402616926141)
(-28.130788473395 48.7210625709824 812.223972964177)
(-15.1792827204053 26.2861143180844 573.882284835044)
(-18.2362373404104 31.5821224641562 301.560595884969)
(-9.70669778089666 16.8119833478559 111.968869966043)
(-1.09305263725597 1.89327717670093 11.6988594284122)
(-0.0157946048181407 0.0273592097604739 0.182286585389413)
(-2.41015631513131e-05 4.17508030189759e-05 0.000319534269018991)
(6.51769942369929e-10 -1.12913891484997e-09 2.68746335162727e-08)
(2.67498223348215e-09 -4.63498338380512e-09 -3.90070189008125e-08)
(1.03260478177159e-09 -1.78999154153622e-09 -1.70151524352389e-08)
(1.07511451522087e-10 -1.90523382176761e-10 -1.80133701063149e-09)
(-4.65868396592514e-13 -5.06927180863468e-12 -2.64552913617228e-11)
(-2.16363044122155e-12 -1.35956588297661e-12 -2.02597968252189e-12)
(-1.66054588572252e-12 -2.2968998527684e-12 -1.52483415656608e-12)
(-12.9382268657612 22.408791170833 734.329535250892)
(-13.143491938708 22.7638018052107 818.189817777992)
(-5.83614994368726 10.1072258473572 600.80845672542)
(-9.49367157944917 16.4416141919407 328.108916245272)
(-4.35188241558145 7.53732778013937 123.467989193693)
(-0.530605166996313 0.919012868120219 13.4733009755918)
(-0.00821321010695628 0.0142255585192034 0.21754490404377)
(-1.27333041175576e-05 2.20553663777868e-05 0.000387473858085098)
(5.5561693396485e-10 -9.63053327969855e-10 4.25317132996488e-08)
(1.23653529399872e-09 -2.14332453366145e-09 -4.03662632096724e-08)
(4.56825216353414e-10 -7.93008281708321e-10 -1.78426261682159e-08)
(4.65079454157285e-11 -8.28377817777758e-11 -1.97023753173978e-09)
(-8.09348457290899e-13 -2.14386235256525e-12 -3.05016519741166e-11)
(-1.66352679728391e-12 -1.36839658100137e-12 -1.69982641787347e-12)
(-8.56185224529394e-13 -2.28756320664798e-12 -1.47715110354583e-12)
)
;

boundaryField
{
    inlet
    {
        type            zeroGradient;
    }
    outlet
    {
        type            freestreamVelocity;
        freestreamValue uniform (0 0 0);
        value           nonuniform List<vector> 
156
(
(36.5658420050139 63.3339024540823 -2.20425999017779)
(68.1629840927773 118.061686216909 8.04984168849582)
(61.6403197344848 106.764146568526 27.7183985287817)
(31.200352548346 54.0405825737516 22.5585499663561)
(5.72386994676116 9.91403150436034 7.03952641086974)
(0.252009017654495 0.436492444111183 0.425258877804363)
(0.00168315886868253 0.00291531662855632 0.00361637683476767)
(1.08689188446971e-06 1.88255013941309e-06 3.05374052878119e-06)
(-2.96237061880917e-09 -5.13190555107718e-09 -1.01786327996921e-08)
(-1.90442636324116e-09 -3.30037131748995e-09 -7.99410450685739e-09)
(-3.55431156911568e-10 -6.17837544157825e-10 -1.6647200685068e-09)
(-1.10982562418787e-11 -2.11366251482184e-11 -6.10605083991138e-11)
(1.46603114141755e-13 -6.09544276185484e-13 2.04988850737693e-13)
(2.43550584692106e-13 -5.47237843393883e-13 3.61744828490983e-13)
(4.91926609633147e-13 -2.88132505960876e-13 -4.55574336213343e-13)
(73.9457924739441 5.23064759241962e-08 -2.52356260163953)
(140.762277842269 -5.71419002476266e-06 8.49927475511939)
(124.305217533681 -1.02950779103434e-06 28.3061585106505)
(62.1831310888182 -1.32787811950305e-07 22.5828420133718)
(11.3841791127858 -2.12372116386711e-08 7.0015500693255)
(0.503109962561848 -2.82158894483431e-10 0.425238677948348)
(0.00338291424459477 -8.05526406969871e-12 0.00364129871879356)
(2.192754643889e-06 -1.02296730634606e-13 3.08260778551074e-06)
(-5.92451422120456e-09 -1.87988656923276e-14 -1.0177170773606e-08)
(-3.80969200529783e-09 -1.17427687889894e-14 -7.99489410378885e-09)
(-7.1202836481543e-10 3.70371060538374e-14 -1.66630770272983e-09)
(-2.34822595374611e-11 -3.38158793361081e-14 -6.11162858807199e-11)
(-7.92252338786336e-14 -4.58628312348656e-14 -1.39204846406666e-13)
(-4.08257307980526e-14 -4.21675303413814e-14 -3.18089017321895e-13)
(-9.55162178718666e-14 -3.30126880922574e-14 -9.13035454138274e-13)
(36.5658448746491 -63.3339074872794 -2.20426325950487)
(68.1630001886309 -118.061716445292 8.04984662773048)
(61.6403286619806 -106.764162926953 27.7184066312009)
(31.200351704057 -54.0405817090138 22.5585522946945)
(5.72386871655262 -9.91402946511936 7.0395250468605)
(0.252008928021374 -0.43649228919149 0.425258738425839)
(0.00168315825609819 -0.00291531557916823 0.00361637575683948)
(1.08689153061774e-06 -1.8825496096067e-06 3.05373971342595e-06)
(-2.96235830505686e-09 5.1319219403402e-09 -1.01786844736605e-08)
(-1.90442599896675e-09 3.30038733183915e-09 -7.99421540027274e-09)
(-3.55391725479304e-10 6.17752557584236e-10 -1.66471939386268e-09)
(-1.11131941640973e-11 2.10453983257842e-11 -6.0810212196458e-11)
(8.06112036039957e-14 4.7477888387375e-13 7.15360245455037e-14)
(3.82560431815161e-13 4.29358675917956e-13 3.61316823387066e-13)
(5.98190217184911e-13 4.8506988317431e-14 -5.81527019932509e-13)
(-36.9730567707736 -64.0392151664707 -2.52367098890288)
(-70.381883526445 -121.905370536997 8.4994654336379)
(-62.1530817283261 -107.652365898758 28.3064605388255)
(-31.0916055648793 -53.8522507548243 22.5829538882824)
(-5.69205669431289 -9.85893312054682 7.0015079466016)
(-0.251552400339106 -0.435701575189104 0.425234167238361)
(-0.00169144216925096 -0.00292966436939198 0.00364126865893753)
(-1.09637367180645e-06 -1.89897343239064e-06 3.08260167768374e-06)
(2.96210383936566e-09 5.13153151861414e-09 -1.01766995073049e-08)
(1.90431223903508e-09 3.30042909402006e-09 -7.99433453180969e-09)
(3.55224050168473e-10 6.17867989611642e-10 -1.66483979040826e-09)
(1.09647997153171e-11 2.116194628494e-11 -6.1024757090188e-11)
(-2.0932649708656e-13 6.66810112270798e-13 1.81010160265728e-13)
(-1.57729053609951e-13 4.36518558136418e-13 3.6657232244906e-13)
(-4.53920878893056e-13 1.88189099907057e-13 -4.33189544055553e-13)
(-73.1314542236685 -2.99125230099449e-08 -2.20415202574522)
(-136.324824514298 -1.17514563071526e-06 8.04968797973529)
(-123.280019718776 -4.48120890265001e-07 27.7181478998634)
(-62.4007038849716 -2.98674717617209e-07 22.5584711847458)
(-11.4478038583255 -4.57684216929473e-08 7.03956443222455)
(-0.504023204070525 -1.64774347153191e-10 0.425262939499371)
(-0.00336635373800912 -5.78862930607958e-12 0.0036164094787266)
(-2.1738000612278e-06 4.93818210748421e-14 3.05375676362076e-06)
(5.92495232291342e-09 3.62103952474959e-15 -1.0179242330533e-08)
(3.80963247882861e-09 -6.43669984660251e-15 -7.99462894000153e-09)
(7.11978953841219e-10 -1.05418823500845e-14 -1.66685635528788e-09)
(2.34275241119343e-11 9.64907088238145e-15 -6.08419321045577e-11)
(1.32640766590097e-13 3.93991362025778e-14 -3.92931128338601e-13)
(5.77894249901536e-14 -1.13876149439844e-13 -4.49416874522793e-13)
(1.89392256150609e-14 -2.63624662018682e-13 -9.89325389323628e-13)
(-36.9730615634412 64.0392235691937 -2.52367433336045)
(-70.3819181132728 121.905419015759 8.49947190556189)
(-62.1530988686244 107.652393528284 28.306470519088)
(-31.0916067249778 53.8522524983077 22.5829572680763)
(-5.69205553319561 9.85893106694696 7.00150641336082)
(-0.251552311635346 0.435701420985165 0.425234012832383)
(-0.0016914416971542 0.00292966353552074 0.00364126769781813)
(-1.09637391077059e-06 1.8989735262561e-06 3.08260160089233e-06)
(2.96212194958586e-09 -5.1315625299158e-09 -1.01767124691838e-08)
(1.90432892916828e-09 -3.30045134903496e-09 -7.99436378729662e-09)
(3.55268486278533e-10 -6.17818066486006e-10 -1.66480456572137e-09)
(1.09468459770715e-11 -2.10989363054676e-11 -6.06851974866814e-11)
(-1.38392230411844e-13 -5.98888404748451e-13 -4.02984459117285e-14)
(-1.13222571135786e-13 -3.75880016245617e-13 4.82496206637193e-14)
(-4.69534503764108e-13 -1.3217441792824e-13 -4.6553575929603e-13)
(1.85522175878118e-13 -1.08664521089722e-13 -1.71812503071461e-13)
(6.02588379080887e-13 4.55484572003907e-13 -3.87811228116549e-13)
(4.75769651710179e-13 1.37228172304769e-13 -3.49212362092415e-13)
(7.00058458572833e-13 -1.71882852438879e-13 -3.89671885648268e-13)
(6.57235809028125e-13 -4.7139239529539e-13 -4.04833687028705e-13)
(5.75610477110342e-13 -4.7742956010057e-13 -3.90099797218267e-13)
(3.00748447550868e-13 -3.81562176860259e-13 -3.08479084165416e-13)
(-6.54666004721581e-16 -2.26268220203927e-16 -6.25792442631791e-15)
(8.94261824638878e-13 1.25067250847966e-14 -5.67896935755801e-13)
(1.37303808652001e-12 7.44122845115194e-14 -7.22615879991355e-13)
(1.85825972012832e-12 9.10490888071208e-14 -7.34082787401812e-13)
(1.18337616371835e-12 1.03475863540647e-13 -5.60806728657033e-13)
(1.29277918503829e-12 1.21957735452758e-13 -5.34866679243846e-13)
(7.4905723743233e-13 7.24262818130113e-14 -3.71723995072664e-13)
(1.38918851891145e-13 1.12648701569649e-14 -1.35049125899916e-13)
(7.01451945271164e-13 -7.3347016034631e-13 -3.95074579854464e-13)
(2.64447273538967e-13 -7.3949111477156e-14 -2.32625446845024e-13)
(5.04444147574747e-13 2.36767732406252e-13 -3.18441500879069e-13)
(4.2617348902892e-13 6.24312665511155e-13 -3.82970321362637e-13)
(4.53417843228209e-13 6.52299900675083e-13 -3.94920083192917e-13)
(2.08149791395612e-13 3.86873235821315e-13 -2.95864366075216e-13)
(-1.39892594454432e-13 5.79974675283555e-14 -1.33503462885965e-13)
(-6.52133600561476e-13 -5.94307359630935e-13 -3.97689087387429e-13)
(-5.36363092318289e-13 -1.90045264760036e-13 -3.66653976187435e-13)
(-7.70738723783762e-13 8.51105400186855e-14 -4.12504348677864e-13)
(-6.42440610917071e-13 3.475916218272e-13 -4.27617044849329e-13)
(-6.13125353525589e-13 3.80848542415935e-13 -3.75194534229209e-13)
(-2.67508545459753e-13 2.69153174758995e-13 -2.89363226538612e-13)
(6.52762336933564e-16 -9.08612917709739e-15 -3.40982448938698e-14)
(-8.51267073511232e-13 -1.11013370760594e-13 -5.61792948827989e-13)
(-1.29567669771376e-12 -1.70475617316999e-13 -7.34876739701644e-13)
(-1.93794543546491e-12 -2.31195604533069e-13 -7.62959950817111e-13)
(-1.38787436002681e-12 -1.77445853682461e-13 -6.31547524478444e-13)
(-1.54820441896908e-12 -1.9609124723363e-13 -5.03204985902927e-13)
(-4.39934934958439e-13 -8.47527244153368e-14 -3.20005320746117e-13)
(-1.23319608246908e-13 -3.47145892548985e-14 -1.22269368919809e-13)
(-3.83865769191084e-13 2.85607906727809e-13 -2.99924430733951e-13)
(-2.33865018423365e-13 -2.12557868827811e-14 -2.18432003541833e-13)
(-5.35612535608463e-13 -3.41937815571017e-13 -3.58213234446051e-13)
(-4.73384347228516e-13 -6.97356656722454e-13 -4.4984002718623e-13)
(-4.37368788240756e-13 -6.04977142729529e-13 -4.0162387143866e-13)
(-2.06671943377625e-13 -5.52187914451516e-13 -3.56565005428611e-13)
(18.8505631705263 32.6501364000568 -1.13634856769913)
(4.10708772842084 7.11368465791834 6.66964253043529)
(0.0350678431261627 0.0607387719390469 0.639602097714398)
(10.4326831072093 18.0701173002176 36.6496001649646)
(38.2631273800804 2.70658990069767e-08 -1.30581327277228)
(9.54822894865432 2.43825526273033e-08 6.93045040259912)
(0.0888241940304577 -7.24261474933684e-08 0.73166218430941)
(25.1180062852729 -1.8961708184543e-06 39.6876252429758)
(18.8505654010017 -32.6501402957508 -1.1363502983936)
(4.10709176205799 -7.11369162961048 6.66964305675446)
(0.0350675232922126 -0.0607382335420892 0.639598176852643)
(10.4326901185258 -18.0701231953789 36.6496033297113)
(-19.131670608398 -33.1370267322262 -1.30587098553955)
(-4.77428091440276 -8.26929268336494 6.93048936519844)
(-0.0444095771058683 -0.0769238594228134 0.731651434351354)
(-12.5590013241789 -21.752965169862 39.6876319202312)
(-37.7009588143839 -1.54205985646496e-08 -1.13629143062175)
(-8.21391070465936 6.92292627976974e-09 6.66961439701264)
(-0.0701521938286661 -7.77793495474571e-09 0.639708482659419)
(-20.8652464940359 3.1241646440399e-06 36.6494823472261)
(-19.1316738254034 33.1370323568052 -1.30587276643424)
(-4.77428627572273 8.26930201921089 6.93049052033175)
(-0.044409616372972 0.0769237825623907 0.73165106926683)
(-12.5590051801896 21.7529680570564 39.6876326706756)
)
;
    }
    sides
    {
        type            zeroGradient;
    }
}


// ************************************************************************* //
