/*--------------------------------*- C++ -*----------------------------------*\
  =========                 |
  \\      /  F ield         | OpenFOAM: The Open Source CFD Toolbox
   \\    /   O peration     | Website:  https://openfoam.org
    \\  /    A nd           | Version:  11
     \\/     M anipulation  |
\*---------------------------------------------------------------------------*/
FoamFile
{
    format      ascii;
    class       surfaceScalarField;
    location    "0.0000599923";
    object      phi;
}
// * * * * * * * * * * * * * * * * * * * * * * * * * * * * * * * * * * * * * //

dimensions      [1 0 -1 0 0 0 0];

internalField   nonuniform List<scalar> 
2478
(
0.000777882855578686
-0.000161896579521163
-1.59614648538239e-10
-1.76647314234935e-10
-0.000981979593171229
0.000596634758398312
-0.000143943918511017
6.56233839838039e-10
6.15161910235036e-10
-0.000125765404619112
-6.25037443135155e-12
-2.47071004876986e-11
0.000438455717976067
0.00046636769316447
-4.02977888348622e-05
3.64135229076728e-10
3.44454957992065e-10
-0.000588353704931738
0.000357847535591105
-3.58389519580823e-05
2.90512209015666e-10
2.51813738697676e-10
-3.13989167912674e-05
-3.48941396827521e-10
-3.67094871861484e-10
0.000263020296822948
0.000155136928292238
-2.52395292762563e-10
-2.7286905238599e-10
-0.000195570629657783
0.000119157546570723
5.40740220341448e-10
5.05568775700186e-10
-2.4851813315574e-11
-4.43319593545783e-11
8.76080377073939e-05
0.000777882783595108
-0.000161896725887061
1.60321037803897e-10
-0.000981979948672629
0.000596633350217126
-0.000143946519233793
-6.52195550278518e-10
-0.000125765080006968
7.66578342687244e-12
0.0004384549534574
0.000466367567632995
-4.02968629272908e-05
-3.63412464509348e-10
-0.000588353776439827
0.0003578463597804
-3.58410832071099e-05
-2.86564504872917e-10
-3.1398959193188e-05
3.50526433020529e-10
0.000263019132330191
0.000155137012147614
2.53459331593566e-10
-0.000195570674371189
0.000119157738193976
-5.36918807049307e-10
2.64823119759238e-11
8.76080320275862e-05
0.00077788285314441
-0.000161896581865363
-1.76378338150041e-10
-0.000981979592869401
0.000596634758386993
-0.000143943924188315
6.15288038184267e-10
-0.000125765407310842
-2.46075553054885e-11
0.000438455717865645
0.000466367691799134
-4.02977898714363e-05
3.44818992315584e-10
-0.000588353704940236
0.000357847535586051
-3.58389553857364e-05
2.52078649349684e-10
-3.1398918232936e-05
-3.67104401429374e-10
0.000263020296859852
0.000155136927979917
-2.72703584377771e-10
-0.000195570629647141
0.000119157546457148
5.05690933246851e-10
-4.4261655999427e-11
8.76080376527145e-05
0.000777882794616229
-0.000161896681162248
1.5923552727044e-10
-0.000981979939662349
0.000596633351387896
-0.000143946459591889
-6.53914908874988e-10
-0.000125765044812668
8.11135284373848e-12
0.000438454958366595
0.000466367572221076
-4.02968427080641e-05
-3.64054339517354e-10
-0.00058835376924492
0.000357846361699968
-3.5841050293564e-05
-2.86192347327251e-10
-3.13989397446421e-05
3.49117654463394e-10
0.000263019135090726
0.000155137012729276
2.52600296257212e-10
-0.000195570672898106
0.000119157739042298
-5.39971425049263e-10
2.61276007882012e-11
8.76080327107737e-05
0.00077788287872564
-0.000161896537293056
-1.6047346253472e-10
-0.000981979589518783
0.000596634761593624
-0.000143943867365341
6.4998796601122e-10
-0.00012576537839602
-9.58041783925834e-12
0.000438455718960636
0.000466367702823124
-4.02977691028741e-05
3.62664606895838e-10
-0.000588353701939736
0.000357847540749305
-3.5838922541098e-05
2.82238740679456e-10
-3.13989020188061e-05
-3.50638370877517e-10
0.000263020295869125
0.000155136929364019
-2.54015351450459e-10
-0.000195570628798377
0.000119157548399325
5.36185431937366e-10
-2.77977911685139e-11
8.76080387355367e-05
0.000777882796335683
-0.000161896677727063
-0.000981979939096619
0.000596633351574926
-0.000143946453603775
-0.000125765041810285
0.000438454959010372
0.00046636757327329
-4.02968410265781e-05
-0.000588353768809162
0.000357846361737374
-3.58410465895241e-05
-3.139893810732e-05
0.000263019135319
0.000155137012978176
-0.000195570672861591
0.000119157739129204
8.76080327698136e-05
0.000438036810372623
7.34624213452801e-07
-8.48854344508241e-10
-8.74430713601604e-10
0.000437375908695406
3.78586541495917e-07
-6.11334190138858e-10
-5.4261290686336e-10
3.30350723967438e-07
-6.02386728714745e-10
-4.46106575725108e-10
0.000437410944485811
0.000262824617292072
2.13857255600212e-07
-4.2234941504413e-10
-4.44479514771692e-10
0.000262424596072673
9.94143956333546e-08
-7.89355208800913e-11
-1.15950556447975e-11
8.2438789882457e-08
-1.356251942892e-10
1.48394677080242e-11
0.000262452023268589
8.75800263020168e-05
-3.32484805908983e-10
-3.6116286925101e-10
8.74550117113024e-05
-5.37481279427009e-10
-4.89567123114747e-10
-6.2738861545189e-10
-4.85954754680853e-10
8.74686605930309e-05
0.000438036814177789
7.38205460367705e-07
8.5126198272464e-10
0.000437376398183153
3.8097691845815e-07
6.03432706905958e-10
3.32663239473673e-07
5.93118542127624e-10
0.000437411678170974
0.000262825122683214
2.1510292607589e-07
4.24288861694284e-10
0.000262426237799463
1.01561023315875e-07
7.00881080603621e-11
8.48204522355773e-08
1.22857067618234e-10
0.000262454016476534
8.75798354747278e-05
3.34037805174627e-10
8.74549534129666e-05
5.29053387958531e-10
6.1400267400806e-10
8.7468710373472e-05
0.000438036810313618
7.34618467820641e-07
-8.75428169734051e-10
0.000437375904535643
3.78597954291972e-07
-5.46457815846571e-10
3.30364299027676e-07
-4.57459164082338e-10
0.000437410937566163
0.000262824617145487
2.13855257546634e-07
-4.45643327253407e-10
0.000262424594300713
9.94207903793069e-08
-1.46351094762985e-11
8.24477792806585e-08
7.76840679457547e-12
0.000262452016324885
8.75800264542921e-05
-3.61568119574326e-10
8.74550115030171e-05
-4.91286590185644e-10
-4.90598002327036e-10
8.7468660132121e-05
0.00043803683470725
7.38257174411235e-07
8.36597540809086e-10
0.000437376468095495
3.80856720205865e-07
5.76620260491368e-10
3.32321970117474e-07
5.23400155681697e-10
0.000437411774918223
0.000262825130709059
2.15127551907049e-07
4.1045942317762e-10
0.000262426261294921
1.01507399289107e-07
5.43751631177855e-11
8.46630490600685e-08
8.84800374243919e-11
0.000262454048974848
8.75798365984408e-05
3.27479107741814e-10
8.74549632774073e-05
5.19649442833753e-10
6.01035100487e-10
8.74687304792598e-05
0.000438036810355191
7.34713418257152e-07
-8.37941624182333e-10
0.000437375954903904
3.78593678657005e-07
-5.64911819850734e-10
3.30237846641246e-07
-5.02692991074562e-10
0.000437411036577735
0.000262824615668768
2.13893929806202e-07
-4.11168417781098e-10
0.000262424613557889
9.9414836048908e-08
-4.25221477495276e-11
8.23653693354169e-08
-6.8594668790542e-11
0.000262452087896053
8.75800244278763e-05
-3.28592263966997e-10
8.74550131725563e-05
-5.09517305408679e-10
-5.83099290856967e-10
8.74686662640583e-05
0.000438036837123836
7.38260437868447e-07
0.000437376477661462
3.80832527906226e-07
3.32271917641964e-07
0.000437411787899554
0.000262825131951505
2.15128547058601e-07
0.000262426264823223
1.01495863013537e-07
8.4640289885478e-08
0.00026245405329564
8.75798366332843e-05
8.74549643456089e-05
8.74687335265008e-05
3.82355736366662e-05
6.06563024579867e-10
8.10159181332138e-10
0.000486825094103816
9.56017898202032e-06
-8.01592514696088e-11
1.56100418452921e-10
0.000292123929089606
-1.90969419097686e-12
2.35185054807754e-10
9.73631984446864e-05
3.82329352771703e-05
-6.37141907104937e-10
0.000486825041654148
9.56007943492428e-06
4.59449929816023e-11
0.000292123458946936
-2.52933076501545e-11
9.73633936075918e-05
3.823564946141e-05
8.11769609323186e-10
0.000486825075093762
9.56021025034977e-06
1.58352825643804e-10
0.000292123922085463
2.40526321353563e-10
9.73631956148746e-05
3.82325093995557e-05
-6.56414543163605e-10
0.000486825136713705
9.55987062578156e-06
4.70560873253034e-11
0.000292123525318367
3.75284862322474e-11
9.73634057389656e-05
3.82350468727073e-05
6.84972432073161e-10
0.000486825221212448
9.55989564756151e-06
-1.52893579958083e-11
0.000292123983479963
-1.44924665258957e-11
9.7363228378299e-05
3.82324536621723e-05
0.000486825146914456
9.55984949459383e-06
0.000292123529190969
9.73634070765685e-05
3.21708690965726e-05
-3.6966499075133e-09
-3.33888202486534e-09
0.000532031492566682
8.05519769989148e-06
-2.12023489997576e-09
-1.75695810862315e-09
0.000319256675984473
-1.22868607622213e-09
-7.54622041720596e-10
0.000106419587399987
3.21860024601458e-05
3.65786265822199e-09
0.000532031063311636
8.05913667217264e-06
2.08643691072038e-09
0.000319259176223704
1.11012374818956e-09
0.000106419455541593
3.21710765986061e-05
-3.32005779818271e-09
0.000532031495374396
8.05533908418258e-06
-1.74131179836662e-09
0.000319256686594799
-7.37363028383183e-10
0.000106419584381139
3.21857325480461e-05
4.00397382241922e-09
0.00053203130891427
8.05887943803154e-06
2.40691725339644e-09
0.000319259433488249
1.46145478103219e-09
0.000106419471895031
3.21689298641333e-05
-3.98397964477323e-09
0.00053203168952266
8.05435024389152e-06
-2.38893324501672e-09
0.00031925650192155
-1.36574862568328e-09
0.00010641960724988
3.21856420445087e-05
0.000532031292216148
8.05879095921715e-06
0.000319259443482125
0.000106419475621887
2.26067519521389e-05
6.72690562535929e-09
7.75001607008531e-09
0.000568763079993557
5.66270602473995e-06
4.01134927141208e-09
5.05375018444937e-09
0.000341314088685706
1.22473493748953e-10
2.08198686388978e-09
0.000113789911576847
2.25780530023981e-05
-6.81877172580654e-09
0.000568765307170284
5.65840457722184e-06
-4.10258359521878e-09
0.000341311177950586
-1.85234845420223e-10
0.000113788813368329
2.26069900073471e-05
7.79929977431882e-09
0.000568763067370794
5.66279516298936e-06
5.10481770152641e-09
0.000341314103869719
2.08835191950777e-09
0.000113789910212945
2.2574248738127e-05
-7.18067216717031e-09
0.000568765401492446
5.65636028979484e-06
-4.34948892500493e-09
0.000341310966856925
-2.37888724832162e-10
0.000113788795345033
2.26052104078459e-05
7.22466033227726e-09
0.00056876282403907
5.66124639989882e-06
4.39140268132477e-09
0.000341314134112575
2.95649586192978e-10
0.000113789941388426
2.25742122338883e-05
0.000568765382211548
5.65631074764825e-06
0.000341310983954983
0.000113788805106595
2.30375396809135e-06
-2.1058558262628e-08
-2.01426030303938e-08
0.000584262195551024
5.63512111042619e-07
-8.86132583261499e-09
-8.00565822699694e-09
0.000350460456121697
-6.44571944782716e-09
-5.01102777864968e-09
0.00011682937087686
2.37521514562461e-06
2.0962704362019e-08
0.000584256310810257
5.87417193591115e-07
8.77498930793421e-09
0.000350470920224378
6.36315158528654e-09
0.000116827796553941
2.30394348241215e-06
-2.01197011393981e-08
0.000584262167993507
5.63612242302728e-07
-7.98986814220821e-09
0.000350460452995517
-4.99429872756257e-09
0.000116829365860726
2.37253882112937e-06
2.07514885782237e-08
0.000584256147809567
5.8581027601246e-07
8.63611728776827e-09
0.000350470565733501
6.24542231537732e-09
0.000116827732400452
2.30232664263398e-06
-2.06772412417546e-08
0.000584261721846586
5.62568103023187e-07
-8.56240827345296e-09
0.000350460305068286
-6.17406544699229e-09
0.000116829369834157
2.37241113490731e-06
0.000584256140159873
5.85748477392744e-07
0.000350470579897234
0.000116827736784562
7.85653330105377e-05
8.22811398716811e-08
8.28296844077557e-08
0.000699671286451565
1.96663762451807e-05
4.08894576797432e-08
4.14285186402176e-08
0.000420080472548058
1.88073639730522e-08
1.95744134517278e-08
0.000140057412652431
7.82760877484618e-05
-8.23697888236298e-08
0.000699711272756272
1.95868574581762e-05
-4.09751010367328e-08
0.000420045982404604
-1.88886163778675e-08
0.000140052895913346
7.85655206753117e-05
8.28358713609949e-08
0.000699671255953948
1.96664643941837e-05
4.14338232652294e-08
0.000420080465256324
1.95797042874227e-08
0.000140057407550882
7.8275000642846e-05
-8.22720560034206e-08
0.000699711220833593
1.95860910938186e-05
-4.09522481205587e-08
0.000420045764850727
-1.88597216053878e-08
0.000140052825351772
7.85642749186754e-05
8.23549936273117e-08
0.000699670973476629
1.96657752923239e-05
4.10342631672767e-08
0.000420080265112128
1.894204506328e-08
0.0001400573987063
7.82748225973641e-05
0.000699711215717491
1.95860089350676e-05
0.000420045771316284
0.000140052826564717
0.00114380303669774
-3.07070088352286e-07
-3.06261394266956e-07
0.00217989899798305
0.000285752778424268
-1.13085970603673e-07
-1.12239508900426e-07
0.00130739114666718
-7.00877953643125e-08
-6.91066502925492e-08
0.000435581566727335
0.00114475666108286
3.06950178097655e-07
0.00217972658236029
0.000286045238693948
1.12970066464305e-07
0.00130750108929196
6.99723183775615e-08
0.00043558349152189
0.00114380326633614
-3.06264514324337e-07
0.00217989895153653
0.000285752895592317
-1.12242688606707e-07
0.00130739113195739
-6.91090167127058e-08
0.000435581561391008
0.00114475531514912
3.0719191159936e-07
0.0021797267511997
0.000286044328882459
1.13117509926151e-07
0.00130750116148562
7.00399897135984e-08
0.000435583439871899
0.00114380119492574
-3.0706825428922e-07
0.0021798991376269
0.000285751935753863
-1.12997590536357e-07
0.00130739113588059
-6.99180348983199e-08
0.000435581577695275
0.00114475505468697
0.00217972674554166
0.00028604420309613
0.00130750116390567
0.000435583441727672
0.000781849533084117
8.20245317009879e-08
8.32145484305682e-08
0.00326083141689449
0.000195420506434177
8.92700058629289e-08
9.0382548909875e-08
0.0019561235691254
5.05816089367127e-08
5.16963929074682e-08
0.000651801028689327
0.000781172420912571
-8.21819487195358e-08
0.00326081111734791
0.000195171880348354
-8.9429435930384e-08
0.00195627917262161
-5.0745768970478e-08
0.000651846592440989
0.000781849846642854
8.32144769638641e-08
0.00326083143140939
0.000195420671937828
9.03839618159085e-08
0.00195612357698754
5.17010696547389e-08
0.000651801030560215
0.000781170388719272
-8.18416118491963e-08
0.00326081245324954
0.00019517107398625
-8.90522541234376e-08
0.00195627985580988
-5.03707901290977e-08
0.00065184663616005
0.000781847035338261
8.20000287219151e-08
0.00326083184384764
0.000195419209184119
8.92109212298009e-08
0.00195612384963145
5.05318512499181e-08
0.000651801129833948
0.000781170065660186
0.00326081243790342
0.000195170915470961
0.00195627985104399
0.000651846635272465
-0.0019037392716587
-4.60794907587974e-07
-4.59765308923402e-07
0.000963000126397581
-0.000476490154513984
-6.29658224745905e-07
-6.28776798215075e-07
0.000575482560901295
-1.79917586903161e-07
-1.79009507735527e-07
0.000190827700292424
-0.00190245952938994
4.60683622421671e-07
0.000960980062765215
-0.000475840134238046
6.29542731645362e-07
0.000573711413966569
1.79804035434585e-07
0.000190807193995061
-0.00190373906142363
-4.59761533421138e-07
0.000963000137216733
-0.000476490043170277
-6.28771663028311e-07
0.00057548256610862
-1.79006533214832e-07
0.000190827700892372
-0.00190246268545574
4.60524514848959e-07
0.000960980399103456
-0.000475841003186537
6.2959475605499e-07
0.000573711592825764
1.79892351332041e-07
0.000190807208863962
-0.00190374082029034
-4.604165504779e-07
0.000963000182949885
-0.00047649097054438
-6.29483829350645e-07
0.000575482606948327
-1.79781002712697e-07
0.000190827729552725
-0.00190246288313256
0.000960980393031901
-0.000475841109272845
0.000573711589912191
0.0001908072082397
4.88159659259942e-06
9.06954454029871e-11
5.08206190888774e-11
1.25774893586363e-06
1.31599049366105e-10
9.00542397271921e-11
4.57160217884681e-11
4.60939955908984e-12
4.8813194006138e-06
-8.8097757984084e-11
1.2576276507113e-06
-1.28922188029346e-10
-4.28454562410516e-11
4.88159143529016e-06
5.08535209927351e-11
1.25774615458561e-06
9.01880793896352e-11
4.66643021966584e-12
4.88139225655459e-06
-9.1092137739085e-11
1.25766537966207e-06
-1.30577325753271e-10
-4.55139629869199e-11
4.88167116038897e-06
8.84056815383602e-11
1.25778671793782e-06
1.27701199603963e-10
4.25495391958436e-11
4.88139720702333e-06
1.25766828803998e-06
2.51122235986363e-05
0.000200073171671721
8.66127020632577e-06
8.66116111819434e-06
0.000281924417632746
-0.000132914506367255
2.87382463929428e-05
2.87385102889313e-05
0.000352380720844062
-0.000744443421807141
-2.60868807131e-05
-2.60840432810822e-05
0.000298784009257083
-0.00196758550504116
3.26821243104724e-05
3.26825602830848e-05
0.000278923033719623
-0.00220349507982061
6.86984198394978e-05
6.86986984710603e-05
0.000152570663518466
-0.00143488080176208
5.4330327417402e-05
5.43300745236266e-05
3.17401110579176e-05
-0.000365270049516094
1.62371540648222e-05
1.62372427506312e-05
1.18747408371829e-06
-2.72316731034484e-05
2.54629761733038e-07
2.54666073117222e-07
5.00332111321149e-09
-4.35147794944487e-07
-1.49513261094177e-08
-1.49355183395568e-08
1.68320609186812e-12
-9.9065765573475e-10
-8.03399721424104e-11
-8.03404486492652e-11
-9.78467524018201e-14
-3.08777092436485e-13
1.73423558499919e-15
1.71938201523614e-15
-9.82500756099847e-14
2.93619295543834e-14
-4.18594195764066e-15
-4.20637916859201e-15
-2.90066365024599e-14
1.98042537230547e-14
-2.52619106189123e-17
-2.28766658394441e-17
-1.31426987348693e-15
4.23966417528732e-15
3.20435952078091e-16
3.29001149240726e-16
1.95156391047391e-16
1.68051336735253e-18
6.93889390390723e-18
0.000305536403483422
4.74571860407174e-05
2.42503713591653e-05
2.42501445390885e-05
0.000579713177638611
-0.000291719982462411
4.25794938114053e-05
4.25795562170491e-05
0.000562883375767459
-0.00029047352078201
4.63872944641278e-06
4.64047973637404e-06
0.000562101926455959
-0.00108070642759444
-2.53610539377821e-05
-2.53581784053247e-05
0.000553576329688809
-0.00164581839366746
-3.23318758086478e-05
-3.23296526861341e-05
0.000325940270730082
-0.00133640603499169
3.15286172948523e-05
3.15280503676552e-05
8.2046576483281e-05
-0.000440504766835925
2.16468715279832e-05
2.16462595682124e-05
3.41905991079708e-06
-4.57990551200901e-05
3.21370414572004e-06
3.21366446576584e-06
1.57305952303835e-08
-9.98838870782835e-07
6.50244362121618e-08
6.50299211760988e-08
6.18405294420393e-12
-2.89661514674307e-09
-7.56327827515328e-11
-7.54539650703843e-11
-7.02223652490619e-14
-8.08460286563784e-13
-4.87058310350008e-14
-4.87181909397671e-14
-6.75528426599681e-14
1.50077433119788e-14
4.22676216943474e-16
4.17092575755174e-16
-2.45193405509769e-14
1.33016427733557e-14
-1.00288700954909e-17
-1.53414607406699e-17
-1.69970374580553e-15
3.79362340152678e-15
2.20960402752546e-16
2.11256793308801e-16
1.96457433654373e-16
1.19804340059648e-17
8.13151629364128e-18
0.000556603933264924
-0.00044965642571687
4.44737459399752e-05
4.4474458574905e-05
0.0006450208619134
-0.000359953595776317
2.83588061083008e-05
2.83588014729013e-05
0.000655777320272797
-0.000148118643269628
2.18526647881531e-05
2.18521494961145e-05
0.000772502723565737
-0.000434583958264869
6.19865747058498e-05
6.19828543666156e-05
0.000757250098978079
-0.00111265286002101
4.55043152579499e-05
4.55041416337421e-05
0.00049236724670682
-0.00105443335908023
4.07952782706016e-05
4.07956045421892e-05
0.000144572508906298
-0.000426599467996311
1.74264130083255e-05
1.74260015678464e-05
7.13875989674911e-06
-5.438704884741e-05
3.70318711924233e-06
3.70307921105208e-06
3.76269360719992e-08
-1.4922451758363e-06
1.13577246394609e-07
1.13576381789672e-07
1.62291509441317e-11
-5.42762662917272e-09
6.566618451255e-13
6.59367634277264e-13
-4.83867503356383e-14
-1.7316786025956e-12
-1.17776231475797e-13
-1.17782140377637e-13
-4.79636946479345e-14
7.5471313226716e-15
9.58217880042689e-16
9.52092137768146e-16
-2.0771904161998e-14
8.92840489041813e-15
-1.21051172558007e-16
-1.21647483752874e-16
-1.8662371994993e-15
2.76037873114809e-15
1.09395999203787e-16
1.0169816377914e-16
1.74339709335669e-16
1.17093834628434e-17
8.40256683676266e-18
0.000430691779536051
5.72369434759161e-05
5.72372396223875e-05
-0.000836248315270768
0.000447757731587503
1.36858734420794e-05
1.36858849241409e-05
-0.000350382579893194
0.000586573870626418
-1.1987488829726e-05
-1.19871504356757e-05
-0.000160158978629478
0.0008417415603109
-2.13951326998414e-05
-2.13945143590395e-05
-0.000119558483064711
0.000843331232329145
-3.5001565130262e-06
-3.50114540313565e-06
-0.000544660527647173
0.000552602306447697
-3.33296064120774e-06
-3.33324539953273e-06
-0.000601778129314451
0.000181430979994948
1.21410081906739e-05
1.21411952367594e-05
-0.000302631819709269
1.08643734351748e-05
3.08169827653934e-06
3.0816295507827e-06
-4.55825107234209e-05
6.78440329105368e-08
9.14963163091463e-08
9.14888974425185e-08
-1.47905967189652e-06
3.29374140266812e-11
-3.80919597947615e-10
-3.80908916821493e-10
-6.13614997680388e-09
-3.19266640035065e-14
-2.21532156768206e-13
-2.21541264066455e-13
-2.10484516101339e-12
-3.26725950981765e-14
3.03956079056311e-16
3.01841884819964e-16
3.40244325769401e-15
-1.61498418804751e-14
-6.83589469752111e-17
-6.88468379528295e-17
4.32195512017897e-15
-1.77782051233311e-15
1.64798730217797e-17
6.9931040125315e-18
1.46616659785215e-15
1.41488383509358e-17
4.60785923306339e-18
1.06143392686331e-16
8.40403436073195e-05
-2.7820665934373e-05
-8.66126304499955e-06
0.000290718206473372
-0.000331914843137862
-2.87382326696823e-05
0.000275659463929746
-0.00100566317084036
2.60869320171956e-05
0.000386626557267075
-0.00198311764513656
-3.26821545954976e-05
0.000452569259880314
-0.00232328320510756
-6.86984341703924e-05
0.000262370414908753
-0.0017274580532455
-5.43303670679438e-05
4.03220683339447e-05
-0.000484728682013554
-1.62371440957633e-05
1.01462959259575e-06
-3.90723129250615e-05
-2.5462856725688e-07
2.5198507825697e-09
-5.82759946372597e-07
1.49518801447509e-08
3.72194354329725e-13
-9.64009464702459e-10
8.03401809055387e-11
-1.05716759131458e-13
-8.84147356022824e-14
-1.73445242543369e-15
-1.04794970444411e-13
2.41497360303766e-14
4.18735142046489e-15
-2.65101525800948e-14
2.097909519716e-14
2.53161207275365e-17
-1.1442669728412e-15
4.07009495551058e-15
-3.20110691426345e-16
1.58076676748387e-16
-3.25260651745651e-18
0.000384359176302377
-0.000218421124968674
-2.42503688629069e-05
0.000618858846046346
-0.000518631046795406
-4.25795383277618e-05
0.000586692965926848
-0.000488347808428626
-4.63868277328605e-06
0.000609946950754226
-0.00121793257685557
2.53611149339754e-05
0.000560506355326902
-0.00167100074150511
3.23318793487058e-05
0.000425091602589417
-0.00142684646476897
-3.15286820293054e-05
0.000120836647302192
-0.000493180635609808
-2.16468919695409e-05
4.69268900649578e-06
-5.50909706137834e-05
-3.21370314169169e-06
1.65724781594221e-08
-1.2451657887796e-06
-6.50241802758306e-08
4.02322023352469e-12
-3.23690062102068e-09
7.56398045326928e-11
-7.38317827014834e-14
-6.52149124633072e-13
4.87055599844577e-14
-7.04453856359422e-14
1.2565469498238e-14
-4.23326738246965e-16
-2.39018874137464e-14
1.39194211712379e-14
1.01372903127395e-17
-1.50292105149941e-15
3.72965547335014e-15
-2.19388309602442e-16
1.58293517182884e-16
-1.16551733542192e-17
0.000689962307946781
-0.00059673861205095
-4.44737697551162e-05
0.000765977454696498
-0.000480989569921885
-2.83588161038231e-05
0.000773099391032361
-0.000141699014214867
-2.18526500411576e-05
0.000919999699711126
-0.000304050531265443
-6.19866459680037e-05
0.0008794776014451
-0.000897372317509814
-4.55044381942836e-05
0.00058102176000486
-0.000928690671951678
-4.07952893259392e-05
0.000179190076064535
-0.000418674193208692
-1.74264328018327e-05
9.00917362619462e-06
-5.65283082364491e-05
-3.70318911947792e-06
4.30185117133476e-08
-1.52005228888229e-06
-1.13577165450623e-07
1.43031063338725e-11
-4.87344089324278e-09
-6.56874728222068e-13
-4.95336193936935e-14
-1.29169873581969e-12
1.17775906215145e-13
-4.87123362480357e-14
7.09718742109011e-15
-9.58543140694434e-16
-2.07174772129393e-14
9.52081295746421e-15
1.21213802883879e-16
-1.7351571568458e-15
2.9024092157437e-15
-1.08257586922678e-16
1.44632569809566e-16
-1.18720137887163e-17
0.000583249325762111
-5.72369515007755e-05
-0.000939655072387484
0.000584531374932827
-1.3685890795428e-05
-0.000407161573193795
0.000671265627230689
1.19874748014788e-05
-6.39447898755055e-05
0.000884497540097814
2.13950979884548e-05
9.05134787665807e-05
0.000923003126411187
3.50000323264617e-06
-0.000311334324696435
0.000639875963367
3.33289514280524e-06
-0.000404726611264043
0.000211630265860999
-1.21410168239544e-05
-0.000245445272885937
1.22262915911368e-05
-3.0817007194466e-06
-3.88144113762849e-05
6.9367484680817e-08
-9.1496308009145e-08
-1.19763025242196e-06
2.81517943180078e-11
3.80922892024866e-10
-4.80524100577358e-09
-3.26668488266624e-14
2.21531939927772e-13
-1.55819508771554e-12
-3.30882782111075e-14
-3.03956079056311e-16
2.84863278798841e-15
-1.61745616900077e-14
6.86299975183324e-17
4.56720165159519e-15
-1.70962419568377e-15
-1.45283091113058e-17
1.63888000392909e-15
-1.45283091113058e-17
9.90960785651751e-17
2.5112271131529e-05
0.000200073175503978
8.66116073684281e-06
0.000281924458622794
-0.000132914346945336
2.87384839875481e-05
0.000352380746352228
-0.000744443308504964
-2.60841902428152e-05
0.000298783973924543
-0.00196758532375835
3.268257781367e-05
0.000278922877545478
-0.00220349479056136
6.86987048083303e-05
0.000152570614280205
-0.00143488049204818
5.43301220278921e-05
3.17401394274204e-05
-0.000365270008628495
1.62372295591041e-05
1.18747650144967e-06
-2.72316864350012e-05
2.54663693371841e-07
5.00333765271564e-09
-4.35148666436602e-07
-1.49365868635696e-08
1.68320934447463e-12
-9.90661861138137e-10
-8.03406413662014e-11
-9.78446924176923e-14
-3.08777092436485e-13
1.71959885567063e-15
-9.82459556417292e-14
2.9357809586128e-14
-4.2052407563109e-15
-2.8998830246818e-14
1.98007842761028e-14
-2.206351421008e-17
-1.31871510239412e-15
4.24638622875673e-15
3.35452152167015e-16
2.00360561475321e-16
8.18572640226556e-18
0.000305536306653421
4.74572658505696e-05
2.42501435614116e-05
0.00057971311272806
-0.000291719895823234
4.25795834019766e-05
0.000562883389249846
-0.000290473402259814
4.64036880486662e-06
0.000562101901403046
-0.00108070644136908
-2.53583337399332e-05
0.000553576177434021
-0.00164581852128891
-3.23297285620253e-05
0.000325940146513932
-0.00133640596698617
3.15281346151211e-05
8.20465717019914e-05
-0.000440504669068309
2.16462999546509e-05
3.41906323249742e-06
-4.5799040490996e-05
3.2136647267172e-06
1.57306372148116e-08
-9.98838895447567e-07
6.50294848948251e-08
6.18407885663586e-12
-2.8966200946081e-09
-7.54668465848159e-11
-7.02204136851514e-14
-8.08461153925522e-13
-4.8717486208355e-14
-6.75492647927989e-14
1.50112127589308e-14
4.1844782847078e-16
-2.45155458433732e-14
1.32964386029277e-14
-1.46909394371786e-17
-1.70284793210573e-15
3.80208017847217e-15
2.10985742765679e-16
1.97324795392362e-16
1.0245710529988e-17
0.000556603850011944
-0.000449656336097298
4.44744492404231e-05
0.000645020794187598
-0.000359953519825685
2.83588039548968e-05
0.000655777254392259
-0.00014811861627644
2.1852151292378e-05
0.000772502583969291
-0.000434583982260867
6.19830323047997e-05
0.000757249974622598
-0.00111265280682741
4.55042602179482e-05
0.000492367141555754
-0.00105443333531125
4.07956059378725e-05
0.000144572485395847
-0.000426599442764233
1.74260351536151e-05
7.13876174174603e-06
-5.43870360227591e-05
3.70308476902359e-06
3.76269806264201e-08
-1.49224460210947e-06
1.13576329030388e-07
1.62291895417291e-11
-5.4276272178945e-09
6.59493510149489e-13
-4.83868587558556e-14
-1.73167491630821e-12
-1.17781327226008e-13
-4.7964345169238e-14
7.54908288658207e-15
9.53555810701001e-16
-2.07680010341771e-14
8.92667016694215e-15
-1.21213802883879e-16
-1.86862244427877e-15
2.76059557158259e-15
1.02673945734377e-16
1.79977560632594e-16
1.04625509644851e-17
0.000430691742376616
5.72372242595559e-05
-0.000836248209076621
0.000447757692716679
1.3685895796363e-05
-0.000350382519457221
0.000586573826819298
-1.19871541143231e-05
-0.000160158965879073
0.000841741421021096
-2.13945028753483e-05
-0.000119558469703784
0.000843331077427504
-3.50096898512719e-06
-0.000544660574225035
0.000552602240352924
-3.33317353921404e-06
-0.000601778210218446
0.000181430981232521
1.21411983849837e-05
-0.000302631825515743
1.08643743682001e-05
3.08163433939763e-06
-4.55825054272725e-05
6.7844055941322e-08
9.14891361567861e-08
-1.47905913258032e-06
3.29374402643738e-11
-3.80912564240232e-10
-6.13614752650697e-09
-3.1926447163072e-14
-2.21540342494608e-13
-2.10484591995491e-12
-3.26729203588283e-14
3.03197137535571e-16
3.40320219921475e-15
-1.61481071569991e-14
-6.85757874097082e-17
4.32228038083071e-15
-1.7784710336366e-15
7.64362531602281e-18
1.46172136894496e-15
8.23993651088983e-18
1.09395999203787e-16
8.40421006617096e-05
-2.78193990065425e-05
-8.66121588240102e-06
0.000290721693685024
-0.000331915191148876
-2.8738991246479e-05
0.000275664004586904
-0.00100566589242761
2.60819334465201e-05
0.000386623728324607
-0.00198312562373495
-3.26817183714343e-05
0.000452565351944117
-0.00232327373306675
-6.86982401684712e-05
0.00026236824490419
-0.00172744372226657
-5.43288679912425e-05
4.03225463389157e-05
-0.000484724808234885
-1.62375148033627e-05
1.01468321919913e-06
-3.90725856358521e-05
-2.54700376178753e-07
2.52015473908244e-09
-5.82784338737678e-07
1.49192691362393e-08
3.72261791704853e-13
-9.64097370730402e-10
8.03341424957492e-11
-1.05723589605144e-13
-8.85216379364895e-14
-1.72366461381745e-15
-1.04845927946517e-13
2.41551570412391e-14
4.20605390794027e-15
-2.65138388674813e-14
2.10372084336052e-14
1.76724954115137e-17
-1.11759559939806e-15
4.18003305580061e-15
-3.36807404882622e-16
1.66750294128271e-16
-9.92044987824237e-18
0.000384358843369668
-0.000218422498899627
-2.42502467450418e-05
0.000618860941903077
-0.000518630442482197
-4.25787386193818e-05
0.000586699299471688
-0.000488345683205343
-4.64214847831017e-06
0.000609948912628101
-0.00121794195653226
2.53562886989547e-05
0.000560505074888469
-0.00167100464693942
3.23294563060224e-05
0.000425086377199694
-0.00142684365059885
-3.15261810515224e-05
0.000120835453297114
-0.000493175510933259
-2.16456523188531e-05
4.69276069062815e-06
-5.50902394495512e-05
-3.21369344734318e-06
1.65735257136096e-08
-1.24516682709227e-06
-6.50372595272712e-08
4.0236929456719e-12
-3.23697126308059e-09
7.52493141582822e-11
-7.38418657816875e-14
-6.52254942765107e-13
4.8700030553378e-14
-7.0455360295929e-14
1.25880209034257e-14
-4.17038365646549e-16
-2.39002611104877e-14
1.39213727351484e-14
1.54498809579184e-17
-1.49435585433677e-15
3.81162115759004e-15
-2.10335221462188e-16
1.76724954115137e-16
-9.81202966099382e-18
0.000689962042835666
-0.000596740882475369
-4.44741522598863e-05
0.000765977672051254
-0.0004809900302877
-2.83586478253081e-05
0.000773099931960944
-0.000141699336056139
-2.18525326282802e-05
0.000919997713667798
-0.000304055793331413
-6.19814430262409e-05
0.000879475495098692
-0.00089737433563264
-4.55008071230459e-05
0.0005810187196136
-0.000928692395484445
-4.07952821968922e-05
0.000179188294443931
-0.000418672546859792
-1.74254235413168e-05
9.00913495735479e-06
-5.65277212863258e-05
-3.70302013670331e-06
4.30192948120854e-08
-1.5200324827735e-06
-1.13578635211134e-07
1.43038882604793e-11
-4.87336104218646e-09
-6.52715782898522e-13
-4.95332941330417e-14
-1.29169960318143e-12
1.17773412550148e-13
-4.87104931043425e-14
7.11193257063591e-15
-9.51983717550897e-16
-2.07298371177056e-14
9.51257302095332e-15
1.16876994193937e-16
-1.73483189619406e-15
2.94165733438767e-15
-9.67650438943313e-17
1.70870262383715e-16
-6.93889390390723e-18
0.00058324944831315
-5.72374693264885e-05
-0.000939657141518242
0.000584531749553345
-1.36855751965668e-05
-0.000407162353372336
0.000671265729011863
1.19874523917852e-05
-6.39451576102497e-05
0.000884495015336205
2.13954704571045e-05
9.05125993288364e-05
0.000923000259245594
3.50532141087242e-06
-0.000311336492321234
0.000639874774502711
3.33507496311973e-06
-0.000404729414894076
0.000211629676748754
-1.21409447122272e-05
-0.00024544613791774
1.22262074018941e-05
-3.08155800734193e-06
-3.88142404831267e-05
6.93672765984051e-08
-9.14888515413559e-08
-1.19761405631186e-06
2.81521681509168e-11
3.80817741490319e-10
-4.8051407330104e-09
-3.26661440952503e-14
2.21550208734378e-13
-1.55815171962864e-12
-3.30866519078488e-14
-3.00920312973352e-16
2.84646438364344e-15
-1.61806332221737e-14
6.87926278442053e-17
4.56427430572948e-15
-1.71011208666139e-15
-9.75781955236954e-19
1.64636099891924e-15
-4.39101879856629e-18
1.13299127024735e-16
2.51100508867781e-05
0.000200074459549436
8.66120910258402e-06
0.000281921714871987
-0.000132916817663191
2.87390038258344e-05
0.000352379072978679
-0.000744445772977029
-2.60818377887701e-05
0.000298784705095176
-0.0019675895444447
3.26817311260855e-05
0.000278927523773348
-0.00220350272827144
6.86982481624737e-05
0.000152572185163859
-0.0014348898358323
5.43288601382947e-05
3.17392850724972e-05
-0.000365271331260287
1.62375180259918e-05
1.18740151833826e-06
-2.7231286218561e-05
2.54701561446511e-07
5.00281771966069e-09
-4.35121938442869e-07
-1.49187546376393e-08
1.68305105095745e-12
-9.90532230673788e-10
-8.03341585419413e-11
-9.78324409331432e-14
-3.08789235500817e-13
1.72371882392608e-15
-9.82261147419727e-14
2.93326560957263e-14
-4.20805968195936e-15
-2.90006733905113e-14
1.97502604548649e-14
-1.8323016715005e-17
-1.34419385344753e-15
4.15184379931599e-15
3.29380620001096e-16
1.93855348440408e-16
7.37257477290143e-18
0.000305538322765762
4.74571044294321e-05
2.42502452329776e-05
0.000579713760906032
-0.000291721076451617
4.25787559585636e-05
0.000562881795591919
-0.00029047702822506
4.6422127395938e-06
0.000562101899739114
-0.00108070557779087
-2.53561943590612e-05
0.000553580538629899
-0.00164581391597609
-3.23293839699941e-05
0.000325943974994808
-0.00133640759440708
3.15261615391199e-05
8.20467744116104e-05
-0.000440507661922888
2.16456323740554e-05
3.4189636390706e-06
-4.57995077923728e-05
3.2136921823588e-06
1.57293494189867e-08
-9.9883892705618e-07
6.5037439872539e-08
6.18325410404325e-12
-2.89647091814699e-09
-7.524345409975e-11
-7.02131495305958e-14
-8.08359455761742e-13
-4.87002473938125e-14
-6.75508910960576e-14
1.49786866937562e-14
4.16875735320676e-16
-2.45183647690217e-14
1.33103163907355e-14
-1.59919820441612e-17
-1.70436581514721e-15
3.73073967552262e-15
2.0870891820346e-16
1.65882932390282e-16
7.10152422978005e-18
0.00055660530436005
-0.000449656803491953
4.44741854324875e-05
0.000645021906456269
-0.000359954615649308
2.83586553617062e-05
0.000655778314135434
-0.000148119344023256
2.18525160904049e-05
0.000772506055072552
-0.000434583238144187
6.19813363564284e-05
0.000757253280473708
-0.00111265415181842
4.55008114769787e-05
0.000492370315888045
-0.00105443367101668
4.07952918563656e-05
0.000144573273620824
-0.000426600115607463
1.7425409749025e-05
7.13871081014638e-06
-5.43874307606363e-05
3.70301657895254e-06
3.76256451156166e-08
-1.49226289403712e-06
1.13578607026539e-07
1.6227968296402e-11
-5.4276160681762e-09
6.52802735912755e-13
-4.83875092771591e-14
-1.73166711005257e-12
-1.17773792020909e-13
-4.79675977757554e-14
7.52869988573934e-15
9.51116355812909e-16
-2.07611705604904e-14
8.9381627099705e-15
-1.17581725606053e-16
-1.86612877928205e-15
2.72806950640803e-15
9.42171687889903e-17
1.43114686768087e-16
5.09575021068187e-18
0.000430692238237796
5.72374927947578e-05
-0.000836249373377094
0.000447758088714227
1.36855817133084e-05
-0.000350383094572582
0.00058657467843887
-1.19874346657243e-05
-0.000160159191726309
0.000841745166398312
-2.13954472185934e-05
-0.000119558751926469
0.000843335374471887
-3.50534454250098e-06
-0.000544659192380469
0.000552604178590528
-3.33508132387508e-06
-0.000601775658600901
0.000181430980986389
1.21409501972041e-05
-0.000302631555823602
1.08643516104044e-05
3.08155566160716e-06
-4.5582651307981e-05
6.78434113746194e-08
9.14886045250813e-08
-1.47907543854243e-06
3.29366445683994e-11
-3.80817387877781e-10
-6.13622438765896e-09
-3.19256882215513e-14
-2.21550642415247e-13
-2.10488787857899e-12
-3.26730829891542e-14
2.99727690583618e-16
3.40027485334904e-15
-1.61440413988523e-14
-6.92805188218237e-17
4.31718463062003e-15
-1.77841682352797e-15
-1.51788304147971e-18
1.45424037395481e-15
5.42101086242752e-19
9.17235037922737e-17
8.4042171679481e-05
-2.78194100918642e-05
0.000290721825487884
-0.000331915254842304
0.00027566416684844
-0.00100566600563096
0.000386623645212892
-0.0019831259095251
0.000452565233048215
-0.00232327342128354
0.000262368178480325
-0.00172744325853996
4.03225630800211e-05
-0.000484724682877411
1.01468502637159e-06
-3.90725953967556e-05
2.52016490564621e-09
-5.82785171094431e-07
3.72261683284636e-13
-9.64100332987577e-10
-1.05725432748838e-13
-8.8517517968234e-14
-1.04847445829559e-13
2.41579759668875e-14
-2.65116704631363e-14
2.10424126040332e-14
-1.12388397199847e-15
4.1663721084273e-15
1.7802599672212e-16
0.000384358861608783
-0.000218422597733519
0.000618861045968821
-0.000518630475731874
0.000586699537550377
-0.000488345633639319
0.000609948993294923
-0.00121794228571172
0.000560505042660356
-0.0016710047883454
0.000425086206100438
-0.0014268435619347
0.000120835414739339
-0.000493175339243836
4.69276316468362e-06
-5.50902149515336e-05
1.65735611322177e-08
-1.24516687129367e-06
4.02370714872036e-12
-3.23697367065993e-09
-7.38426247232082e-14
-6.52254509084238e-13
-7.04546013544083e-14
1.25927913929846e-14
-2.38957074613633e-14
1.39252758629693e-14
-1.4997768651992e-15
3.79492444413376e-15
1.86482773667507e-16
0.000689962063743591
-0.000596741020583391
0.000765977705964778
-0.000480990097151943
0.000773099976680692
-0.0001416993679966
0.000919997669662311
-0.000304055973676924
0.000879475442880727
-0.000897374403973006
0.000581018623453702
-0.000928692452321834
0.000179188235171106
-0.000418672490048887
9.00913368442142e-06
-5.65277012124835e-05
4.30193214245866e-08
-1.52003181126681e-06
1.43039127634484e-11
-4.87335834252305e-09
-4.95340530745625e-14
-1.29169656741535e-12
-4.87101678436908e-14
7.11778726236734e-15
-2.07264760909709e-14
9.5138740635603e-15
-1.73938554531849e-15
2.93276687657329e-15
1.77375475418629e-16
0.000583249466277307
-0.000939657271243023
0.000584531775704508
-0.000407162416112928
0.000671265746406274
-6.39451861628136e-05
0.000884494946860272
9.05125631360216e-05
0.000923000178163152
-0.00031133655864322
0.000639874740473905
-0.000404729501830456
0.000211629656934477
-0.000245446164727258
1.22262045207104e-05
-3.88142343735795e-05
6.93672694394181e-08
-1.19761349398585e-06
2.81521789387285e-11
-4.80513725532351e-09
-3.26662525154675e-14
-1.55815161120842e-12
-3.30860555966539e-14
2.85513800102333e-15
-1.61779769268511e-14
4.56579218877096e-15
-1.7126057516581e-15
1.64321681261903e-15
1.22623265708111e-16
0.000375754069806053
-0.000336144756388475
5.62381663292647e-05
5.62386611256145e-05
0.000271634358213156
-0.000238592540325036
1.09009013122872e-05
1.09010142365806e-05
0.000276626146121937
-8.79256414574293e-05
-1.54962781843302e-05
-1.54961539481607e-05
0.000427858318832636
-3.08695271492629e-05
-3.26271408012068e-05
-3.26270353904901e-05
0.000470329667770137
-0.00026407793048121
-1.07049481557524e-05
-1.07047520954611e-05
0.000336137114425891
-0.000302333773506323
-1.01309043885152e-05
-1.01304935298423e-05
0.000120575499983652
-0.000178364238894194
2.52061177552076e-07
2.52350491558584e-07
8.04638893044145e-06
-2.80386805195585e-05
3.91058823523177e-07
3.90969145988573e-07
5.56320169230889e-08
-9.32557414127805e-07
-6.9883142973467e-08
-6.99045921458748e-08
2.84313034270081e-11
-3.99068255047333e-09
-4.91612690606182e-10
-4.9161640746807e-10
-1.32155842259146e-14
-1.38272390499267e-12
-1.54313411007689e-13
-1.54318452547791e-13
-1.41243895919463e-14
1.57176788945224e-15
2.08221027225841e-16
2.08437867660338e-16
-7.65847888578586e-15
1.94299871331127e-15
-1.81603863891322e-17
-1.76724954115137e-17
-9.46616916797094e-16
7.0755033776404e-16
-1.23599047663348e-17
-1.23056946577105e-17
5.8113236445223e-17
2.60208521396521e-18
-1.0842021724855e-18
0.000322497585289808
-8.87677481669831e-05
1.26505090141282e-05
1.26511805631757e-05
0.000174500747255561
-7.46976888262206e-05
4.81043376819698e-07
4.81290689814855e-07
0.000162699203506266
-2.50414133594433e-05
-1.51475519166259e-05
-1.51475447376319e-05
0.000276510070352732
-1.06455360816996e-05
-2.19558433388557e-05
-2.19559885993141e-05
0.000323368733833046
-7.07231122164049e-05
-3.27826929835773e-05
-3.27828134943994e-05
0.000244638373717996
-8.3654664088242e-05
-2.7853812888839e-05
-2.78535528438676e-05
8.76655364213918e-05
-5.33340531015901e-05
-1.04362348592134e-05
-1.04357282427513e-05
6.44119584281248e-06
-7.46638478474679e-06
-7.89681070183061e-07
-7.89625043518905e-07
4.64964377033702e-08
-2.14607705988513e-07
-3.87984025191214e-08
-3.88012453672571e-08
2.42012191265916e-11
-9.63499572769096e-10
-1.90722577271193e-10
-1.90712541028523e-10
-7.50162193648152e-15
-3.74648608577471e-13
-6.28896349059993e-14
-6.28901770070855e-14
-8.33412657462451e-15
4.45661303000167e-16
1.58618777834629e-16
1.58727198051878e-16
-4.76814497173822e-15
4.84042059906153e-16
-1.49077798716757e-17
-1.47451495458029e-17
-6.23904140156784e-16
1.8360963791042e-16
-1.58835618269126e-17
-1.64798730217797e-17
1.7726705520138e-17
1.40946282423116e-18
-2.49366499671666e-18
0.000133493633520385
-1.10098847341377e-05
-1.10103363334884e-05
6.5995941305067e-05
-1.95395137794508e-06
-1.95395334703037e-06
5.89801543663982e-05
-4.86323809072046e-06
-4.8632683095311e-06
0.000100667737704985
-9.80535040402718e-06
-9.80558804328417e-06
0.000121733846163928
-1.53469266774851e-05
-1.53469730259629e-05
9.41428833482751e-05
-1.5256196178666e-05
-1.5255870991432e-05
3.3035223327373e-05
-6.23359252839692e-06
-6.23331572168547e-06
2.40046783964753e-06
-1.92788381325705e-09
-1.84493793463011e-09
1.7878401113921e-08
2.60368799533312e-08
2.60391893224985e-08
9.62225325053289e-12
1.3913847233659e-10
1.39142667982158e-10
-2.3828730872158e-15
4.44510964495159e-14
4.444936172604e-14
-2.72659905721159e-15
4.22838847269347e-17
4.27717757045531e-17
-1.62571372379697e-15
-9.32413868337534e-18
-9.37834879199961e-18
-2.19815214207858e-16
-9.86623976961809e-18
-7.53520509877426e-18
1.89735380184963e-18
-1.24683249835833e-18
0.000451923213883713
-0.000295849815446495
-5.62382140018119e-05
0.000318687144793308
-0.000233440470908933
-1.09009177929058e-05
0.000303939317405054
-2.07038884150538e-05
1.54962739565672e-05
0.000472639666291483
8.48048991579636e-05
3.26271330194952e-05
0.000528874327352623
-8.45605121612743e-05
1.07049612943781e-05
0.000375972123844791
-0.000140051527042496
1.01309087960848e-05
0.000126814759845405
-0.000112732000415287
-2.52065952112759e-07
8.12790715474615e-06
-2.17910631963085e-05
-3.91058999744682e-07
5.10432917722023e-08
-8.040569534685e-07
6.98831782419674e-08
2.34831145414643e-11
-3.66730541388142e-09
4.91612445955962e-10
-1.36274455261876e-14
-1.31032955753146e-12
1.54313573638015e-13
-1.43014669117675e-14
1.18687611821988e-15
-2.08437867660338e-16
-7.65194656769663e-15
2.06475461728139e-15
1.80519661718836e-17
-9.2932389214595e-16
8.23451550002741e-16
1.37151574819416e-17
5.51858905795122e-17
-2.87313575708659e-18
0.000365535151128505
-4.09961201737529e-05
-1.26505805982665e-05
0.000204922247101454
-6.15044146502649e-05
-4.81070084251971e-07
0.000184944777222144
-9.50148676480098e-06
1.51475442325879e-05
0.000299051642786512
2.34011248655814e-05
2.19558398451034e-05
0.000352543076262937
-1.34877973568227e-05
3.27827065201289e-05
0.000262337745614728
-2.65144126094183e-05
2.78538189460397e-05
8.91039486254647e-05
-2.8278081798201e-05
1.04362320718099e-05
6.11079769515497e-06
-7.15258516262481e-06
7.89681824771185e-07
4.22877356610869e-08
-3.09049681272646e-07
3.87984538192856e-08
2.14327017234155e-11
-1.4899821405975e-09
1.90722491456592e-10
-7.68821313036627e-15
-5.51903954395389e-13
6.28894722756734e-14
-8.40790653246215e-15
3.14906520998415e-16
-1.59323509246745e-16
-4.76746734538042e-15
5.21772295508649e-16
1.49619899803e-17
-6.18496681821512e-16
2.23237227314765e-16
1.76182853028894e-17
1.42572585681844e-17
-1.68051336735253e-18
0.000135565481818027
1.10098737152314e-05
7.29056896483185e-05
1.95393379054078e-06
6.28299794098313e-05
4.86323363819221e-06
0.000102801189890587
9.80534982538141e-06
0.000121510054691278
1.53469311402613e-05
9.26558344180892e-05
1.52561905168347e-05
3.27749841153996e-05
6.23359031402999e-06
2.39732394684682e-06
1.92735033781224e-09
1.77855157637393e-08
-2.60368992071355e-08
9.53285378153118e-12
-1.3913847190291e-10
-2.39126887778898e-15
-4.44523432820143e-14
-2.73128145534401e-15
-4.17417836406919e-17
-1.62711641035762e-15
1.00288700954909e-17
-2.19584821246205e-16
1.13841228110978e-17
-1.78893358460108e-18
0.00037575404482688
-0.000336144671315651
5.62386627089938e-05
0.000271634347729346
-0.000238592512090878
1.09010181629078e-05
0.000276626140828884
-8.79256292958594e-05
-1.54961560379894e-05
0.000427858313376193
-3.08695155034642e-05
-3.26270332435764e-05
0.000470329649853306
-0.000264077951421438
-1.07047698956349e-05
0.000336137093022827
-0.000302333791206578
-1.01305092369723e-05
0.000120575497307237
-0.000178364249394668
2.52345856305465e-07
8.04638901639573e-06
-2.80386834347285e-05
3.90972344102981e-07
5.56320189389731e-08
-9.32557405162104e-07
-6.99039132469889e-08
2.84313076282915e-11
-3.99068211082935e-09
-4.91616037104608e-10
-1.32157197511862e-14
-1.3827234713118e-12
-1.54318344127574e-13
-1.41245522222722e-14
1.57274367140747e-15
2.09359439506951e-16
-7.65864151611173e-15
1.94310713352852e-15
-1.75098650856409e-17
-9.46400076362597e-16
7.04080890812087e-16
-1.31730563956989e-17
6.0281640790194e-17
1.40946282423116e-18
0.000322497589581682
-8.8767715801846e-05
1.26511937999398e-05
0.000174500746632313
-7.46976834419293e-05
4.8129964068089e-07
0.000162699198720745
-2.50414094182419e-05
-1.51475408405597e-05
0.000276510056369202
-1.06455303350796e-05
-2.19559834202084e-05
0.000323368716542705
-7.07231149006197e-05
-3.27828215575144e-05
0.000244638365052882
-8.36546654663401e-05
-2.78535650282918e-05
8.76655361447394e-05
-5.33340560174092e-05
-1.0435741313221e-05
6.44119607343082e-06
-7.46638600764796e-06
-7.89627596790355e-07
4.64964388924825e-08
-2.14607740307415e-07
-3.88012001637243e-08
2.42012197906654e-11
-9.6349969956654e-10
-1.90712790882914e-10
-7.50154062131858e-15
-3.74648066476385e-13
-6.2890827528389e-14
-8.33407236451589e-15
4.46094983869161e-16
1.59269299138121e-16
-4.76806365657528e-15
4.83771009363032e-16
-1.49077798716757e-17
-6.23836377521003e-16
1.81766494217195e-16
-1.79977560632594e-17
1.83772268236293e-17
-7.04731412115578e-19
0.000133493653090909
-1.10103564603122e-05
6.59959437779579e-05
-1.95394884094496e-06
5.89801545004262e-05
-4.86326654276971e-06
0.000100667734298714
-9.80558364886401e-06
0.000121733843605844
-1.53469754102293e-05
9.41428809891186e-05
-1.5255874492393e-05
3.30352230874964e-05
-6.23332223053649e-06
2.40046791630766e-06
-1.84715428494303e-09
1.78784016943148e-08
2.60391287149465e-08
9.62225344704453e-12
1.39142510230741e-10
-2.38285953468864e-15
4.44488738350624e-14
-2.72659905721159e-15
4.30970363562988e-17
-1.62572727632412e-15
-9.26992857475106e-18
-2.19815214207858e-16
-7.86046575051991e-18
-7.58941520739853e-19
0.000451923492914754
-0.000295850861419424
-5.62382290171066e-05
0.000318687113866057
-0.000233440634285848
-1.09008495464688e-05
0.000303939148873917
-2.07039380079118e-05
1.54962570189895e-05
0.000472639271886198
8.48046549442178e-05
3.26272080952549e-05
0.000528874140392759
-8.45610814446889e-05
1.07043675381362e-05
0.000375972132719834
-0.000140052757855674
1.01303840111208e-05
0.000126814650972006
-0.000112733162071521
-2.52217133477604e-07
8.12785821878144e-06
-2.17912544181462e-05
-3.90968111313623e-07
5.10428008977713e-08
-8.0406015015317e-07
6.99036206313394e-08
2.34830307326364e-11
-3.6672968199529e-09
4.91623208397247e-10
-1.36264697442323e-14
-1.31031242713714e-12
1.5432680090452e-13
-1.42995424529113e-14
1.18427403300592e-15
-2.09305229398327e-16
-7.65492812367097e-15
2.0681156440161e-15
1.82688066063807e-17
-9.28836001168332e-16
8.27896778909931e-16
1.29020058525775e-17
6.4401609045639e-17
7.04731412115578e-19
0.000365535099013172
-4.09960461232419e-05
-1.26501620719189e-05
0.000204922280276482
-6.15043065091907e-05
-4.80786761926613e-07
0.000184944860115362
-9.50139195187286e-06
1.51477284381304e-05
0.000299051653968614
2.34014220368892e-05
2.1956029803414e-05
0.000352543130075104
-1.34878748196273e-05
3.27824461336438e-05
0.00026233790139149
-2.65148649684399e-05
2.78534062869049e-05
8.91039356976061e-05
-2.82785707909437e-05
1.04358223920781e-05
6.11077695352489e-06
-7.15271371980582e-06
7.89600395447777e-07
4.22874817105804e-08
-3.09053871281933e-07
3.87995796007198e-08
2.1432610108332e-11
-1.48999427856608e-09
1.90714193081584e-10
-7.68757616158994e-15
-5.51901243889957e-13
6.28924538316478e-14
-8.40679522523535e-15
3.12250225675825e-16
-1.61058232722722e-16
-4.76914785874777e-15
5.22205976377643e-16
1.59919820441612e-17
-6.18523786875824e-16
2.19930410688685e-16
1.82688066063807e-17
1.93530087788663e-17
2.54787510534094e-18
0.000135565333119973
1.10093318082748e-05
7.29056120444169e-05
1.9541001169227e-06
6.28299620571884e-05
4.86331420293919e-06
0.000102801254460633
9.80551339217048e-06
0.000121510126100758
1.5346839793807e-05
9.26558870567152e-05
1.52560610247739e-05
3.27749824818353e-05
6.23338730468444e-06
2.39732111480271e-06
1.86056795138797e-09
1.77854802109746e-08
-2.60387512261619e-08
9.53283543818568e-12
-1.39143575947267e-10
-2.39104526109091e-15
-4.44509880292987e-14
-2.73101040480089e-15
-4.36933475511658e-17
-1.62698766134964e-15
1.01915004213637e-17
-2.19821990471436e-16
8.02309607639273e-18
1.40946282423116e-18
0.000375754434652425
-0.000336145294723498
5.62382752946945e-05
0.000271634437190103
-0.000238592629063941
1.09008621537945e-05
0.000276626142742982
-8.79258882920949e-05
-1.54962506863014e-05
0.000427858321909341
-3.08697429299816e-05
-3.26272024471014e-05
0.000470330069866855
-0.000264077345415735
-1.0704362873589e-05
0.000336137717248676
-0.000302333244381106
-1.01303727111671e-05
0.000120575581294901
-0.000178363879515867
2.5222654307912e-07
8.04638830687e-06
-2.80385783956111e-05
3.90965089340489e-07
5.56319907079749e-08
-9.32557093149102e-07
-6.99043348038214e-08
2.84312047375054e-11
-3.99069406762775e-09
-4.91623333893649e-10
-1.32154758056974e-14
-1.38273507227504e-12
-1.54326909324737e-13
-1.41254195840101e-14
1.57328577249372e-15
2.09034178855205e-16
-7.65620206122364e-15
1.93519245766938e-15
-1.8323016715005e-17
-9.47538488643707e-16
7.0082828429463e-16
-1.39319979164387e-17
4.75964753721136e-17
-3.41523684332934e-18
0.000322497335172369
-8.87674621934384e-05
1.26502206127585e-05
0.000174500669750206
-7.46974736282647e-05
4.8080457243657e-07
0.000162699227481806
-2.50414526986684e-05
-1.51477246405724e-05
0.000276510387962465
-1.06456340458344e-05
-2.1956031479716e-05
0.000323369206203942
-7.07230359684882e-05
-3.27824516054725e-05
0.000244638626755728
-8.36546289912066e-05
-2.78534001597686e-05
8.76655419055054e-05
-5.33339547755364e-05
-1.04358065348077e-05
6.44118939234184e-06
-7.46634428870228e-06
-7.89598596940741e-07
4.64964144951147e-08
-2.14606530924831e-07
-3.8799676112982e-08
2.42012164567438e-11
-9.63494958892541e-10
-1.90713857792062e-10
-7.50126957077546e-15
-3.74645084920411e-13
-6.28915322598012e-14
-8.3343163100047e-15
4.47016555715773e-16
1.60245081093358e-16
-4.76596301486609e-15
4.79976301759333e-16
-1.68593437821496e-17
-6.24066770482656e-16
1.85290151277773e-16
-1.96240593219876e-17
1.28477957439532e-17
-4.93311988480905e-18
0.000133493037490638
-1.10093003566161e-05
6.59958409665724e-05
-1.95408698155851e-06
5.8980131330293e-05
-4.86331150927595e-06
0.000100667823557076
-9.80551720198807e-06
0.000121733906026611
-1.53468418711638e-05
9.41429432286708e-05
-1.52560518622249e-05
3.30352290009824e-05
-6.23337858261737e-06
2.40046585008834e-06
-1.85781845766717e-09
1.78783863409753e-08
2.60388310734236e-08
9.62224975398088e-12
1.39143732993952e-10
-2.38298150743305e-15
4.44525601224488e-14
-2.72681589764609e-15
4.26633554873046e-17
-1.62597122181293e-15
-1.10588621593521e-17
-2.19598373773361e-16
-9.54097911787244e-18
-3.25260651745651e-18
0.000451923510828052
-0.000295850963193617
0.000318687119669049
-0.000233440664407367
0.000303939149427551
-2.07039497575437e-05
0.000472639265428504
8.48046413774197e-05
0.000528874139676181
-8.45610979533562e-05
0.000375972135300104
-0.000140052793616333
0.000126814647380392
-0.000112733199102816
8.12785652842295e-06
-2.17912606472109e-05
5.10427840077717e-08
-8.04060247935087e-07
2.34830269379288e-11
-3.66729647582713e-09
-1.36269034251013e-14
-1.31031340291909e-12
-1.42998677135631e-14
1.18785190017512e-15
-7.65408786698729e-15
2.06844090466785e-15
-9.29432312363199e-16
8.26162055433954e-16
7.00394603425636e-17
0.000365535099481893
-4.09960904146331e-05
0.000204922284584732
-6.15043168513371e-05
0.000184944865119316
-9.50139344038539e-06
0.000299051657727564
2.34014267917259e-05
0.000352543133878662
-1.34878762637144e-05
0.000262337907339638
-2.65148780150754e-05
8.91039352643787e-05
-2.82785864826854e-05
6.1107762321055e-06
-7.15271803455322e-06
4.22874728700908e-08
-3.09054014412178e-07
2.14326067879628e-11
-1.48999469603813e-09
-7.68790142224168e-15
-5.51903249663976e-13
-8.40703917072416e-15
3.13659688500056e-16
-4.76878194051455e-15
5.22964917898383e-16
-6.1884904752757e-16
2.20201461231806e-16
2.1467203015213e-17
0.000135565328266664
7.29056102113797e-05
6.28299620429584e-05
0.000102801257106516
0.000121510128877058
9.26558888550887e-05
3.27749824014275e-05
2.39732101590335e-06
1.77854789540455e-08
9.53283478766437e-12
-2.39112657625384e-15
-2.73107816743667e-15
-1.62697410882248e-15
-2.19821990471436e-16
)
;

boundaryField
{
    inlet
    {
        type            calculated;
        value           nonuniform List<scalar> 
24
(
-1.01144877706844e-05
-1.01144149945336e-05
-1.01144801152235e-05
-1.01145199443878e-05
-1.01145996810384e-05
-1.01145266994094e-05
-0.000976757648430919
-0.000584690263331393
-0.000194299512156813
-0.000976757826121767
-0.000584690360028896
-0.000194299521501561
-0.000976757647931669
-0.000584690263150624
-0.000194299512140251
-0.000976757820510756
-0.000584690355220724
-0.000194299520545233
-0.000976757645121225
-0.00058469026034064
-0.000194299511350266
-0.000976757820426515
-0.000584690355123948
-0.000194299520567554
)
;
    }
    outlet
    {
        type            calculated;
        value           nonuniform List<scalar> 
156
(
-2.46177712659357e-05
1.90722215320607e-05
0.00103280248970644
0.00227309219256185
0.00234917184680056
0.00142304628767831
0.000364624973735216
2.75134220573321e-05
4.33748424148814e-07
9.1295597297314e-10
6.18862600054726e-15
-3.34255192968591e-14
-1.6079585579698e-14
-2.29113603089637e-15
-4.5102810375397e-17
-2.58662391123305e-05
0.0003119565982213
0.00154385202865486
0.00266452543069329
0.00258685901364867
0.00171515894933433
0.000470806463406774
3.32928804460775e-05
4.09649899286123e-07
5.81879517225908e-10
-1.93972442275037e-14
-3.51749879223817e-14
-1.58744545286638e-14
-2.12807202415455e-15
-4.0766001685455e-17
-2.46177573230309e-05
1.90721757649995e-05
0.00103280224897809
0.00227309163801349
0.00234917140503216
0.00142304616697046
0.000364625048567287
2.75134471520774e-05
4.33749397075849e-07
9.12958780623085e-10
6.18992704315424e-15
-3.34246519351211e-14
-1.6079585579698e-14
-2.29460547784832e-15
-4.64038529823796e-17
-2.58661988772209e-05
0.0003119614694939
0.001543846571387
0.00266451191532459
0.00258684653892534
0.00171515228729149
0.000470807996853968
3.3293633638846e-05
4.09669566089031e-07
5.81925794877758e-10
-1.93981115892417e-14
-3.51797584119407e-14
-1.58948375295065e-14
-2.13674564153443e-15
-4.03323208164608e-17
-2.46180588831884e-05
1.907140466538e-05
0.00103280634489643
0.00227310792630734
0.00234918449872679
0.00142304983287652
0.000364622787088988
2.75126735653046e-05
4.33719121325192e-07
9.12871504082924e-10
6.25758125871734e-15
-3.34116415090513e-14
-1.60631057066762e-14
-2.29373811611033e-15
-4.64038529823796e-17
-2.58662006402946e-05
0.0003119616777106
0.00154384641448618
0.00266451147598
0.00258684613347494
0.00171515207800658
0.000470808054042905
3.32936592928579e-05
4.09670229117691e-07
5.81927349189992e-10
-1.93989789509796e-14
-3.51806257736786e-14
-1.58948375295065e-14
-2.14064876935538e-15
-4.03323208164608e-17
-4.87890977618477e-18
-4.66206934168767e-18
-5.63785129692462e-18
-3.19839640883224e-18
-9.75781955236954e-19
-2.98155597433514e-19
-2.71050543121376e-20
-3.46944695195361e-18
-2.71050543121376e-18
-4.87890977618477e-18
-2.71050543121376e-18
-1.11130722679764e-18
-3.3881317890172e-19
-1.35525271560688e-20
-4.98732999343332e-18
-4.98732999343332e-18
-5.63785129692462e-18
-3.41523684332934e-18
-1.05709711817337e-18
-3.3881317890172e-19
-2.71050543121376e-20
-4.77048955893622e-18
-4.44522890719057e-18
-5.96311194867027e-18
-3.95733792957209e-18
-1.30104260698261e-18
-4.33680868994202e-19
-3.3881317890172e-20
-3.90312782094782e-18
-3.25260651745651e-18
-4.01154803819637e-18
-2.11419423634673e-18
-8.13151629364128e-19
-2.16840434497101e-19
-1.35525271560688e-20
-4.44522890719057e-18
-5.20417042793042e-18
-6.17995238316738e-18
-4.44522890719057e-18
-1.46367293285543e-18
-4.87890977618477e-19
-3.3881317890172e-20
-1.46183087333443e-05
-2.82720774718551e-07
-1.52179609169517e-05
-0.000123693568284001
-8.37172286690215e-06
-1.80618172943422e-05
-3.76802514045064e-05
-0.000131350593131009
-1.46183066440716e-05
-2.82718443458691e-07
-1.52179527576412e-05
-0.000123693551853225
-8.37168010708487e-06
-1.80616396483719e-05
-3.76806816582153e-05
-0.000131350921796765
-1.46183694878433e-05
-2.82737137452527e-07
-1.5217994062965e-05
-0.000123693720726891
-8.37167619335117e-06
-1.80616408316517e-05
-3.76807022029276e-05
-0.0001313509441279
)
;
    }
    sides
    {
        type            calculated;
        value           nonuniform List<scalar> 
84
(
0.000365332741699102
0.000324505093341827
0.000283159057325847
0.000365332270923766
0.000324508972566329
0.0002831586467438
0.000365332745522083
0.000324505100347944
0.000283159061437446
0.000365332204787887
0.000324508894355061
0.000283158591902209
0.000365332675592801
0.000324505022122771
0.000283159013313311
0.000365332200301577
0.00032450888721587
0.000283158587314671
-1.51768425875494e-06
-8.67145471525441e-07
-7.49477956221451e-07
-1.52439578525595e-06
-8.71351958947391e-07
-7.5317664702181e-07
-1.5176742412243e-06
-8.67159526136106e-07
-7.49487302162573e-07
-1.52449703806211e-06
-8.71204151150031e-07
-7.52654175537764e-07
-1.51783295467228e-06
-8.67182238555833e-07
-7.49406977054896e-07
-1.52450554037641e-06
-8.71173132385868e-07
-7.52580260031995e-07
-8.60085809455516e-05
-8.60014451032842e-05
-8.60086850829362e-05
-8.60008021277133e-05
-8.6007928684033e-05
-8.60007169878131e-05
-7.23701563030624e-05
-7.23990783197947e-05
-7.23704388876598e-05
-7.23989638896025e-05
-7.23674141117751e-05
-7.23988454041498e-05
-5.08104540924632e-05
-5.07546942592684e-05
-5.0810804391827e-05
-5.07492772389755e-05
-5.08082824040043e-05
-5.07492385203906e-05
-5.45164965885781e-06
-5.59868330973659e-06
-5.45195022775928e-06
-5.59473307925825e-06
-5.44960068893537e-06
-5.5945562970883e-06
-0.000176115517877639
-0.000175552569356175
-0.000176115814411763
-0.000175551276685169
-0.000176113786615139
-0.000175551007440487
-0.00257519307635059
-0.00257725578056608
-0.00257519339175464
-0.00257725374558526
-0.00257519023225296
-0.0025772533494387
-0.00175932033471318
-0.00175837087360974
-0.00175932079872278
-0.00175836818408959
-0.00175931647862598
-0.00175836769812666
0.00427786455478384
0.00427680887451009
0.00427786426399479
0.004276814204228
0.00427786662364648
0.00427681449411252
)
;
    }
}


// ************************************************************************* //
