/*--------------------------------*- C++ -*----------------------------------*\
  =========                 |
  \\      /  F ield         | OpenFOAM: The Open Source CFD Toolbox
   \\    /   O peration     | Website:  https://openfoam.org
    \\  /    A nd           | Version:  11
     \\/     M anipulation  |
\*---------------------------------------------------------------------------*/
FoamFile
{
    format      ascii;
    class       volVectorField;
    location    "0.0000599923";
    object      U;
}
// * * * * * * * * * * * * * * * * * * * * * * * * * * * * * * * * * * * * * //

dimensions      [0 1 -1 0 0 0 0];

internalField   nonuniform List<vector> 
900
(
(-1.57709424287152 -2.73163443490964 646.325650820972)
(-1.14205546264449 -1.97818475978527 653.499866144619)
(-0.615720166563078 -1.06650241843045 659.996875460106)
(-0.773730274701023 -1.34016894640261 645.228251097276)
(-0.573447065882636 -0.99332494786315 652.841362596023)
(-0.279749229861206 -0.484584196176543 659.662646879555)
(-0.575868770293918 -0.997466353320276 643.458122601991)
(-0.486599660683963 -0.842889939217244 651.614864534403)
(-0.230306460793936 -0.398947962382024 659.052424720773)
(-3.15512950993268 -4.22182524639918e-07 646.326650270891)
(-2.28177210134309 -4.0999280170958e-06 653.49961280319)
(-1.23072328385191 -1.56512370425709e-06 659.994878880589)
(-1.54984396860309 -4.7679415699382e-07 645.229763428387)
(-1.14277375431046 -4.14695753752043e-06 652.840892462658)
(-0.559147264316934 -1.69770475346097e-06 659.660646306358)
(-1.15260667102641 -8.73388300782919e-07 643.458217368934)
(-0.971753313685493 -4.06044991871253e-06 651.615286962827)
(-0.460672589135784 -1.89307090721144e-06 659.052359229494)
(-1.5770940301553 2.73163219235766 646.325650810077)
(-1.14205668335659 1.97817871800328 653.499864023449)
(-0.615720413154303 1.0664992685203 659.996875645254)
(-0.773730380627503 1.34016688077002 645.228251253552)
(-0.57344791803923 0.993317725924974 652.84136032945)
(-0.279749453869859 0.484580867410102 659.662647023787)
(-0.575868824466833 0.997464383820537 643.458122850194)
(-0.486599976754834 0.842882241474381 651.614862678705)
(-0.230306580288966 0.398944172927622 659.052424551)
(1.57759232354006 2.73244314043885 646.326644377625)
(1.14094492980537 1.97609438444145 653.49962954736)
(0.615395915589824 1.06586151872294 659.994880099217)
(0.774950596103738 1.34222422398259 645.229754160027)
(0.57144720698311 0.98970007215155 652.840909531504)
(0.27960916964818 0.484259282795406 659.660648108668)
(0.576331265618174 0.998203083663904 643.458210418829)
(0.485935484777516 0.841594424538679 651.61529867808)
(0.230373591421296 0.398976623216819 659.052361798302)
(3.15424209598086 -1.11550886780524e-06 646.325645755734)
(2.28423517381097 -3.89192037523989e-06 653.499892033585)
(1.23150302774466 -1.74656077449083e-06 659.996865605858)
(1.54751454073868 -1.32754763006506e-06 645.22824506122)
(1.14701930240062 -4.15020986259581e-06 652.841383041465)
(0.559564138233793 -1.81286015895085e-06 659.662645714535)
(1.15179355498789 -1.19213931971833e-06 643.458117219261)
(0.973320786834188 -3.96503764436158e-06 651.614874889147)
(0.460687330430771 -1.96215370695466e-06 659.052428901043)
(1.57759299036309 -2.73244549190344 646.326643833036)
(1.14094377098967 -1.97610020461341 653.499631003536)
(0.615396230162276 -1.06586511073159 659.994880811904)
(0.774951485460297 -1.34222711282519 645.229753484807)
(0.571446862388987 -0.989707373805055 652.840911550767)
(0.279609353114625 -0.484262890383414 659.660648315513)
(0.576331445843666 -0.998205458954995 643.458210044312)
(0.48593546269222 -0.84160219250349 651.615300618252)
(0.230373670704392 -0.398980469282072 659.052361930774)
(-0.414826689054854 -0.718543854304015 664.212285876204)
(-0.23806443470403 -0.412190914585015 666.215770118645)
(-0.203172809506973 -0.351543948043038 664.716554637135)
(-0.195429029343026 -0.338527681561456 664.010698926915)
(-0.0934729925165412 -0.161748393386443 666.108848990031)
(-0.0807785785324579 -0.139544508610566 664.631887802606)
(-0.15972333686999 -0.276700691804254 663.612875752625)
(-0.0780161552781104 -0.135029349661093 665.877008303368)
(-0.0618187982778162 -0.106796254864806 664.429020954222)
(-0.833325612985531 -3.1618653923218e-06 664.210746611993)
(-0.478387270124628 5.5824531768818e-06 666.215800566532)
(-0.408086461709815 3.68273327850549e-06 664.71667131563)
(-0.393770294440961 -2.71032125410966e-06 664.009419559925)
(-0.190606534511788 6.01260160077884e-06 666.11140126594)
(-0.165103868479907 5.51448506356741e-06 664.634858992384)
(-0.320277821851583 -1.53022653939998e-06 663.612101112865)
(-0.157492575554906 7.26994816413035e-06 665.876971530353)
(-0.125353431308978 1.06376762139369e-05 664.429442025144)
(-0.414824866296209 0.71853861241134 664.212283925103)
(-0.238057500638065 0.412203578084487 666.215764169393)
(-0.20315531954811 0.351560682312267 664.716537413571)
(-0.195427646690463 0.338524284652993 664.01069752262)
(-0.0934672362424254 0.161763349498711 666.108843928023)
(-0.0807650965943969 0.139568560574454 664.631872987621)
(-0.159722894405131 0.276697662914487 663.612875358425)
(-0.0780136726061574 0.135044721252815 665.877006305524)
(-0.061813148938261 0.106822284263658 664.42901696984)
(0.416727951698617 0.721707175187795 664.210778315716)
(0.239142990887856 0.414235484323842 666.215892249028)
(0.203884729417198 0.353174190940558 664.716807041091)
(0.196936797590098 0.341024808576032 664.009441725735)
(0.0952333307798833 0.164983867842766 666.111469121741)
(0.0823820991386152 0.142755545783358 664.634961920257)
(0.160188894319635 0.27739051386392 663.612107951833)
(0.0787064279356164 0.136365754907385 665.877026394406)
(0.0625076072830594 0.108437148935179 664.429535386603)
(0.829771253623559 -9.9383540409012e-07 664.212285235615)
(0.476023136314281 1.23096312421989e-05 666.215802809958)
(0.405986940350747 2.35031634012393e-05 664.71676135338)
(0.390952958024925 -4.53563585303265e-07 664.010694925653)
(0.186820615755021 1.24394543834833e-05 666.108878286541)
(0.161115028369725 2.36956134067096e-05 664.632054239983)
(0.319547479631411 -1.09765869562725e-06 663.61287155424)
(0.155931737423921 9.82096500026833e-06 665.877016569528)
(0.123245774729396 1.7824576678977e-05 664.42906975469)
(0.416727573810245 -0.721712737839683 664.210782998092)
(0.23913953269889 -0.414218396736637 666.215905201684)
(0.20386774343355 -0.353137095820491 664.716825135947)
(0.196935233329912 -0.341027415341987 664.009445075597)
(0.0952279256508594 -0.164962532308358 666.111479470193)
(0.0823660437554342 -0.14271651000473 664.634975287956)
(0.16018840038118 -0.277392648853301 663.612108902592)
(0.078705382141631 -0.136349433274084 665.877033249807)
(0.0625030077327883 -0.108407994640832 664.429547010942)
(-0.190981902738279 -0.330374800975992 661.77914496241)
(-0.0832435547647417 -0.143712285336632 661.738690684003)
(-0.0585689841187643 -0.100996555080216 661.576946185531)
(-0.377841903247696 2.34111760242529e-05 661.779102032407)
(-0.165037117918008 2.96343929944356e-05 661.739354556204)
(-0.116791631274668 2.39255573162715e-05 661.577758702213)
(-0.190986544219025 0.330436339064736 661.779092675989)
(-0.0832487091135206 0.143781649998797 661.738651722824)
(-0.0585728773532758 0.101046499370583 661.5769252554)
(0.1887137430349 0.327001060185783 661.779308942888)
(0.0822472725210407 0.142724093089908 661.73954229499)
(0.0580603648036191 0.10099114536799 661.577915091037)
(0.381196382033381 2.72415615354752e-05 661.779807309855)
(0.165545118800013 2.96110101829891e-05 661.739196178467)
(0.116287969155612 2.2247205811927e-05 661.577183604668)
(0.188710477393473 -0.326950644661693 661.779320567222)
(0.0822525027460386 -0.142673688215598 661.739552390401)
(0.0580673492672081 -0.100953406497097 661.577931971901)
(-0.111305746239075 -0.192279319247894 657.59983406191)
(-0.0532401439569306 -0.0918470008276462 657.607998369882)
(-0.0409400110320002 -0.0702841817063516 657.542793671192)
(-0.236341447735201 2.51151994342737e-05 657.595272799875)
(-0.119072114267947 1.66821082081621e-05 657.608771241293)
(-0.0851679132874268 9.08490566877428e-05 657.542024579589)
(-0.111355130289514 0.1924137237871 657.599743299959)
(-0.0533191029346417 0.0920052919715564 657.607960466551)
(-0.040979564818583 0.0704868970719847 657.542789889768)
(0.117712268008418 0.205149202223815 657.595716501963)
(0.0589441221928772 0.103432115183254 657.609287242393)
(0.0418106614961017 0.0737158901440397 657.542214878344)
(0.220564796308175 2.42083816157756e-05 657.600599995745)
(0.104301191905721 1.06024974969693e-05 657.608315610577)
(0.0801741399914222 6.32710275675514e-05 657.54314141738)
(0.117705029555496 -0.20508597420308 657.595720928209)
(0.0589280883848067 -0.103368777559164 657.60929712489)
(0.041811430711866 -0.0735429690964647 657.542219582047)
(-0.145029426275422 -0.249558900081025 651.022754877645)
(-0.0773447138728434 -0.13250565949952 651.063931907906)
(-0.053741237235708 -0.0901094012170829 651.11248534889)
(-0.262372304393513 7.42214956620243e-05 651.0269307825)
(-0.131893440140251 7.97656833501441e-05 651.061342621109)
(-0.103091916987384 5.73273877519224e-05 651.10887095423)
(-0.145086132662874 0.249714996892079 651.022745712883)
(-0.0774181668881695 0.132684455773104 651.063955310034)
(-0.0537517054293295 0.0902150359637391 651.112489337248)
(0.129522463381588 0.225243352780427 651.027940160655)
(0.064026841303467 0.11174898356729 651.061795345079)
(0.0490112604267952 0.0875375519934419 651.108888776933)
(0.287636977884239 2.83847525199585e-05 651.022828720784)
(0.152399937278199 2.49790821105197e-05 651.063984455873)
(0.102458407275331 4.38959504307906e-05 651.112698847849)
(0.129579974513205 -0.225190064148582 651.027911772934)
(0.0640901388324799 -0.11169342021274 651.061802380826)
(0.049021734539771 -0.0874374681673305 651.108922490321)
(0.230493427988563 0.40077753322939 644.022192732178)
(0.152876456519663 0.266129908027638 643.985774177727)
(0.0746163615535152 0.131411167126791 644.0671933113)
(0.396072322367257 8.53817927196739e-05 644.01364898434)
(0.260499854554732 7.54747409724686e-05 643.992835914204)
(0.130190940424747 6.94697798278176e-05 644.060037773007)
(0.230470757832115 -0.400636247723675 644.022193156436)
(0.152853963606869 -0.265988536993737 643.985787683537)
(0.0745960808181798 -0.131285087581477 644.067178367583)
(-0.199339076455135 -0.344382979263886 644.013520118111)
(-0.131539462015488 -0.227143828621999 643.992246467665)
(-0.0669235339934722 -0.114160891924856 644.059712739403)
(-0.463187961857079 4.9953290096133e-05 644.021970086349)
(-0.307831997901687 5.15785322867629e-05 643.985620362357)
(-0.152589720951861 4.86359221338461e-05 644.067139597875)
(-0.199302728476368 0.344494700943806 644.013520883786)
(-0.131513641443625 0.227254629623454 643.992278058374)
(-0.066904281147268 0.114273768544238 644.059745108654)
(-0.638681186931275 -1.10522088059527 645.378327773986)
(-0.414200475112433 -0.716603086309048 645.455381683573)
(-0.199989633808266 -0.345227296812732 645.506199473911)
(-1.04290477375892 6.93721692921136e-05 645.348937939738)
(-0.649411937394375 6.73987686130793e-05 645.40346294392)
(-0.335689397215766 6.23869818477831e-05 645.492452528285)
(-0.638695714611947 1.10535846867428 645.378320350263)
(-0.414209275437845 0.716733294128272 645.455377533266)
(-0.199997000792594 0.345347697716694 645.506173306654)
(0.520842499484782 0.902803478728354 645.3486503312)
(0.324019912508947 0.561736519370415 645.402885986326)
(0.166961521876463 0.290125484011542 645.492002578414)
(1.27589384321311 5.56427346406955e-05 645.377941336091)
(0.82710166336626 5.73836393282581e-05 645.455039089146)
(0.398169560772779 5.75816461325444e-05 645.506072966632)
(0.520847055303108 -0.902670704731982 645.348661333759)
(0.324025561499596 -0.561609872578682 645.402908698427)
(0.166967366813646 -0.290003590318972 645.492016657592)
(1.54458969069573 2.67622464445204 662.861336022874)
(0.914641734956315 1.58514340575361 663.335870752047)
(0.454982246196557 0.789053499912503 663.242633674363)
(2.38565042209013 6.13408017318234e-05 662.793675901258)
(1.34529864369693 5.9902981073464e-05 663.299118721553)
(0.740833936291924 5.89362127800592e-05 663.243686083262)
(1.54458801455185 -2.67609503538718 662.861325518608)
(0.914639590769562 -1.58501648424297 663.335864868795)
(0.454982273524316 -0.788932993545024 663.242623890171)
(-1.19354109455838 -2.06641374932341 662.793690606338)
(-0.673316749344539 -1.16544104051334 663.299098596083)
(-0.37122149753542 -0.642075588136567 663.243514249)
(-3.0906703955126 6.34723166972128e-05 662.86129850941)
(-1.83078673586965 6.15844729070115e-05 663.335787552711)
(-0.911534631728283 6.2038446939841e-05 663.242590936168)
(-1.19354600767624 2.06654603553341 662.793695892914)
(-0.673323141674832 1.16557251091589 663.299105634068)
(-0.371224292787259 0.642201559522288 663.24351886879)
(0.0177049490139724 0.0315721127282816 686.505286376563)
(-0.0628008421021725 -0.107939232664905 686.098095992802)
(-0.0413290031357696 -0.0708241979334049 685.457477889053)
(0.16098916340237 5.769357709412e-05 686.36536264163)
(0.115960886813374 5.87081241359831e-05 686.000662646636)
(0.0154233494078191 5.96705962865181e-05 685.445044769643)
(0.0177044177144875 -0.0314568037769259 686.505283877684)
(-0.0628025661417903 0.108056397258394 686.09809577791)
(-0.0413312104429412 0.0709433664416789 685.457477717401)
(-0.0812909034334856 -0.139845940743548 686.365372036083)
(-0.0587279089465325 -0.100781623751462 686.000667656284)
(-0.00840756991278752 -0.0135968151594611 685.445076681333)
(-0.0369452463356739 5.74461746323573e-05 686.505348553354)
(0.12410126992537 5.73131174173045e-05 686.098157468014)
(0.0812511892091552 5.81786926463454e-05 685.457497400968)
(-0.0812909819039288 0.139962120346079 686.365369766353)
(-0.0587274329052564 0.100898713712991 686.000666606938)
(-0.00840583751012425 0.0137140668594203 685.445077024182)
(0.750543565928093 1.30076978854581 743.43774096769)
(0.961144675986122 1.66550439204493 742.237952718612)
(0.476292035021547 0.825736995987997 740.440669617519)
(1.13950996690361 4.97203162538899e-05 743.062797910707)
(1.20488087285972 5.09612402441863e-05 741.777444778689)
(0.617172724481168 5.1518177555003e-05 740.483409084063)
(0.750541517345132 -1.30066984061743 743.437742468515)
(0.961142246377818 -1.66540312465084 742.237956141261)
(0.476290080582694 -0.825634536549917 740.440673635879)
(-0.570461114831927 -0.987190443893437 743.062967529624)
(-0.603103147699406 -1.04372436217603 741.777582949129)
(-0.309242860985931 -0.534755095309061 740.483484842339)
(-1.50246470388115 4.84034689065534e-05 743.43779180539)
(-1.92363169633611 4.87300603043099e-05 742.237985654237)
(-0.953902964211357 4.98456716739608e-05 740.440721145294)
(-0.570459406766341 0.987287334933743 743.062966818459)
(-0.603101031718661 1.04382299738605 741.77758211271)
(-0.309241191007341 0.534855792424247 740.483482559367)
(-1.66586969205677 -2.88541510749052 626.522369775779)
(-0.741477811689598 -1.28432168804265 625.069217268138)
(-0.542389074645887 -0.939490989437554 623.159679901777)
(-3.33174713741658 -1.51106680113863e-06 626.522474007172)
(-1.48284700191955 -1.5746151555779e-06 625.069317204489)
(-1.08477016408473 -1.63138239913777e-06 623.1597118168)
(-1.66586970781307 2.88541218833738 626.522369466403)
(-0.741477816545191 1.28431863041404 625.069217083506)
(-0.542389086912765 0.939487669204458 623.159679853832)
(1.66591075931983 2.8853966406674 626.522470384317)
(0.741461690776101 1.28420419998139 625.069312041976)
(0.542423554308888 0.939459590626008 623.159708742803)
(3.33181407887166 -1.49787366534835e-06 626.522367590153)
(1.48303177729928 -1.56152246129062e-06 625.069214051459)
(1.08485498512949 -1.69197775173495e-06 623.159677310837)
(1.66591054471041 -2.88539934000753 626.522470321375)
(0.741461663567894 -1.28420735804691 625.069311929351)
(0.542423583935818 -0.939462946775959 623.159708811272)
(-12.8503059933819 -22.2574378751057 19.292672563519)
(1.56546112575407 2.71113482052064 51.1945568842752)
(54.9707448397448 95.2118423810176 106.422068599845)
(99.846571937105 172.939155953039 87.7064657264927)
(93.7882786062761 162.446052914623 60.6255984544763)
(57.6394932919704 99.8345018950156 38.9997665980584)
(15.1933608517446 26.3156181025662 16.5750731343569)
(1.21050802710599 2.09666143187638 2.02159980987686)
(0.0202997522998208 0.0351604273927091 0.0444880848782445)
(4.55880182384939e-05 7.89608206474784e-05 0.000124999850364191)
(8.35301577084176e-10 1.43554669365996e-09 1.90289587969377e-08)
(-4.2095652745346e-09 -7.30087069876741e-09 -1.94918360714183e-08)
(-1.85852774210252e-09 -3.22483196471787e-09 -1.03415958010829e-08)
(-2.69665457504554e-10 -4.71299726584976e-10 -1.46818649653521e-09)
(-4.22606160159175e-12 -1.05868750423463e-11 -2.86010024862925e-11)
(2.45741640020853 4.25635608575585 59.9447508294943)
(42.7725228343383 74.0841941858337 218.844941495872)
(78.7552374725766 136.407074973171 301.600632127396)
(121.832460128563 211.019961970735 209.823110586235)
(92.6419670515899 160.461138463973 133.065149431349)
(60.0336936648681 103.981760936595 82.5495602543847)
(19.4825883583801 33.7448390236873 37.923994907388)
(2.01837286238777 3.49589696362381 5.46879825545665)
(0.0399548104828732 0.0692025161485607 0.140099627023732)
(0.000104943359189379 0.000181768217309217 0.000444231638641487)
(2.87561297320367e-08 4.97975861582322e-08 1.38609092115865e-07)
(-7.20256857540584e-10 -1.25720892837137e-09 -1.71631087621241e-08)
(-7.17221743885571e-10 -1.24944952034852e-09 -9.66205595326118e-09)
(-1.68671078126543e-10 -2.99579530991689e-10 -1.81748892916807e-09)
(-6.63028980413731e-12 -1.49083264140435e-11 -5.12265529543454e-11)
(52.1923574600383 90.4013563549913 328.536053320944)
(68.0763499242776 117.911976141372 646.68065570026)
(38.1995131548524 66.1617885366736 708.120892280359)
(79.0809148432745 136.971079913365 465.779794951899)
(87.5426238118718 151.62858399644 248.036199843413)
(63.1774572781006 109.426975396123 147.042525284136)
(25.5936614862638 44.329662967064 70.8679412120609)
(3.48570631073075 6.03740832826098 12.3657843561295)
(0.0872832420358 0.151177167198547 0.373013853076644)
(0.000265338005034746 0.000459578252160188 0.00133958254985783)
(7.12941645982882e-08 1.23479110300955e-07 4.93579096141575e-07)
(-7.98510225681249e-10 -1.38954473391921e-09 -1.53566386929739e-08)
(-7.2580244775104e-10 -1.26297810512203e-09 -9.66031367804942e-09)
(-2.1314369222997e-10 -3.75649232614798e-10 -2.16584518454105e-09)
(-9.93206098013441e-12 -2.20251488958673e-11 -7.56238206916568e-11)
(373.336740246594 646.638356217278 995.322606688507)
(244.474358108774 423.442010171966 1100.27583042048)
(101.150650457564 175.198904123621 1141.79050498233)
(69.9409451352934 121.142110869382 846.814779002408)
(84.8506014356586 146.966249294655 402.860478182095)
(60.2135513966154 104.293432047821 228.181542400763)
(28.520368034319 49.3989790272668 108.614136122799)
(4.66771804279576 8.0847554423342 22.2308257084414)
(0.139982858566582 0.242457423295661 0.796720312837119)
(0.000505439473231838 0.000875446696948162 0.0033072890300958)
(1.54311639191184e-07 2.6727089522226e-07 1.32928704467876e-06)
(-4.92007231275535e-10 -8.57052090397098e-10 -1.45532830523856e-08)
(-5.91942975061654e-10 -1.02996425768269e-09 -9.93883754452083e-09)
(-1.92184588420404e-10 -3.39066124078761e-10 -2.54188417205118e-09)
(-9.7316106712859e-12 -2.32844311968255e-11 -1.05726229644783e-10)
(-13.4808224287672 3.04608883263091e-07 15.3480438375165)
(38.0629742376671 -5.06579055135077e-06 59.9002387330076)
(153.413429113039 -9.22024576785302e-06 96.5216292107536)
(239.897344650771 -4.55024288091358e-06 89.3842786492167)
(216.705765698848 -5.16746871450496e-07 78.2434884124029)
(143.078192013122 -1.61511040304193e-06 56.7538122492975)
(39.7796837567154 -1.51756799078679e-06 23.0127452270708)
(2.90657483029193 -6.42901761105998e-09 2.27898468980241)
(0.0373304566491517 7.26491064542771e-09 0.035037053175885)
(5.49923744919993e-05 1.37822361005212e-11 5.7361142874458e-05)
(-6.91102964912229e-09 2.38186351112624e-13 -8.79453408112041e-09)
(-8.61985432084614e-09 1.79587413954792e-13 -2.10216107033425e-08)
(-3.67964680003432e-09 1.20546670718602e-14 -1.02132843549094e-08)
(-5.0540767550069e-10 -9.6618407071233e-13 -1.35995154391549e-09)
(-9.17334353897794e-12 7.55388600346126e-14 -2.75724418435442e-11)
(41.7371030051773 -1.95429008199445e-06 75.2347154075666)
(128.231432140444 -1.84478829946005e-06 233.369778445296)
(170.388592426879 -1.03499432980105e-05 322.696301582313)
(201.862238179587 -1.16883937168969e-05 222.61883153596)
(168.466237042557 -1.55762800421119e-06 142.663901289814)
(118.540999160549 4.33797182642354e-06 94.4463922105711)
(44.4827920782379 1.70938343124149e-07 47.7909579393992)
(5.1132087044632 -1.36411013681616e-07 7.2024813002519)
(0.100154308300375 -5.5211573887609e-09 0.166315742133733)
(0.000222288336488888 9.41398972199412e-11 0.000398163449517582)
(4.53855468770157e-08 3.00783513369141e-13 8.3461799462707e-08)
(-9.42905437494545e-10 3.1644917763193e-13 -1.80191715070176e-08)
(-1.4797115308955e-09 -3.54573981753621e-14 -9.68934158517332e-09)
(-3.3710222259961e-10 -8.59874788776442e-13 -1.72690835944424e-09)
(-1.19347787397487e-11 4.63601272515857e-14 -4.69146426970618e-11)
(146.387884828829 1.26984830327015e-05 368.45382022205)
(148.256827886787 5.29266098237286e-06 647.37982523705)
(97.1051370330345 -3.59520988030241e-06 682.94324745375)
(171.410236707576 -4.54089217315252e-06 449.060896193716)
(165.608244618453 6.28516194950312e-06 265.172689835152)
(115.420061335544 5.5306171128702e-06 161.37972021041)
(48.5120533210812 2.14973443095464e-06 81.7922624338368)
(7.14563326156112 1.14946856176591e-07 14.9873105300784)
(0.184026139501323 -4.56150228712931e-09 0.441303044707925)
(0.000532404096348882 1.80647858276224e-10 0.00138805926663316)
(1.24677911273883e-07 2.8151362153362e-13 4.1313639104708e-07)
(-1.43154032484503e-09 2.55954170894164e-13 -1.56728341808651e-08)
(-1.53301836846556e-09 4.02323991674614e-14 -9.68250660640856e-09)
(-4.60333012267812e-10 -1.01327257727194e-12 -2.10597835074862e-09)
(-2.21112722375324e-11 3.24646386256424e-14 -7.06841735164849e-11)
(578.341604034021 2.64342538010402e-05 952.234995019145)
(430.721497280459 2.50595921752626e-05 1104.17942630347)
(66.0471900352167 1.45596257780435e-05 1064.66546351147)
(11.4578660521626 2.08296966640534e-05 716.602008683519)
(95.6572199088262 8.97785861111987e-06 400.302095817228)
(85.5511866487747 4.01505009870609e-06 242.974832424865)
(46.0967884776459 2.63754073534078e-06 119.044770650841)
(8.10296686048094 4.26268242406204e-07 24.8133403137672)
(0.244679414085847 1.01874599365524e-08 0.857589694184792)
(0.000891221585798791 3.0831816573164e-10 0.00322084151461724)
(2.69522411534501e-07 1.85744398498621e-13 1.12649106746656e-06)
(-8.59802642862476e-10 1.15178246672009e-13 -1.47734791961405e-08)
(-1.26615106860634e-09 -1.09545715898024e-13 -9.99170773351025e-09)
(-4.35565378885764e-10 -8.90286777705644e-13 -2.50985331453438e-09)
(-2.27429116325142e-11 2.44314255110803e-13 -1.01514151228479e-10)
(-12.8503041350259 22.2574321789556 19.2926627236389)
(1.56545244506411 -2.71113110129385 51.1945537459632)
(54.9707304326306 -95.2118274538192 106.42207107248)
(99.8465419381304 -172.939110612942 87.7064555463301)
(93.7882547608283 -162.44601272093 60.6255784484594)
(57.6394858125676 -99.834490378137 38.9997553823353)
(15.1933630649656 -26.3156238590513 16.5750758176926)
(1.21050915068217 -2.09666338474597 2.02160202320799)
(0.0202998007188988 -0.0351605040417039 0.0444881796744145)
(4.55881577702405e-05 -7.89610605196385e-05 0.000125000208737381)
(8.3534910954367e-10 -1.43568167068353e-09 1.9028906779406e-08)
(-4.2096929332339e-09 7.30060592596508e-09 -1.94914287917373e-08)
(-1.85877067532555e-09 3.22472528082143e-09 -1.03402323716046e-08)
(-2.71689975095691e-10 4.7166946644001e-10 -1.46979250286562e-09)
(-4.85797856579439e-12 1.04753332084787e-11 -2.86775298317443e-11)
(2.45740449029987 -4.25633767554992 59.9447275859793)
(42.7725114843052 -74.0841760194571 218.844904760991)
(78.7552143914336 -136.407070242559 301.600618558841)
(121.832461270264 -211.019968630389 209.823097493922)
(92.6419797161275 -160.461144187313 133.06512749441)
(60.033694818303 -103.981752328939 82.5495436263681)
(19.4825838667288 -33.7448313462176 37.9239910699027)
(2.01837224115573 -3.4958968082574 5.46880056840619)
(0.0399548162939445 -0.0692025672168601 0.140099825339851)
(0.00010494364519621 -0.000181768680673905 0.000444232907836815)
(2.87558906472777e-08 -4.9797409199157e-08 1.38609380926151e-07)
(-7.20807583877331e-10 1.25745341114008e-09 -1.71626687329356e-08)
(-7.17328494097844e-10 1.2492334375649e-09 -9.66099719896532e-09)
(-1.69377614548719e-10 2.99597532036591e-10 -1.81865776470033e-09)
(-7.35464783096084e-12 1.4723041040219e-11 -5.13714669195068e-11)
(52.1923612990412 -90.4013138148439 328.535999363451)
(68.0763417587498 -117.911952078782 646.680593902356)
(38.19948484063 -66.1618024230731 708.120873764922)
(79.0809213086079 -136.971130575309 465.779798500617)
(87.5426416442053 -151.628608057661 248.036170969376)
(63.1774671458596 -109.426980854704 147.042505160258)
(25.5936609348156 -44.3296579280934 70.8679322075784)
(3.48570498287211 -6.03740647398262 12.365785209332)
(0.0872831809808751 -0.151177122581128 0.373014077879631)
(0.000265338125054948 -0.000459578482330946 0.00133958453210205)
(7.12939623506096e-08 -1.234789860771e-07 4.93580110874612e-07)
(-7.99116996406521e-10 1.38979082316172e-09 -1.53565864729432e-08)
(-7.25905889675911e-10 1.26272235832705e-09 -9.65978676406372e-09)
(-2.13599267435561e-10 3.7534975827863e-10 -2.1668235344351e-09)
(-1.05006032937144e-11 2.1845179872802e-11 -7.57943002464323e-11)
(373.33675804692 -646.638374258332 995.322634657202)
(244.474331425691 -423.441959291321 1100.27576257015)
(101.150658507555 -175.198876395911 1141.79047477005)
(69.9409503137574 -121.142089586356 846.814745477106)
(84.8506062617871 -146.966237518126 402.860440082662)
(60.2135610371121 -104.293434121923 228.181524098174)
(28.5203725044572 -49.3989791613373 108.614128374461)
(4.66771763909898 -8.08475380385115 22.2308259551869)
(0.139982792416964 -0.242457309951215 0.796720442814641)
(0.00050543928680496 -0.000875446381026222 0.00330729062339154)
(1.54311306362779e-07 -2.67270705299966e-07 1.32928792156778e-06)
(-4.92533301649191e-10 8.57122903179477e-10 -1.45531999462913e-08)
(-5.92131251166855e-10 1.02983904908893e-09 -9.93848362908678e-09)
(-1.92132347901759e-10 3.38332342363013e-10 -2.54236065851843e-09)
(-1.07790129792638e-11 2.37379554997944e-11 -1.05841801714072e-10)
(6.74034111482092 11.6746867822463 15.3479917155451)
(-19.0316683354879 -32.9641427723577 59.9012853110582)
(-76.7065224959093 -132.860161631633 96.5232659345776)
(-119.947997163222 -207.756305657588 89.384554235423)
(-108.35222377314 -187.671586788982 78.2431007716135)
(-71.5387106208347 -123.908778021639 56.7534662015336)
(-19.8898549580833 -34.4503318383179 23.0127503526863)
(-1.45332019108425 -2.51722469159605 2.2790410692471)
(-0.018666374801899 -0.0323306515471645 0.0350394757013859)
(-2.74989367310576e-05 -4.76286828159853e-05 5.73679238058981e-05)
(3.45773524550631e-09 5.99018611975396e-09 -8.79421416512538e-09)
(4.30933917691685e-09 7.46739964601549e-09 -2.10236837252986e-08)
(1.83969971989238e-09 3.19485739304311e-09 -1.02185438692668e-08)
(2.51187983639675e-10 4.46719626416166e-10 -1.3521846203146e-09)
(4.20228750001609e-12 9.44172049807747e-12 -2.47948878588114e-11)
(-20.8683335408028 -36.1451584348519 75.2345151545761)
(-64.1154513783911 -111.051346419518 233.370391822115)
(-85.1945174783328 -147.56166278182 322.698102649658)
(-100.931600263208 -174.819337598258 222.620526976003)
(-84.2330613760833 -145.896036177442 142.663729781745)
(-59.2703155093104 -102.658927747821 94.4458731008691)
(-22.2411602849952 -38.5228068858328 47.7906202841161)
(-2.55658792443913 -4.42814833831228 7.20249979835764)
(-0.050078058159032 -0.0867380707332612 0.166320731085867)
(-0.000111150759606627 -0.000192512922948991 0.000398193248779908)
(-2.26995799109662e-08 -3.93107544519587e-08 8.34675695281883e-08)
(4.68583123364739e-10 8.19059426782907e-10 -1.80215932799508e-08)
(7.40328464308617e-10 1.28786759267741e-09 -9.69228392031453e-09)
(1.73621000977164e-10 3.04661127382086e-10 -1.72466560424179e-09)
(6.71572143941784e-12 1.33391664242299e-11 -4.51519870523758e-11)
(-73.1945047118139 -126.776462917511 368.454529966651)
(-74.1283204841878 -128.394020461796 647.379878089279)
(-48.5518445859189 -84.0944658903072 682.944086516688)
(-85.705699212865 -148.446801755109 449.061464756531)
(-82.8047294900886 -143.421610580328 265.172214459942)
(-57.7103031626129 -99.9568379354481 161.379116052713)
(-24.2559355082736 -42.0123785095084 81.7918360256386)
(-3.57277218362765 -6.18821538381277 14.9872333928693)
(-0.092012155301685 -0.159369984750983 0.441305509782737)
(-0.000266205148570314 -0.000461069764678929 0.0013880998875933)
(-6.2346170511455e-08 -1.07976359855233e-07 4.13157028686265e-07)
(7.1430106977526e-10 1.24268777866184e-09 -1.567272539724e-08)
(7.66309998723916e-10 1.33019920923534e-09 -9.68527118537542e-09)
(2.3177960493855e-10 4.03940450055849e-10 -2.10827013195204e-09)
(1.0672417073803e-11 2.14086033107191e-11 -6.97899403495228e-11)
(-289.171915108802 -500.859964242677 952.236899159368)
(-215.361217811099 -373.015954601545 1104.17941060898)
(-33.0240391919529 -57.1988178974197 1064.66611377826)
(-5.72954192355556 -9.92268407422466 716.601063578558)
(-47.8288133913239 -82.8413743410445 400.301508816653)
(-42.7758090961407 -74.0896263053931 242.974409084034)
(-23.0484598225971 -39.920942983524 119.044478789358)
(-4.0514585142807 -7.01730533358779 24.813233408649)
(-0.122337798999916 -0.211894589426429 0.857586222213665)
(-0.000445606481110735 -0.000771794709873422 0.00322085419073808)
(-1.3476286555616e-07 -2.33404262901885e-07 1.12651031277829e-06)
(4.28590123606072e-10 7.46612229922543e-10 -1.47731360850719e-08)
(6.31516449467177e-10 1.09662589975953e-09 -9.99268497466786e-09)
(2.19098405315708e-10 3.82980947827055e-10 -2.51164969680838e-09)
(1.20362829468147e-11 2.49044065402525e-11 -1.0132430124994e-10)
(25.7008489921105 -1.24058643175029e-06 19.2929159972668)
(-3.13051046830813 -5.65793370577215e-06 51.194359866608)
(-109.941472273788 -5.01334244058292e-06 106.42172938633)
(-199.694494141283 -3.30983075456639e-06 87.7066399560954)
(-187.577901893991 -5.53915481031134e-07 60.6261631940991)
(-115.279373000033 -7.18855944734694e-07 39.0001033767144)
(-30.3864985590545 -9.61520703077242e-07 16.5749993335907)
(-2.42094901318562 -3.38754641113672e-09 2.0215339546679)
(-0.0405969708297491 3.60770256899692e-09 0.0444852158993088)
(-9.11677130676409e-05 9.04840080076701e-13 0.000124988884021977)
(-1.67043891046833e-09 1.7176169037674e-14 1.90263468277103e-08)
(8.42155726056064e-09 -1.43997396747247e-13 -1.94889933694055e-08)
(3.71624167024529e-09 -1.52697384130939e-13 -1.03363407344848e-08)
(5.41449395099403e-10 -1.09983211086781e-12 -1.47743940255541e-09)
(1.05836673689146e-11 -9.80411534840543e-13 -3.14346399682718e-11)
(-4.91500725800908 -1.11067324952101e-06 59.9453637276447)
(-85.5453416618018 -7.44763275736619e-07 218.845551830492)
(-157.510019851928 -1.76232830280608e-05 301.60052190132)
(-243.664628873704 -2.34106399966741e-06 209.823250716718)
(-185.284010459703 8.10622548365885e-06 133.065721674738)
(-120.067875381599 5.30301154178511e-06 82.5500471081332)
(-38.9654510534564 -5.10888016482369e-08 37.9241183195829)
(-4.03673723058176 -4.60315954331664e-07 5.46873207491302)
(-0.0799071942364422 -2.05015296316958e-08 0.140093771150615)
(-0.000209871445013006 1.60143048276769e-11 0.000444193730484922)
(-5.74930141267699e-08 -9.24087972701047e-14 1.3859558653934e-07)
(1.44714681096322e-09 -2.6602596864067e-13 -1.71609141566036e-08)
(1.43477509318078e-09 -1.31571342090162e-13 -9.65986752034409e-09)
(3.31382239060625e-10 -5.73261396361311e-13 -1.81912921016023e-09)
(1.37328903634804e-11 -8.28063343164068e-13 -5.28090189686354e-11)
(-104.386283037006 2.46024438012592e-05 328.536801460756)
(-136.153439101425 4.97149525019959e-06 646.682050515388)
(-76.3975969631451 -3.14626971009759e-05 708.120965458228)
(-158.159490006698 -1.97314749281206e-05 465.77928720816)
(-175.084587106547 3.4124625384353e-06 248.036908396163)
(-126.354945803189 5.81652895445016e-06 147.04309412979)
(-51.1875764608369 2.0419564451011e-06 70.8682175850062)
(-6.97147073400175 -2.22817611113177e-07 12.3657648212936)
(-0.174567040779793 -3.0566411061053e-08 0.373007414890409)
(-0.000530668267511182 -1.11372857363888e-11 0.00133952444981271)
(-1.42576469049798e-07 -9.05689762572044e-14 4.93543832654616e-07)
(1.60115842231612e-09 -3.39845581154829e-13 -1.53568463628355e-08)
(1.45501557874221e-09 -2.24355614359533e-13 -9.65783915382603e-09)
(4.276760931056e-10 -6.11143761978143e-13 -2.16400361601451e-09)
(2.03869647340592e-11 -7.94242373792834e-13 -7.65125691165788e-11)
(-746.67207854163 6.46171964844096e-06 995.321343955228)
(-488.94992502246 2.3683949110645e-06 1100.27779671731)
(-202.302529586499 2.08571263284435e-05 1141.79126177982)
(-139.883098504212 1.51327422708571e-05 846.815353322986)
(-169.702054268673 1.00685763192518e-05 402.861435299089)
(-120.427317670353 7.311968444716e-06 228.182037757526)
(-57.0408706009905 3.80422325871389e-06 108.61436684326)
(-9.33550913310721 4.69628744398215e-07 22.2308243238199)
(-0.279969599579328 -6.15104276456881e-10 0.796716895504357)
(-0.00101089042205596 -3.4720915736198e-12 0.00330724449704637)
(-3.08624828065581e-07 -1.51580754079829e-13 1.32925312650448e-06)
(9.86994797394556e-10 -4.19394009875601e-13 -1.4552888373472e-08)
(1.18710545503963e-09 -2.27022627231393e-13 -9.93754958681277e-09)
(3.8397199800711e-10 -3.35842699638753e-13 -2.54116755103439e-09)
(2.04489671027022e-11 -9.73468037999353e-13 -1.05906997206957e-10)
(6.74033858229247 -11.6746817834222 15.3479909694484)
(-19.031686332335 32.9641638132645 59.9013256117824)
(-76.7065346883223 132.860164309421 96.5233255158842)
(-119.947984138788 207.756273998419 89.3845664305839)
(-108.352203488729 187.671550621864 78.2430894639783)
(-71.5387012746491 123.90875860286 56.7534557356482)
(-19.8898583388413 34.4503346587301 23.0127509185267)
(-1.45332131939424 2.51722663302295 2.27904299091411)
(-0.0186664004707934 0.0323307105367252 0.0350395569923998)
(-2.74990044203623e-05 4.76288276413352e-05 5.73681505628229e-05)
(3.45812145420115e-09 -5.99028438563818e-09 -8.79464450726017e-09)
(4.30972824046896e-09 -7.46750871547257e-09 -2.10240713691633e-08)
(1.83998749949119e-09 -3.19521756566366e-09 -1.0217701824915e-08)
(2.50010672365231e-10 -4.47753994878145e-10 -1.35525127173469e-09)
(4.50829926737144e-12 -9.08429099080684e-12 -2.4998560903633e-11)
(-20.8683350329004 36.1451571168398 75.2345128277439)
(-64.1154526124538 111.051344873146 233.370427984755)
(-85.1945438500318 147.561687759862 322.698178414801)
(-100.931637728067 174.819379112928 222.620591345551)
(-84.2330623651266 145.896034775194 142.663726790188)
(-59.2703017409952 102.658912575585 94.4458567790003)
(-22.2411521359665 38.5227931129603 47.7906094119361)
(-2.55658763345355 4.42814756147468 7.20250050278114)
(-0.0500780988277796 0.0867381301311061 0.166320900673115)
(-0.000111150815580943 0.000192513208198956 0.000398194253925823)
(-2.26991656634863e-08 3.93107521368855e-08 8.34671024597179e-08)
(4.69241336745295e-10 -8.19303804511158e-10 -1.8021770034726e-08)
(7.40557956196167e-10 -1.28823884170693e-09 -9.69161489333326e-09)
(1.71552098373277e-10 -3.0364381724556e-10 -1.72688160256031e-09)
(7.5557801482131e-12 -1.43967580775923e-11 -4.53436599530209e-11)
(-73.194518044474 126.776511445846 368.454570249911)
(-74.1283221705028 128.394034011047 647.379904986822)
(-48.5518302231749 84.0944338312548 682.944133863972)
(-85.7057266723225 148.446840237007 449.061494538084)
(-82.8047394081152 143.421640329606 265.172203430657)
(-57.7103027115527 99.9568482152262 161.379097702978)
(-24.2559285512068 42.0123707588721 81.7918222362925)
(-3.57277046658164 6.18821263968363 14.987230867492)
(-0.0920121323419697 0.159369935860465 0.441305594874784)
(-0.000266204935383344 0.000461069756746491 0.00138810126371419)
(-6.23457092680925e-08 1.07976204542676e-07 4.13156816238558e-07)
(7.14887910084683e-10 -1.24298468991898e-09 -1.56729893340714e-08)
(7.6657905816619e-10 -1.33055650494692e-09 -9.68477283386375e-09)
(2.29640707371646e-10 -4.02917482266585e-10 -2.10989278117981e-09)
(1.12491796877181e-11 -2.189770730178e-11 -7.01556316114075e-11)
(-289.171932102542 500.860046731711 952.236955930579)
(-215.361214706604 373.01599947329 1104.17941693607)
(-33.0240419777794 57.1988518936219 1064.66614795996)
(-5.72952831866887 9.92270218136811 716.601043476472)
(-47.8288038790093 82.8413758222954 400.301494305392)
(-42.7758089286048 74.0896340454041 242.974397073618)
(-23.0484572668964 39.9209438319556 119.044469537014)
(-4.05145688761445 7.01730336864387 24.8132298174236)
(-0.122337714834181 0.211894464021661 0.85758610393629)
(-0.000445605794585654 0.000771794137469228 0.00322085461901635)
(-1.34762380331391e-07 2.33403945751902e-07 1.12650993520793e-06)
(4.29517481535238e-10 -7.47886007159946e-10 -1.47732109920351e-08)
(6.31576705120298e-10 -1.09699423513597e-09 -9.99206513240904e-09)
(2.1753325308789e-10 -3.8246861186871e-10 -2.51251186860325e-09)
(1.30926887689374e-11 -2.6038082391563e-11 -1.01538828816373e-10)
(147.222829283213 254.997901447494 1083.07436281542)
(226.591296150886 392.468252726143 1524.03627252157)
(93.007660647751 161.09437222787 1445.97642510156)
(28.8949596024858 50.0474065174387 1085.19232540987)
(61.7451546783235 106.946030393676 525.758774957679)
(46.691360045199 80.8721526756993 301.361620469021)
(26.367169593142 45.6695055190849 144.625596989154)
(4.99150828671863 8.64560537629004 32.6389565827581)
(0.168210089301612 0.291348772189273 1.30873260134461)
(0.000674492185164028 0.00116825310359176 0.00595055027993241)
(2.18384426237846e-07 3.78249768952393e-07 2.48408078102893e-06)
(-3.37129878347851e-10 -5.85017584638828e-10 -1.40815869126463e-08)
(-4.26060039971912e-10 -7.39232170707742e-10 -1.01977396894052e-08)
(-1.50768094818022e-10 -2.6306440989024e-10 -2.82915875277184e-09)
(-9.21456026169983e-12 -2.12956676378182e-11 -1.31084691294378e-10)
(76.8818697181773 133.163935923093 1019.61280164919)
(171.694022158215 297.383684960137 1440.72176484049)
(63.4812377732355 109.95276523111 1379.35411590791)
(5.92004658044697 10.2535364353762 1115.33992053688)
(38.3287154375935 66.3871287967381 590.813001210758)
(32.3018512342384 55.9486497574131 353.493973509975)
(21.1597750258456 36.6501395861422 174.288870729568)
(3.95362269171511 6.84796733035202 40.8923321573516)
(0.128298508352448 0.222222539909127 1.73936267787952)
(0.000513259839751604 0.000888995903440813 0.00819011771443441)
(1.71659477145879e-07 2.97322366916697e-07 3.47509583487684e-06)
(-2.19255103103489e-10 -3.79143420213302e-10 -1.37938518472402e-08)
(-2.6787203903013e-10 -4.64991919625539e-10 -1.03468266678137e-08)
(-1.00371232942047e-10 -1.75165777155782e-10 -2.99602255252061e-09)
(-5.98512330314129e-12 -1.6306733805624e-11 -1.47174678490488e-10)
(28.2693981495437 48.964036943056 977.743601190174)
(54.8279844419406 94.9649648902603 1366.6778654126)
(27.624346857548 47.846524360654 1366.208574165)
(9.86256775846096 17.0819038552876 1110.62455190241)
(18.8400027042263 32.6317011428736 630.169287868748)
(15.2548094351413 26.4222467983383 386.716134938922)
(9.61639278444597 16.6562794994356 195.772191077712)
(1.67886523030592 2.90796233284179 45.9083241447131)
(0.0518003313173533 0.0897229207959172 1.98774995574034)
(0.000215166948137154 0.000372685774939661 0.00957300603913477)
(7.62516912734177e-08 1.32072187790932e-07 4.14211292585306e-06)
(-1.23711874816648e-10 -2.13461058309625e-10 -1.34910162745646e-08)
(-1.16758837492987e-10 -2.02434996408952e-10 -1.03947366473414e-08)
(-4.412444631941e-11 -7.51844416334539e-11 -3.09213637171994e-09)
(-2.07419000556992e-12 -8.46324230622838e-12 -1.56814574979775e-10)
(256.103123381994 3.82185148730506e-05 1034.74889379641)
(357.713010147135 3.43225394107959e-05 1406.90726727157)
(41.3498934915542 1.64572377412721e-05 1333.49195087448)
(-72.3325304259766 1.545357940554e-05 993.789636254691)
(57.0366699925556 3.22632113389576e-06 537.603176948525)
(54.338893122739 2.17084427964635e-06 317.34399522723)
(35.1351984954339 6.47836626157643e-07 153.346864664051)
(7.54284180592238 2.60540193903439e-07 33.9311269028873)
(0.279444197303877 1.89619416701813e-08 1.30013091630964)
(0.00124164174567415 1.4730846513329e-10 0.00542139241503611)
(4.31496360439108e-07 3.20751405768338e-14 2.09794287169055e-06)
(-5.25970624558239e-10 2.49020987952167e-13 -1.43005673150365e-08)
(-8.93667019229353e-10 -5.82437853364459e-14 -1.0241715111998e-08)
(-3.52905500434247e-10 -6.87414436351945e-13 -2.8130712678516e-09)
(-2.40660329236264e-11 2.55187924609619e-13 -1.28340030355812e-10)
(88.9448347779918 4.03044712329858e-05 997.910893193922)
(199.170095391507 3.4762154111093e-05 1404.42503131924)
(26.7515419298597 1.91809670561099e-05 1374.82183717031)
(-67.2068003846632 8.18206417071741e-06 1099.62451707135)
(20.0017435408211 1.52407873580381e-06 594.64212779693)
(24.8695958041217 2.85727504009126e-07 358.174609668223)
(21.9112737419637 -1.01525831998069e-06 178.6919208906)
(6.26296784006563 -2.44048911251481e-07 40.8444150390838)
(0.290335768087969 -8.94940075360423e-10 1.67539140603876)
(0.00139998999787719 3.60397497282487e-11 0.00760073651119725)
(5.19339922916664e-07 1.3402496220267e-13 3.15709977725419e-06)
(-2.87576307587858e-10 3.92474165033974e-13 -1.39423208941313e-08)
(-5.68989093949236e-10 -3.25782758901101e-14 -1.03824252545724e-08)
(-2.46398145759712e-10 -7.81018040663953e-13 -2.9919324020585e-09)
(-1.80822913021112e-11 3.76471650868114e-13 -1.45539969579368e-10)
(24.1688958867091 1.05618702026178e-05 973.801744293177)
(77.4333972824749 1.13169030140914e-05 1369.92252358475)
(20.0960641852039 1.14897860614163e-05 1372.08949942704)
(-21.1799570363071 5.21517737192681e-06 1105.6072806118)
(6.12132632223171 -2.61598560226143e-06 622.317190134105)
(9.8427582029501 7.35235665622459e-07 380.837003753943)
(10.8630865331327 -4.0727255874435e-07 194.172234804554)
(3.31728147470148 -5.89602811158293e-08 45.7055083765825)
(0.152610413770943 1.64937228076192e-08 1.98019476682635)
(0.000728094045976713 5.55741502747649e-11 0.00951855676942534)
(2.68433018560338e-07 5.63575440766091e-13 4.11330288696838e-06)
(-1.89515590407611e-10 -1.32131170296954e-13 -1.35170909577642e-08)
(-2.51103628209764e-10 -2.97102508111766e-13 -1.04071432937836e-08)
(-1.04726703046747e-10 -6.89484958615809e-13 -3.09902531645275e-09)
(-6.81493401528527e-12 4.18651576113292e-14 -1.54517686183886e-10)
(147.222842846092 -254.99786881416 1083.07439199251)
(226.591293055555 -392.468196482792 1524.03631685868)
(93.0076745971227 -161.094368689741 1445.97645359863)
(28.8949687831034 -50.0474170584207 1085.19238953923)
(61.7451730636849 -106.946054043572 525.758784781933)
(46.6913698242711 -80.8721597703892 301.361610186798)
(26.3671738327328 -45.6695059202749 144.625592254445)
(4.99150907987174 -8.64560486059397 32.6389562743122)
(0.168210060831278 -0.291348712407393 1.30873262340194)
(0.000674491908130341 -0.0011682526808035 0.00595055072923245)
(2.18384366801193e-07 -3.7824998955685e-07 2.48408109281178e-06)
(-3.37792269064842e-10 5.84881666142588e-10 -1.40816828114106e-08)
(-4.26254842988842e-10 7.39324904967319e-10 -1.01975202760434e-08)
(-1.50535387939884e-10 2.62144055806386e-10 -2.82944075694692e-09)
(-1.02096838569775e-11 2.13942306747586e-11 -1.31096553214397e-10)
(76.8818699460897 -133.163872956252 1019.61281329304)
(171.69403124247 -297.383637562757 1440.7217953034)
(63.4812311033021 -109.952737450867 1379.35413313929)
(5.92004067675398 -10.2535246472535 1115.33992986515)
(38.3287118291598 -66.3871286617308 590.812997171567)
(32.3018548127823 -55.9486507755548 353.493965376917)
(21.1597814332569 -36.6501403405076 174.288867236096)
(3.95362467780799 -6.84796780121635 40.8923323428742)
(0.12829857117642 -0.222222550139426 1.73936271509547)
(0.000513259893531935 -0.000888995872875551 0.0081901178501261)
(1.7165956563858e-07 -2.97322203784e-07 3.47509600713449e-06)
(-2.19914381439191e-10 3.79297340790423e-10 -1.37937017514665e-08)
(-2.67914183381706e-10 4.64954908062915e-10 -1.0346428938878e-08)
(-9.97156485057017e-11 1.73805294047026e-10 -2.99600732764762e-09)
(-7.11976284807499e-12 1.65482086461615e-11 -1.47212277144206e-10)
(28.2693991182232 -48.9639915268452 977.743613583315)
(54.8279991506308 -94.9649529381248 1366.67789472669)
(27.6243479831527 -47.846521693084 1366.20859541667)
(9.86256120847824 -17.0819020855614 1110.62455235304)
(18.8400034998436 -32.6317083439533 630.16928872649)
(15.2548114730546 -26.4222471117468 386.71613033326)
(9.6163955908261 -16.6562782362917 195.772187898302)
(1.67886653605472 -2.90796188259681 45.9083243475774)
(0.0518003699690164 -0.0897229165561595 1.9877500003069)
(0.000215167081470718 -0.000372685809131532 0.00957300624301032)
(7.62519870906424e-08 -1.32071414406085e-07 4.14211317777596e-06)
(-1.24089339764472e-10 2.13085623120553e-10 -1.34909316545469e-08)
(-1.16895073890437e-10 2.02120251875878e-10 -1.03946758686379e-08)
(-4.38768297613698e-11 7.40639619184352e-11 -3.09221583521551e-09)
(-2.55644043226674e-12 8.32998198762527e-12 -1.56825191451011e-10)
(-128.052158473332 -221.792095335136 1034.74888010718)
(-178.856865444249 -309.788583176531 1406.9069314545)
(-20.6755213760547 -35.8104165711832 1333.49210879029)
(36.1657637091348 62.6417034515709 993.78866468155)
(-28.5187268815121 -49.3957078930993 537.603086132462)
(-27.1696906328666 -47.0591567410707 317.3439280038)
(-17.5677481869124 -30.4281976008715 153.346768565458)
(-3.7714384792893 -6.53230921700021 33.9310373148195)
(-0.139722123024188 -0.242004855417785 1.30012339962562)
(-0.000620817485157942 -0.00107527957843205 0.00542136235124796)
(-2.15745534675143e-07 -3.73677052445324e-07 2.09794464741878e-06)
(2.62639183700412e-10 4.55659205669906e-10 -1.42995573944264e-08)
(4.45469816125605e-10 7.73067556889991e-10 -1.02412555397093e-08)
(1.76220791405766e-10 3.0635734387146e-10 -2.81386107569064e-09)
(1.1569975938585e-11 2.3628795131913e-11 -1.28539499630655e-10)
(-44.4731206009227 -77.0286419900886 997.91089885026)
(-99.5856399024845 -172.486461828946 1404.42504879243)
(-13.3762017013852 -23.1674686557254 1374.82048618444)
(33.603398300748 58.2031126122381 1099.62416692778)
(-10.0010305860876 -17.3222002206286 594.641838256081)
(-12.434932352133 -21.5379146818101 358.174713592681)
(-10.9557726781606 -18.9760240501701 178.691964031312)
(-3.13152907006434 -5.42398571291538 40.844362123929)
(-0.145169273298131 -0.251440810159071 1.67538570558134)
(-0.000699998455403771 -0.00121243197177957 0.00760070302004376)
(-2.59668118822319e-07 -4.49758132429214e-07 3.15709400201873e-06)
(1.43595010296223e-10 2.47414617453805e-10 -1.39412936524943e-08)
(2.83713167889331e-10 4.93260961175921e-10 -1.03821211071786e-08)
(1.23541284958877e-10 2.14602517806778e-10 -2.99254323704892e-09)
(8.38598725179952e-12 1.85122688014749e-11 -1.4609503901858e-10)
(-12.0840792368195 -20.9309359004163 973.801786112702)
(-38.7164789546764 -67.0592852812686 1369.92239662352)
(-10.0480815194986 -17.4034521789898 1372.0887081264)
(10.5902004064327 18.3428758082228 1105.60703264528)
(-3.06061903638025 -5.30129602812444 622.317247257956)
(-4.92151662050756 -8.5242644855397 380.837205767224)
(-5.4316343240569 -9.40789209482013 194.172311546544)
(-1.65867339836768 -2.87291306978149 45.7054918729582)
(-0.0763072343846188 -0.132167290105361 1.98019247861434)
(-0.000364054000516742 -0.000630558361581702 0.00951854191797698)
(-1.34215677906529e-07 -2.32470358965169e-07 4.11329844835428e-06)
(9.4383379032802e-11 1.62371063528354e-10 -1.35160229023575e-08)
(1.25099890767876e-10 2.17507368880607e-10 -1.04055376653912e-08)
(5.16330224027396e-11 9.01154288067312e-11 -3.09567572558637e-09)
(3.42091265310085e-12 8.73475207108321e-12 -1.56953808005634e-10)
(-294.445725100279 2.81963309892531e-05 1083.07406169195)
(-453.183132650715 2.55438312649341e-05 1524.03541562438)
(-186.015597729123 1.38863321979338e-05 1445.97598687162)
(-57.7893641526952 2.69800041487142e-06 1085.19035385794)
(-123.489705901105 4.09890343795492e-06 525.758395095384)
(-93.3826889503978 4.92175655988806e-06 301.361886665116)
(-52.7344510491142 3.47098143493412e-06 144.625732149385)
(-9.98306511027823 9.44727974833037e-07 32.6389686146295)
(-0.336422312281252 5.23461787066176e-09 1.30873235376112)
(-0.00134899777059428 -2.84638805631467e-11 0.0059505404747444)
(-4.3677630703573e-07 -8.45787968461498e-14 2.48406887520516e-06)
(6.74713106523003e-10 -5.0731685257481e-13 -1.40814417802002e-08)
(8.52889860770735e-10 -8.07240623153475e-14 -1.01979070842691e-08)
(3.02206243022548e-10 -3.1890092384456e-13 -2.82931181108636e-09)
(2.05803963015152e-11 -1.07360210319777e-12 -1.31069655174439e-10)
(-153.764930367747 3.17966235586103e-05 1019.61287066604)
(-343.389523730104 3.1660844784817e-05 1440.72136444026)
(-126.963160275842 8.13370225545018e-06 1379.353633945)
(-11.8400785334179 7.90967030993624e-07 1115.33961473921)
(-76.6573831657801 -3.05688617615816e-06 590.813100735215)
(-64.6038084263888 2.58996194148026e-06 353.494201562733)
(-42.3197170648445 5.17166825333141e-06 174.2889692923)
(-7.90727897650759 1.48454124202236e-06 40.89232709603)
(-0.256598200403004 4.92907323020253e-08 1.7393617842674)
(-0.00102652193116639 6.17831823332621e-11 0.00819011599912364)
(-3.43320343130842e-07 1.77740044467443e-13 3.47509522309707e-06)
(4.3892253380897e-10 -6.90797171145302e-13 -1.3793258249661e-08)
(5.34204748135976e-10 -2.58527388845836e-13 -1.03457971501888e-08)
(1.99271144720406e-10 -3.57935291790192e-13 -2.99571344229452e-09)
(1.49035312268573e-11 -1.2102952282261e-12 -1.46701889107913e-10)
(-56.5388413894366 2.37015117771094e-05 977.743418046115)
(-109.655160852349 1.87872625846768e-05 1366.6770506385)
(-55.2482963284716 2.32135664807718e-06 1366.2078860998)
(-19.7246517456071 -4.78169225448624e-06 1110.6245331963)
(-37.6797147500885 -2.91127685705902e-06 630.169252680788)
(-30.5097274523901 1.60807014296097e-06 386.716253818635)
(-19.2329509469735 3.06164692334451e-06 195.772277214238)
(-3.35779197694033 1.35583831654082e-06 45.9083193207033)
(-0.103601914246254 3.55894150509688e-08 1.9877488135115)
(-0.000430335302613337 9.83124146344577e-11 0.00957300120282007)
(-1.52500989394319e-07 6.00538258580406e-13 4.14211314330421e-06)
(2.47056782304764e-10 -5.68764798786462e-13 -1.34915148331224e-08)
(2.31929677755612e-10 -2.76809534888702e-13 -1.03961419088014e-08)
(8.7446386146184e-11 -5.05937390377922e-13 -3.09532201597795e-09)
(6.54340320207535e-12 -8.11357779445774e-13 -1.54738693814758e-10)
(-128.052150571611 221.79215835835 1034.74886440702)
(-178.85685437205 309.788632848999 1406.90690920981)
(-20.6755231456988 35.8104526079357 1333.49211328213)
(36.1657692480765 -62.6416821152513 993.7886384765)
(-28.5187337867835 49.395726308359 537.603086391242)
(-27.16969452917 47.0591678315716 317.343927498655)
(-17.567751908941 30.428205343235 153.346765785176)
(-3.77143860572138 6.53230995704505 33.9310342737092)
(-0.139722091026457 0.242004837918678 1.30012314096319)
(-0.000620817115919899 0.00107527923379689 0.00542136131168709)
(-2.15745408944812e-07 3.73677155628911e-07 2.09794407102459e-06)
(2.63805762517897e-10 -4.5679082734513e-10 -1.42999975069848e-08)
(4.45719194334071e-10 -7.73480865046963e-10 -1.02410918848735e-08)
(1.75092363244881e-10 -3.05934693219662e-10 -2.81413921734136e-09)
(1.27571839303255e-11 -2.51795664547853e-11 -1.28659559303871e-10)
(-44.473110648443 77.0287055730254 997.910887043998)
(-99.5856287852885 172.486512262684 1404.42503914621)
(-13.3761950930423 23.1674956139068 1374.8204507305)
(33.6034065635052 -58.2031105399949 1099.62415832309)
(-10.0010326748004 17.322206888113 594.641830956767)
(-12.4349358013415 21.5379212275124 358.174717811863)
(-10.9557789034101 18.9760328019716 178.69196570334)
(-3.13153104511081 5.42398864563482 40.8443603109462)
(-0.14516932378533 0.251440895811881 1.67538550722435)
(-0.000699998521736224 0.00121243215846666 0.00760070184612963)
(-2.59668557033745e-07 4.49759199411196e-07 3.15709325850299e-06)
(1.44342664599178e-10 -2.48341491027925e-10 -1.39418332331142e-08)
(2.83641695043004e-10 -4.93739037783805e-10 -1.03821530240759e-08)
(1.22265034160101e-10 -2.14726600740472e-10 -2.99249924294582e-09)
(9.60178853206898e-12 -2.01611738719737e-11 -1.46279639276835e-10)
(-12.0840883307448 20.9309729739994 973.801782420118)
(-38.7164831118603 67.0593152411803 1369.92238719075)
(-10.0480754232347 17.4034646302576 1372.08868614956)
(10.5902093984037 -18.3428809399676 1105.60702627131)
(-3.06062154985935 5.30129515078212 622.317249822462)
(-4.92151935494927 8.52427069220851 380.837212842061)
(-5.4316379537791 9.40789756672882 194.17231416098)
(-1.65867465101745 2.87291512131935 45.7054912840961)
(-0.0763072793465128 0.132167400958492 1.98019239763151)
(-0.000364054172238312 0.000630558769910614 0.00951854138326482)
(-1.34215940167808e-07 2.32471776017876e-07 4.11329809916875e-06)
(9.45662450905485e-11 -1.63078109493416e-10 -1.3516378807519e-08)
(1.25116279359133e-10 -2.18209448398713e-10 -1.04057520508254e-08)
(5.12938923108287e-11 -9.11605292346759e-11 -3.0956217892028e-09)
(3.5735833306302e-12 -9.90151404672831e-12 -1.5695265221544e-10)
)
;

boundaryField
{
    inlet
    {
        type            zeroGradient;
    }
    outlet
    {
        type            freestreamVelocity;
        freestreamValue uniform (0 0 0);
        value           nonuniform List<vector> 
156
(
(-1.28846892075927 -2.2316991496213 1.93442934427254)
(0.833138767496869 1.44286656865937 27.245754828034)
(47.3102366531894 81.9434920950041 91.5915049952228)
(95.6638467770274 165.694470985557 84.0323081287059)
(91.5216988956455 158.520221957068 59.160460662806)
(56.1153860642443 97.1946715074743 37.9685322350039)
(14.260495606828 24.6998514683155 15.55737140201)
(1.06939317599123 1.85224333701695 1.78593201602801)
(0.0169878842952816 0.0294240670279147 0.0372299340045128)
(3.62153714307045e-05 6.27269084885788e-05 9.93005659083286e-05)
(4.40429798635466e-10 7.56921282762946e-10 1.00334067612245e-08)
(-1.27049002698906e-09 -2.2034777479834e-09 -5.88283628389167e-09)
(-6.14635409880701e-10 -1.06648712931691e-09 -3.42007860847338e-09)
(-8.80612227783888e-11 -1.53906364583207e-10 -4.79447013154906e-10)
(-1.34097870377875e-12 -3.35933909860798e-12 -9.07543212962047e-12)
(-2.27568314477223 5.14206981845915e-08 2.59088678386039)
(29.3037920642376 -3.90003345589477e-06 46.1157903602077)
(141.835590816877 -8.52441023918872e-06 89.2373137401646)
(232.376927227869 -4.40759967704704e-06 86.5822172613939)
(210.287915971756 -5.01443154185664e-07 75.9262683369015)
(138.024938770885 -1.55806773451287e-06 54.749374104512)
(37.0978300723845 -1.41525708926719e-06 21.4612795102683)
(2.59636681245315 -5.74287225915201e-09 2.03575705432553)
(0.0322738166873259 6.28083381416832e-09 0.0302910688205658)
(4.65270648843064e-05 1.16606529400376e-11 4.85311943885268e-05)
(-1.36434907563698e-09 4.70218396489045e-14 -1.73618332628024e-09)
(-2.67640206962891e-09 5.57605857938359e-14 -6.52705722152347e-09)
(-1.21610472999184e-09 3.98400673793728e-15 -3.37543902655036e-09)
(-1.64725866038154e-10 -3.14905205273519e-13 -4.43244546334747e-10)
(-3.14841224438199e-12 2.59259310249412e-14 -9.46322495596812e-12)
(-1.28846821018775 2.23169767047201 1.93442757059172)
(0.83313403715037 -1.44286439794878 27.2457495447836)
(47.3102222632427 -81.9434758002749 91.5915032696188)
(95.6638169322199 -165.69442563518 84.0322974065247)
(91.5216759763755 -158.520183340789 59.1604413664561)
(56.1153792567864 -97.1946611164192 37.968521636681)
(14.2604977380715 -24.6998569647352 15.5573739794063)
(1.06939413784864 -1.8522450089912 1.78593392000652)
(0.0169879251703586 -0.0294241317874848 0.0372300141139227)
(3.62154838912264e-05 -6.27271018428792e-05 9.93008550322188e-05)
(4.40458277269329e-10 -7.5699832339782e-10 1.00334571529673e-08)
(-1.27052759893175e-09 2.20339617757767e-09 -5.88270893276083e-09)
(-6.1467655556242e-10 1.06638384958554e-09 -3.41940966804834e-09)
(-8.86645438645553e-11 1.53926761861612e-10 -4.79658779446037e-10)
(-1.52753558426713e-12 3.29384825731315e-12 -9.0173200012274e-12)
(1.13783267315413 1.970796409765 2.59088466648175)
(-14.6520335670595 -25.3783177541668 46.1165898656952)
(-70.917468205234 -122.833182650877 89.2386386483079)
(-116.187757197815 -201.2433702016 86.5824451458581)
(-105.143312492832 -182.113588523054 75.9258878900578)
(-69.0121036223016 -119.53256292058 54.7490450475682)
(-18.5489325448921 -32.1277798538399 21.4612904349482)
(-1.29821221086979 -2.24856975921796 2.03580667448307)
(-0.0161378419626137 -0.0279511662416313 0.0302930551498561)
(-2.32657004370511e-05 -4.02966368280167e-05 4.85366013608871e-05)
(6.82095421043183e-10 1.18166320824899e-09 -1.73480408064811e-09)
(1.33794246576228e-09 2.3184415719095e-09 -6.52733008195401e-09)
(6.07622342520442e-10 1.05520847352913e-09 -3.37501576798361e-09)
(8.11007257716331e-11 1.44231763772403e-10 -4.36578026129085e-10)
(1.29984743929629e-12 2.92050370469186e-12 -7.66953034288856e-12)
(2.57698110514476 -1.24391524766394e-07 1.9344683906498)
(-1.66605468393933 -3.0111469191203e-06 27.2455894687149)
(-94.6205602693012 -4.31470727778237e-06 91.5913117325365)
(-191.329066449107 -3.17117820948883e-06 84.0325098413345)
(-183.044691699723 -5.40528961190473e-07 59.16100584744)
(-112.231119822853 -6.99847731379197e-07 37.9688504653336)
(-28.5207780061403 -9.02483662850404e-07 15.5573000793933)
(-2.13872895220191 -2.9926460850542e-09 1.78587536257871)
(-0.0339736290982159 3.01911069891861e-09 0.0372275121623037)
(-7.24240552165395e-05 7.18809167374772e-13 9.92917507006583e-05)
(-8.81253078173488e-10 9.06142196570042e-15 1.00374976919181e-08)
(2.54250758038562e-09 -4.3473488507908e-14 -5.88381837737454e-09)
(1.22960172328856e-09 -5.05233467921006e-14 -3.42000965152016e-09)
(1.77573211456708e-10 -3.60699858117217e-13 -4.84539574370156e-10)
(3.61469881017143e-12 -3.34845407072719e-13 -1.07360475089395e-11)
(1.13783270456511 -1.97079636080394 2.59088558552333)
(-14.6520475661678 25.3783342020664 46.1166213447496)
(-70.9174743023337 122.833176162912 89.2386872208766)
(-116.187742690067 201.243336258533 86.5824555490922)
(-105.143292534222 182.113552950847 75.9258767187703)
(-69.0120947666708 119.53254446557 54.7490350786191)
(-18.5489358698483 32.127782782229 21.4612911617858)
(-1.2982132028667 2.24857146591655 2.03580836613525)
(-0.0161378622480142 0.0279512139385659 0.0302931218506508)
(-2.3265752474707e-05 4.029675029774e-05 4.85367822966726e-05)
(6.82176425771938e-10 -1.18169093991411e-09 -1.73490122754624e-09)
(1.33805246164178e-09 -2.31845672431129e-09 -6.52739775679694e-09)
(6.07660033869572e-10 -1.05522782883511e-09 -3.37441914073544e-09)
(8.07864768621627e-11 -1.44683694519733e-10 -4.37925207234622e-10)
(1.41157714377023e-12 -2.84434922561325e-12 -7.82720824549225e-12)
(-1.49492556365894e-13 -3.74499750171771e-13 -1.01173086892362e-12)
(-1.55789667566072e-13 -3.50295882174118e-13 -1.20365291579463e-12)
(-2.36052153088199e-13 -5.23464750101371e-13 -1.79732743634241e-12)
(-1.33244919081405e-13 -3.18809727955096e-13 -1.44760033972256e-12)
(-7.08786485283272e-14 -1.63806855542615e-13 -1.0083070160512e-12)
(-2.07629162818643e-14 -5.65694859885536e-14 -5.10561833655868e-13)
(-1.62229789584061e-15 -6.61940330852719e-15 -1.226502655705e-13)
(-2.31352074943116e-13 1.90509293951422e-15 -6.95378037969248e-13)
(-1.80323647023631e-13 7.004593386087e-16 -7.08837562423286e-13)
(-5.01662893154217e-13 7.36561169488069e-16 -1.6036900367182e-12)
(-2.72827541926941e-13 2.93083219759331e-15 -1.21777971079439e-12)
(-2.05821847168944e-13 2.18246398087477e-15 -1.09761264755933e-12)
(-6.88844383545291e-14 1.43416770547351e-15 -5.54434108770248e-13)
(-3.26984339506083e-15 2.00871363965591e-17 -7.41384486563236e-14)
(-1.75008531125571e-13 3.77373562488535e-13 -1.03310714614951e-12)
(-1.74661658701786e-13 3.49649749155041e-13 -1.21999391790494e-12)
(-2.4992431291582e-13 5.1993599010646e-13 -1.80397619852604e-12)
(-1.5690290857648e-13 3.45537598733942e-13 -1.54066857233224e-12)
(-8.20126474618919e-14 1.71856202662754e-13 -1.05307623163019e-12)
(-2.65855410595247e-14 6.17918166393784e-14 -5.49697809041716e-13)
(-1.99956700740341e-15 6.51544895961113e-15 -1.22663714279123e-13)
(1.60721327098736e-13 3.61109478716185e-13 -9.48309053561246e-13)
(1.68603129186804e-13 3.34889590069666e-13 -1.13357386465579e-12)
(2.88192032808422e-13 5.78106052737563e-13 -1.88456885069432e-12)
(2.12609798659483e-13 4.3991329247193e-13 -1.78980000580359e-12)
(1.17916446873671e-13 2.40814983596398e-13 -1.31002183235482e-12)
(4.01740213166817e-14 8.86851194879892e-14 -6.99884824000229e-13)
(3.08028216222367e-15 7.8650067173202e-15 -1.41325448533334e-13)
(2.75378151034783e-13 -2.55094861078623e-14 -8.17902975515995e-13)
(2.18744864413247e-13 -1.31898383320449e-14 -8.41170459265441e-13)
(3.42181072090586e-13 -1.33308077249071e-14 -1.28421043888779e-12)
(1.84437169492813e-13 -8.78008598764861e-15 -9.55216304874057e-13)
(1.24787580333502e-13 -6.50970014066954e-15 -7.9473032903455e-13)
(3.84101314033642e-14 -3.11923382756798e-15 -3.7808749832404e-13)
(2.94884666520601e-15 -3.6564607258938e-16 -6.97344588347025e-14)
(1.64095558682662e-13 -3.30655024647791e-13 -9.0991138219978e-13)
(2.21137002828511e-13 -4.21353701308902e-13 -1.3270848095888e-12)
(3.17689852700477e-13 -6.18416595725285e-13 -1.98127622559632e-12)
(2.5488268915895e-13 -5.0689790138825e-13 -1.97671312589124e-12)
(1.49132171877186e-13 -2.94350497165893e-13 -1.5040372245584e-12)
(5.54543380703151e-14 -1.16439197557491e-13 -8.44825996965942e-13)
(4.06057470061292e-15 -1.12508464798604e-14 -1.78341432062737e-13)
(-2.56548102423938 -4.44355446058471 3.85165811569485)
(0.00409392229402139 0.00709085813429536 0.0998647001011302)
(1.22233312749614 2.11717918141359 7.69423956100282)
(37.2843562217879 64.5784146611226 99.4007785005599)
(-1.69072344151956 3.82031127662513e-08 1.92490462912595)
(2.60802299154355 -1.22117566841063e-07 4.70118559787991)
(5.19129788982959 4.50321474682022e-07 13.066337707215)
(41.9867706217099 1.91908889687114e-06 69.1308943277786)
(-2.56548135091876 4.44355453181922 3.85165719869253)
(0.00409386979234312 -0.00709077089454632 0.0998638646763975)
(1.22233284219622 -2.11717753524212 7.69423593550038)
(37.2843582339971 -64.5784168690592 99.4007819189906)
(0.845350334797487 1.46419894956457 1.92489218485937)
(-1.30398770458083 -2.25858198437439 4.701136414647)
(-2.59569185652914 -4.49586527964358 13.0664785109386)
(-20.9935033339207 -36.3617792039032 69.1311551111835)
(5.13098341378937 -2.47673857258058e-07 3.85168723476782)
(-0.00818856364074544 -1.85041813986259e-09 0.0998709462842761)
(-2.44470216509051 5.76183439792885e-07 7.6942545176964)
(-74.5684890453047 6.45317649696653e-07 99.4005412365842)
(0.845349611414205 -1.464197619824 1.92489116735129)
(-1.30398784903877 2.25858199073612 4.70113645391741)
(-2.59569336478377 4.49586879403273 13.0664851518092)
(-20.9935071697836 36.3617896995332 69.1311678014888)
)
;
    }
    sides
    {
        type            zeroGradient;
    }
}


// ************************************************************************* //
