/*--------------------------------*- C++ -*----------------------------------*\
  =========                 |
  \\      /  F ield         | OpenFOAM: The Open Source CFD Toolbox
   \\    /   O peration     | Website:  https://openfoam.org
    \\  /    A nd           | Version:  11
     \\/     M anipulation  |
\*---------------------------------------------------------------------------*/
FoamFile
{
    format      ascii;
    class       surfaceScalarField;
    location    "0.0000700081";
    object      phi;
}
// * * * * * * * * * * * * * * * * * * * * * * * * * * * * * * * * * * * * * //

dimensions      [1 0 -1 0 0 0 0];

internalField   nonuniform List<scalar> 
2478
(
0.000811116215466271
-0.00017011774002868
1.82434632559157e-10
1.68073337257317e-10
-0.00102497585139733
0.000621436131009623
-0.000150957748925208
2.85210189883769e-11
-3.8682832436375e-12
-0.000131236295528941
-2.85869536050844e-11
-4.92037940610663e-11
0.000456410211309028
0.000486653653783008
-4.24282086676946e-05
6.50595397325669e-11
5.4603032490462e-11
-0.00061473528673567
0.000372867563162906
-3.76697067417163e-05
1.71571139457108e-11
-1.73612337613788e-11
-3.27916813300337e-05
-3.93094472988034e-11
-5.95609516297179e-11
0.000273892265428325
0.00016206592730179
9.90832954963008e-11
8.87236735903213e-11
-0.000204625585311678
0.000124232624187847
1.79138331772577e-11
-1.83461443194373e-11
-4.80528507338773e-11
-7.03136077736654e-11
9.1263294691692e-05
0.000811116523208736
-0.000170118344050007
-1.80804751433259e-10
-0.0010249760408315
0.000621436242263052
-0.000150957822737576
-2.65161245282912e-11
-0.000131236112761956
3.04648836268583e-11
0.000456410176975794
0.000486653670743103
-4.24286007043513e-05
-6.34751493445822e-11
-0.000614735420066666
0.000372867703175577
-3.7669742600658e-05
-1.46424935978245e-11
-3.27914810890669e-05
4.00023757608087e-11
0.000273892323660772
0.000162065953031855
-9.71169523381228e-11
-0.000204625611968199
0.000124232618062085
-1.57092992043514e-11
4.83894866721863e-11
9.12632808642823e-05
0.000811116217094525
-0.000170117742745652
1.68348137947333e-10
-0.00102497585198929
0.000621436131186202
-0.000150957754072589
-3.95026220935402e-12
-0.000131236297555343
-4.91819499080608e-11
0.00045641020990724
0.000486653654463778
-4.24282104770907e-05
5.47404924665894e-11
-0.000614735287269325
0.000372867563962409
-3.76697088619215e-05
-1.76008136017203e-11
-3.2791681483894e-05
-5.92595638900829e-11
0.000273892264377178
0.000162065927308844
8.88209502692208e-11
-0.000204625585386617
0.00012423262418496
-1.81743953654029e-11
-6.99247195790152e-11
9.12632944630938e-05
0.000811116522615574
-0.000170118312820868
-1.75425456821511e-10
-0.00102497602885498
0.000621436241261913
-0.000150957768663797
-3.20683990430101e-11
-0.000131236076138785
2.40028529008025e-11
0.000456410180730276
0.000486653674648819
-4.24285868834692e-05
-6.16464586626272e-11
-0.000614735412562194
0.000372867703171647
-3.76697116964114e-05
-2.20284103458201e-11
-3.2791458617179e-05
3.98980329568803e-11
0.000273892320555122
0.000162065953998416
-9.6531822195e-11
-0.000204625610158896
0.000124232617794764
-2.02961489303467e-11
5.03474991461316e-11
9.12632817849163e-05
0.000811116201229686
-0.000170117735053029
1.73496437268911e-10
-0.00102497583787479
0.000621436127976227
-0.000150957671892202
3.00942243130695e-11
-0.000131236244307663
-2.59736260277421e-11
0.000456410229479284
0.000486653646596691
-4.24282048217949e-05
5.98980226854638e-11
-0.000614735278922336
0.000372867555910172
-3.7669669618437e-05
1.96946205546257e-11
-3.27916623978694e-05
-4.09598873644512e-11
0.000273892276609366
0.000162065927515345
9.44537504308542e-11
-0.000204625584292123
0.000124232623500852
1.78836290936658e-11
-5.11110953636384e-11
9.12632959028089e-05
0.000811116522120433
-0.000170118308658445
-0.00102497602837903
0.000621436241635545
-0.000150957763568081
-0.000131236073470067
0.000456410181524131
0.000486653674988899
-4.24285846924688e-05
-0.0006147354121636
0.000372867703489066
-3.76697089690653e-05
-3.27914573961581e-05
0.000273892321177771
0.000162065953989391
-0.000204625610075264
0.000124232617727372
9.12632819269019e-05
0.000455823673455653
4.90822688833091e-07
-4.16047561744952e-10
-4.22229003659274e-10
0.000454882575432348
2.40201290368147e-07
7.25712996424085e-10
6.74476750655e-10
9.31099814815506e-08
-7.12858742413051e-10
-6.75277545415364e-10
0.000453226695185434
0.000273549577249455
1.42607776690642e-07
-1.61929200571346e-10
-1.57001300794737e-10
0.000272971664761838
6.64105708370489e-08
3.9337232814662e-10
3.23072267668836e-10
2.60565846063338e-08
-5.96253658317718e-10
-5.38798038791314e-10
0.000271964533331006
9.117538472874e-05
-1.87538393939691e-10
-1.62231318222988e-10
9.09919480727409e-05
3.09985775763522e-10
2.04420057161973e-10
-2.53354893867738e-10
-5.60497747390323e-11
9.06604250494924e-05
0.000455823818744996
4.92468924299938e-07
4.04170087968305e-10
0.000454882675169108
2.36696528866189e-07
-7.02513309948794e-10
9.73602138794587e-08
6.83151080952023e-10
0.000453226106944294
0.000273549946072791
1.43289693838445e-07
1.51380615833439e-10
0.000272970924784055
6.55024285984478e-08
-3.69917785313957e-10
2.68024754432219e-08
5.63452636219604e-10
0.000271965015007662
9.11753467520988e-05
1.73988947977776e-10
9.09921016965448e-05
-2.79888461474261e-10
2.16535815048945e-10
9.06605539202751e-05
0.000455823675626428
4.90856250326735e-07
-4.1825466169914e-10
0.000454882572398714
2.4013856863821e-07
6.69091872727325e-10
9.32263061678706e-08
-6.55254266698855e-10
0.000453226683166824
0.000273549579730812
1.42624267914556e-07
-1.54609260181841e-10
0.000272971663308597
6.63793697570805e-08
3.1893436296896e-10
2.61011249595646e-08
-5.17312871413465e-10
0.000271964548166633
9.11753847541183e-05
-1.59565260798248e-10
9.09919480263286e-05
2.03643737777762e-10
-5.1736469166945e-11
9.06604264050276e-05
0.000455823816590349
4.92518659862395e-07
4.61200494190472e-10
0.000454882704138116
2.36706473889293e-07
-8.14107703451215e-10
9.74021387530792e-08
8.7387565646203e-10
0.000453226121938442
0.000273549956168715
1.43296296244676e-07
1.87504126428987e-10
0.000272970910959314
6.55480063255871e-08
-4.56614755283812e-10
2.66804636021617e-08
7.57948001562335e-10
0.000271965045236622
9.11753415158506e-05
2.17123480924109e-10
9.09921102351013e-05
-3.53473840529559e-10
3.0918466761452e-10
9.06605547614867e-05
0.000455823669895016
4.90673257067084e-07
-4.53290974525809e-10
0.000454882604934156
2.40584047088129e-07
7.95848873076915e-10
9.23057620114522e-08
-8.62916029484382e-10
0.000453226792945911
0.000273549563891362
1.42534665365705e-07
-1.793787405939e-10
0.000272971698760141
6.65688633304197e-08
4.36949570005018e-10
2.57485453397676e-08
-7.455716728136e-10
0.000271964433878969
9.11753865976616e-05
-2.06388825571991e-10
9.09919421609366e-05
3.25437138446339e-10
-2.85613809458598e-10
9.06604066268039e-05
0.000455823813198145
4.9250292100296e-07
0.000454882705553329
2.36752088954187e-07
9.73918340304008e-08
0.000453226122655364
0.000273549955709189
1.43287168741289e-07
0.000272970911007895
6.55769295662342e-08
2.66594143359905e-08
0.000271965047703679
9.11753407560238e-05
9.09921111260655e-05
9.06605554591701e-05
3.91504607935375e-05
1.96917993900998e-10
4.51721038287507e-10
0.00050029803721286
9.78801614598613e-06
-5.46419597936831e-11
1.66422467169983e-10
0.000300197339268787
-7.321613969399e-11
2.23250657543916e-10
0.000100071995326905
3.91498141789431e-05
-2.08180531190497e-10
0.00050029708162877
9.78790512178745e-06
3.76429068579993e-11
0.000300197223727256
4.83573434659039e-11
0.00010007203867775
3.91505026184671e-05
4.50227013602724e-10
0.000500298017581026
9.7880453157158e-06
1.74221254935734e-10
0.000300197342850513
2.27156341696746e-10
0.000100071997032933
3.91493519062432e-05
-2.71476795308135e-10
0.000500297162110743
9.78763289713117e-06
5.36166009593858e-11
0.000300197270941563
7.27651628187886e-11
0.000100072043897797
3.91500908202033e-05
2.84650242341877e-10
0.000500298172154503
9.78775423267976e-06
-4.40078627293901e-11
0.000300197345799864
-5.36517320371202e-11
0.000100071992573681
3.91493383092628e-05
0.000500297167539184
9.78761741127784e-06
0.000300197276146928
0.000100072044537699
3.26261079128518e-05
-1.30180594022688e-09
-1.08882188042201e-09
0.000539668539695731
8.15454431051909e-06
-2.3724956008022e-09
-2.10579173467052e-09
0.000323810334337542
-9.24183841922391e-10
-5.70561207817715e-10
0.0001079405031053
3.26394477125111e-05
1.27461709714454e-09
0.000539668362460567
8.15806532847258e-06
2.32688047465106e-09
0.000323810706929821
8.69219551967015e-10
0.00010794062913171
3.26262691179768e-05
-1.06704527798231e-09
0.000539668541097679
8.15462290540111e-06
-2.07250175517353e-09
0.000323810341754798
-5.48431478887296e-10
0.00010794050430185
3.26389655912127e-05
1.22043746528071e-09
0.000539668436521839
8.1578121256674e-06
2.41803772409741e-09
0.000323810737682257
9.94099134986933e-10
0.000107940631961305
3.26252519933314e-05
-1.2159979235018e-09
0.000539668551200112
8.15407061812215e-06
-2.40617344332648e-09
0.000323810310856405
-9.6159680131741e-10
0.00010794050162581
3.26389718677078e-05
0.000539668439894317
8.15780139658588e-06
0.000323810738684998
0.000107940631875912
2.23857098405891e-05
-1.51084467327331e-09
-1.11062440776195e-09
0.000567166140334537
5.59547855461423e-06
-1.2481263875078e-09
-8.04154755968105e-10
0.000340306673378927
-7.61501472827403e-10
-2.63073213495509e-10
0.000113438451501722
2.23926437868304e-05
1.45845676990464e-09
0.000567166753434206
5.59785700004388e-06
1.1935302395385e-09
0.00034030720468548
7.04471629414585e-10
0.000113438527467943
2.23858368743431e-05
-1.09742274030091e-09
0.000567166146060319
5.59554213717034e-06
-7.9182931121257e-10
0.00034030667839056
-2.56024958720548e-10
0.000113438452181198
2.23918824663483e-05
1.60258454748839e-09
0.000567166775825884
5.59744366022616e-06
1.31007589005598e-09
0.000340307212963901
8.01440643558894e-10
0.000113438527422822
2.23846469009299e-05
-1.56197118168213e-09
0.000567166121979844
5.59494989503322e-06
-1.27138438736326e-09
0.000340306656269024
-7.51344238615701e-10
0.000113438451043353
2.23918058232016e-05
0.000567166772913753
5.59740000716642e-06
0.000340307211086813
0.000113438526930519
2.75504897285464e-06
-8.86283608666789e-09
-8.36660316488923e-09
0.000571723852666216
6.85368101121142e-07
-4.73079051014616e-09
-4.20946222665216e-09
0.000343017536552555
-2.49234954912856e-09
-1.93133760313701e-09
0.000114338866681121
2.78291643141849e-06
8.80415463840392e-09
0.000571712545715839
6.9431629249006e-07
4.67082355480814e-09
0.00034301791521088
2.43099781830399e-09
0.000114338508064593
2.75517716407075e-06
-8.3594189643349e-09
0.000571723853354285
6.85433016471906e-07
-4.20304386769804e-09
0.000343017538031151
-1.92733040703212e-09
0.000114338867028197
2.7820379215833e-06
8.96319832775511e-09
0.00057171255065154
6.93843473459333e-07
4.80140036003595e-09
0.000343017921934521
2.52701403742226e-09
0.00011433850546814
2.75388091578745e-06
-8.91065315256718e-09
0.000571723867034625
6.84796558925952e-07
-4.74772502144808e-09
0.000343017537463027
-2.46957425369858e-09
0.000114338868514359
2.78193561618423e-06
0.000571712545704788
6.93789288730906e-07
0.000343017919990401
0.000114338504258306
7.47275845392286e-05
5.02488003841861e-08
5.08417882332229e-08
0.000666973916329566
1.86932241118926e-05
2.1741140028694e-08
2.23435903181106e-08
0.000400284029648964
1.57828478377351e-08
1.64459891047316e-08
0.000133424626782317
7.45469381268222e-05
-5.0318434507415e-08
0.000666973040407368
1.86317040934719e-05
-2.1811069983804e-08
0.000400250296586451
-1.58572070909735e-08
0.00013342610616054
7.47277262262806e-05
5.0843280264873e-08
0.000666973912176668
1.86932973973137e-05
2.23456367840803e-08
0.000400284027170326
1.64456593276731e-08
0.000133424626468638
7.45458971497452e-05
-5.01417887452155e-08
0.000666973034565422
1.86311339315135e-05
-2.16640178508009e-08
0.000400250295298409
-1.57614170020592e-08
0.000133426102167711
7.47262685531102e-05
5.02101330145327e-08
0.000666973956813521
1.8692589052702e-05
2.17317714576708e-08
0.000400284042065323
1.58352116214544e-08
0.000133424626660309
7.45457583441139e-05
0.000666973032535371
1.86310599426728e-05
0.00040025029470995
0.000133426101098138
0.00107270569088016
-2.37658308742579e-07
-2.36379717260919e-07
0.00201612068813379
0.000268056134102556
-9.56177901159172e-08
-9.43363671120231e-08
0.0012094826416218
-6.04000156410227e-08
-5.90789021403626e-08
0.000403054589435789
0.00107343022828415
2.37555443563314e-07
0.00201591615585399
0.000268322887275804
9.55148948783395e-08
0.00120953315050517
6.02874081085118e-08
0.00040308295011885
0.00107270589112198
-2.36386841121611e-07
0.00201612068993777
0.000268056241858389
-9.4339448772384e-08
0.00120948263512554
-5.90841397545244e-08
0.000403054590193929
0.00107342805852933
2.37767022355886e-07
0.00201591621386449
0.000268321734980541
9.56851965006446e-08
0.00120953320423353
6.04235896466175e-08
0.000403082968508927
0.00107270322256337
-2.37655978280312e-07
0.0020161207839058
0.000268054897160793
-9.5578265932024e-08
0.00120948271749779
-6.0306381268469e-08
0.000403054599485033
0.00107342783113925
0.00201591621101274
0.000268321614511844
0.00120953320120248
0.000403082968944634
0.000714152945787094
4.2249380589757e-08
4.42588885865005e-08
0.00292872002083134
0.000178675247488239
9.2369342091672e-08
9.44194700332147e-08
0.00175726998252111
2.24618858325537e-08
2.45579266495944e-08
0.00058586592364219
0.000713965327834589
-4.23879458280336e-08
0.00292884914740599
0.000178595965262891
-9.25095610801105e-08
0.00175759716939111
-2.26068420006078e-08
0.000585905453421982
0.00071415322411636
4.42520438957792e-08
0.00292872003678505
0.000178675386828055
9.44146482993822e-08
0.00175726998620815
2.45534194065998e-08
0.000585865925525574
0.000713961625397599
-4.21375354144916e-08
0.00292884929970333
0.000178594061160805
-9.23060614892342e-08
0.00175759727364781
-2.24514721247886e-08
0.000585905494774591
0.000714149013894664
4.22838679404493e-08
0.0029287200902776
0.000178673308804076
9.24522689878162e-08
0.00175727005884107
2.26014294098763e-08
0.000585865943577521
0.00071396132589947
0.00292884929518075
0.000178593908533338
0.00175759727032048
0.000585905495777501
-0.00168378937318162
-2.25859117922113e-07
-2.24093297157872e-07
0.000846235439695775
-0.000421538615632509
-3.96527601532722e-07
-3.94850972373808e-07
0.000507033368135937
-1.89683351863859e-07
-1.8805698822293e-07
0.000168363624206205
-0.001682601860951
2.25746984891171e-07
0.000845791159097717
-0.000421041780079443
3.96414474524798e-07
0.000506235096220068
1.89568421962597e-07
0.000168179830456293
-0.00168378915644537
-2.24096686625452e-07
0.000846235444607587
-0.000421538504196034
-3.94852963498738e-07
0.000507033370017165
-1.88057920181379e-07
0.000168363624804671
-0.00168260531889216
2.25521783557298e-07
0.000845791194362975
-0.000421043386204335
3.96337796791299e-07
0.000506235110563867
1.89616306542904e-07
0.000168179838554818
-0.00168379198370501
-2.25405547630599e-07
0.000846235436831106
-0.000421540001957821
-3.96222130489567e-07
0.000507033373699059
-1.89500006874223e-07
0.000168363625842444
-0.00168260555014267
0.000845791192868325
-0.000421043504107876
0.000506235108689199
0.00016817983846867
3.31860561473543e-06
1.23509303424831e-10
8.8129617535973e-11
8.49038393085076e-07
7.66036210701239e-11
4.18367926565376e-11
3.40406108249175e-11
-7.91341981092736e-13
3.31821406598779e-06
-1.21162222236574e-10
8.48942104630381e-07
-7.41785700247334e-11
-3.15301511028682e-11
3.31860120864958e-06
8.82507382601004e-11
8.49036005532951e-07
4.18842278568365e-11
-7.26343518751144e-13
3.31827887679089e-06
-1.19955387799502e-10
8.48974931123587e-07
-7.42585317238878e-11
-3.26579737645188e-11
3.31865755838631e-06
1.17404911096838e-10
8.49067318548066e-07
7.16937640981782e-11
3.00288523430794e-11
3.31828385972564e-06
8.4897755979848e-07
1.67954723448069e-05
0.000184254539469653
-3.05940490674978e-06
-3.05935249343732e-06
0.000268127162693801
-7.41397956438518e-05
2.80764177789716e-05
2.80766232117504e-05
0.000484649481186733
1.64801764134946e-05
7.6685891034673e-06
7.66858360816593e-06
0.000509386259428683
6.11245680873678e-05
5.85711456303984e-06
5.85731445150179e-06
0.000416490803858977
-0.00011592936234906
3.97223265330005e-05
3.9722371006621e-05
0.00048585357231841
-0.00125673878633991
8.22144672289543e-06
8.22116237440297e-06
0.000607955033786008
-0.00261524120543604
-1.11225761073849e-05
-1.11221194169632e-05
0.000350005862722343
-0.00222193577276543
-7.83839186843828e-06
-7.83803685664889e-06
6.9206108989554e-05
-0.000809018826534637
2.39474656563973e-06
2.39480711076821e-06
2.80904666294759e-06
-9.5179268006037e-05
6.87504960761765e-06
6.87495962216795e-06
1.9314359346362e-08
-2.71111974900766e-06
3.3143260669944e-07
3.3142981303993e-07
1.52256026796777e-11
-1.26293844598859e-08
1.98061402716977e-09
1.98059876751209e-09
-5.33061008528568e-14
-6.58928315556973e-12
1.06949941524465e-12
1.0694978431515e-12
-4.92875055005393e-14
1.33096658694321e-14
2.16428437671556e-15
2.15599023009605e-15
1.39148675221135e-14
3.30681662608079e-18
-1.24683249835833e-18
0.00023305730460129
4.79147103629508e-05
1.3342779925152e-05
1.33430960418337e-05
0.000545535278573397
-0.000371335506079967
4.03965069723945e-05
4.03968421970791e-05
0.000644731630234164
-7.37621407433625e-05
2.13252207483017e-05
2.13254684554431e-05
0.00064701297885165
9.59993149928883e-05
-1.53623394151588e-05
-1.53624144441919e-05
0.000479569956888102
2.02872820971885e-05
-4.59730130943745e-06
-4.59740496212266e-06
0.000427490384932936
-0.000615226999198503
2.78666645529656e-06
2.78617854852808e-06
0.00061039546187258
-0.001748328878512
-2.3215424630169e-06
-2.32171988639041e-06
0.000544826518617868
-0.00159935147557436
-3.80651264333611e-05
-3.80652828670067e-05
0.000212085700992175
-0.000819858468308031
-3.61910296297667e-05
-3.61910107120626e-05
1.31419177530108e-05
-0.000134233445491109
-5.62388811315947e-07
-5.62342058813524e-07
1.12780795252375e-07
-5.60044995803364e-06
3.94984837879403e-07
3.94987179637375e-07
1.06820128914151e-10
-3.52665952326608e-08
1.47801379821047e-09
1.47808935625987e-09
-3.28241123517814e-14
-2.38764019406396e-11
-5.34599166150673e-13
-5.34476976565834e-13
-3.63088465543671e-14
-5.0784029759221e-16
4.02130585774874e-16
4.14111019780838e-16
4.61284656305683e-15
5.4752209710518e-18
4.87890977618477e-18
0.00039927606084869
-0.000393534704311238
4.52734411304739e-05
4.52738853246676e-05
0.00058456024478337
-0.000452824979776035
-1.76101632261788e-05
-1.7609836959914e-05
0.000647343371573144
-6.60057271304989e-05
-1.06452387898434e-05
-1.06449006312915e-05
0.000633997464921187
9.45915440621933e-05
-1.64748612750844e-07
-1.65608839830679e-07
0.000564491284378488
7.61916448646291e-05
6.73307561114186e-06
6.73297608510184e-06
0.00053916522702534
-0.000232449337446455
2.48157089697746e-05
2.48154763943033e-05
0.00069962828387524
-0.000910140915343341
1.0169831586798e-05
1.01692330353892e-05
0.000763516671148783
-0.00100039581443454
-2.12408514179381e-05
-2.12395637470121e-05
0.000337999373620288
-0.00068983800070853
-3.57738421063659e-05
-3.57736866436674e-05
2.87561866691427e-05
-0.000141632590331819
-2.93004107424882e-06
-2.93017484788612e-06
2.98729147807809e-07
-7.61666588775596e-06
5.17675638942589e-07
5.17680333099598e-07
3.26925000309133e-10
-5.96878596424624e-08
1.33709746047558e-09
1.3372493800224e-09
8.47228103645348e-15
-4.79117234167964e-11
-2.6528043000143e-12
-2.6525742323133e-12
-1.74561970781029e-14
-4.6670566716811e-15
-3.62990887348147e-16
-3.57732506811592e-16
1.64451785522601e-15
-2.86934104948289e-16
-2.98101387324889e-16
0.000335812146431509
5.64264770671242e-05
5.64266674870574e-05
-0.000728751577963368
0.000325200378068724
-3.28739689437784e-05
-3.28737417130655e-05
-0.000345038465531063
0.000448216675346923
-2.40143103221983e-05
-2.40140174442355e-05
-0.000107768962658126
0.000525641259628174
-1.87738015703516e-05
-1.87734633299839e-05
4.73065191656045e-05
0.000537007536367622
7.17841197102445e-06
7.17838986182077e-06
7.3921837723089e-05
0.000608947970203994
-1.73472821505331e-05
-1.73474839684879e-05
-2.70600892555575e-05
0.000746348607739313
-2.06121263201705e-05
-2.06129502107878e-05
-0.000243865082661659
0.000780162981062201
-3.87684597007566e-05
-3.87686823143075e-05
-0.000438428307996447
0.00036451481548951
-3.12664009988219e-05
-3.12662842363392e-05
-0.00036475800005197
4.15429624105496e-05
-1.06094807614272e-05
-1.06094121225138e-05
-9.95360092467895e-05
5.38743650135463e-07
4.67366673433947e-07
4.67371410671675e-07
-6.6908710877158e-06
6.86080353065523e-10
5.32313874620008e-10
5.32502291881402e-10
-6.7098904674677e-08
6.83022974116987e-14
-4.72395191540576e-12
-4.7236963689537e-12
-6.51034470474168e-11
-1.04375058943007e-14
-2.47902826738811e-16
-2.54624880208221e-16
-7.04124258898986e-15
-1.74448129552918e-16
-1.85994882689888e-16
7.97105437211343e-16
0.0002184990779889
2.24625740026887e-06
3.05940712912105e-06
0.00045847685852
-0.000248968237374961
-2.80764248112633e-05
0.000640363179044226
-7.29493173941686e-05
-7.66858048059031e-06
0.000651623816449357
0.000151656375807413
-5.85712009327084e-06
0.000569718769204872
-8.3395025227364e-05
-3.97223287544259e-05
0.000563042315304876
-0.00118678220708232
-8.22143765794628e-06
0.000618965584541574
-0.00226195483920695
1.11225681752835e-05
0.000403454268100508
-0.00184353389364872
7.8383769066923e-06
0.000105143765459515
-0.000720576619015588
-2.3947567002712e-06
8.00721493427045e-06
-0.000112492819300434
-6.87505136539061e-06
1.05340518711887e-07
-5.3542731223682e-06
-3.31432589937241e-07
1.33901966663068e-10
-4.28482325180897e-08
-1.98061406977892e-09
-4.06400173930122e-14
-3.44690760309407e-11
-1.06949908998399e-12
-4.72338097454172e-14
1.43470305080662e-14
-2.15805021422377e-15
1.29288940664551e-14
-1.78893358460108e-18
0.000389465199567598
-0.000217327431078949
-1.3342796558717e-05
0.000657283271493168
-0.000328674510116089
-4.03965259964352e-05
0.000701850238063789
-3.52364079739628e-05
-2.13252263141424e-05
0.000650440502912894
0.000155916182185861
1.53623519064051e-05
0.000506625546666698
5.59514433564988e-05
4.59731103462472e-06
0.000497797716412032
-0.000562365209098224
-2.78664239505329e-06
0.000617481391308886
-0.00169670912930214
2.32158330014219e-06
0.000404670623096385
-0.00151525322792872
3.80651405921813e-05
0.000170798036301269
-0.000669389878541258
3.61910352087031e-05
2.26994104987467e-05
-0.000122683175134127
5.62387747068515e-07
3.98782056286245e-07
-7.18906881739092e-06
-3.94984754132103e-07
5.91977383779252e-10
-6.94058388860455e-08
-1.47801303693792e-09
2.13530365264503e-14
-6.79634868348822e-11
5.34598190368718e-13
-2.87712562108133e-14
-1.73797608249426e-15
-3.99094819691914e-16
4.36651582946812e-15
-3.84891771232354e-18
0.000550461230618603
-0.000576401964252977
-4.52734902548116e-05
0.00066224901813213
-0.000405296794014226
1.76101290280187e-05
0.000645612899326826
-4.2952830360207e-06
1.06452138042413e-05
0.000607435230846544
0.000151944630357685
1.64846065379791e-07
0.000544212165227993
8.79826915777467e-05
-6.73306867724963e-06
0.00058796692608916
-0.000184520307865191
-2.48157935605386e-05
0.000688120639282705
-0.000893778631796081
-1.01698335385517e-05
0.000590268222174686
-0.00100307103832157
2.12408817017729e-05
0.000259791299478064
-0.000597194190412364
3.57738521616038e-05
3.54865039675806e-05
-0.000118711794235884
2.93002999477294e-06
6.6641357045899e-07
-8.01397533479824e-06
-5.17675521795303e-07
1.09182321820708e-09
-8.51797339173482e-08
-1.33709580115837e-09
1.0969578110448e-13
-8.71582576077168e-11
2.65280316160202e-12
-1.54835996454827e-14
-9.12399496233451e-15
3.64291929955129e-16
2.21220611273942e-15
2.85145171363688e-16
0.00049769295293538
-5.64264923122589e-05
-0.000822735071413781
0.00045826423126727
3.2873945917818e-05
-0.000391953323036765
0.000483032385291217
2.40142825799079e-05
-4.59667980413087e-05
0.000500836015148926
1.87737721037896e-05
7.9910133350857e-05
0.000509272970345024
-7.17840282252137e-06
0.000104195121738434
0.000550983496022866
1.73472909824992e-05
-5.26077580688428e-05
0.000641450612887983
2.06121694516036e-05
-0.000403146385993582
0.000650327201620061
3.87684863936154e-05
-0.000590820019401033
0.000305120003505921
3.12664189146867e-05
-0.000395176900889583
4.42267276634297e-05
1.06094801115263e-05
-8.21089055430652e-05
8.72876932636005e-07
-4.6736656190272e-07
-5.65889709950099e-06
1.47603365001445e-09
-5.32311471648523e-10
-6.67820044950767e-08
1.75846370884664e-13
4.72395115646423e-12
-7.61765956303756e-11
-1.12843762112291e-14
2.49583340106163e-16
-8.16078975229839e-15
1.73038666728687e-16
1.16768573976689e-15
1.67954136399386e-05
0.000184254597132513
-3.05935406184695e-06
0.000268127015359844
-7.4139657449879e-05
2.80766004326196e-05
0.000484649319038283
1.64802585238008e-05
7.66854789812716e-06
0.000509386129550943
6.11245892028851e-05
5.85729572548458e-06
0.00041649072348809
-0.000115929423429969
3.97223656444525e-05
0.000485853523154986
-0.00125673882216109
8.22116386438337e-06
0.000607954948009171
-0.00261524145665849
-1.11221288385186e-05
0.000350005787730439
-0.00222193577284557
-7.83803476479014e-06
6.92060758847417e-05
-0.000809018787357848
2.39481529086045e-06
2.8090455487695e-06
-9.51792546458226e-05
6.87496442983816e-06
1.93143615678923e-08
-2.71111945249333e-06
3.31429893856794e-07
1.52256232795189e-11
-1.26293853311508e-08
1.98059934468711e-09
-5.33054503315533e-14
-6.5892842397719e-12
1.06949887314356e-12
-4.92860960377151e-14
1.33001248903142e-14
2.15067763945087e-15
1.39027244577816e-14
-1.73472347597681e-18
0.000233057207877139
4.79148332956708e-05
1.33430982344476e-05
0.00054553512089945
-0.000371335320533815
4.03968378317617e-05
0.000644731510580839
-7.37620837972848e-05
2.13254564659879e-05
0.000647012869021781
9.59993015408089e-05
-1.53624203237344e-05
0.00047956982171114
2.02872473440104e-05
-4.59740484979606e-06
0.000427490310750684
-0.000615226974764545
2.78618004776707e-06
0.000610395481128411
-0.00174832888334941
-2.32174436211601e-06
0.000544826511022979
-0.00159935156774719
-3.8065286542719e-05
0.000212085655053789
-0.000819858489958839
-3.61910161555184e-05
1.31419128945797e-05
-0.000134233442361168
-5.62342524929114e-07
1.12780774478411e-07
-5.60044938566011e-06
3.94987017825839e-07
1.06820155693944e-10
-3.52665938385937e-08
1.4780859762596e-09
-3.28221607878709e-14
-2.38763952185861e-11
-5.34477952347789e-13
-3.63070034106738e-14
-5.15212872365112e-16
4.12267876087613e-16
4.60157086046298e-15
4.01154803819637e-18
0.000399275997024129
-0.000393534566444491
4.52739042197116e-05
0.000584560176586407
-0.000452824863168001
-1.76098267203447e-05
0.000647343254733105
-6.60056748005303e-05
-1.0644898990628e-05
0.000633997370215935
9.45916033640642e-05
-1.65636181420636e-07
0.00056449115818601
7.61916429017259e-05
6.73297663614884e-06
0.000539165072090818
-0.000232449337043987
2.48155292551828e-05
0.000699628223996579
-0.000910140933486001
1.01692611071495e-05
0.000763516652469252
-0.00100039591473487
-2.12396381506022e-05
0.000337999362874141
-0.00068983806363252
-3.57737009776946e-05
2.87561803104092e-05
-0.000141632590658089
-2.93016005551062e-06
2.98729089442712e-07
-7.6166655047095e-06
5.17680057240022e-07
3.26925012560618e-10
-5.96878572554829e-08
1.33724244270059e-09
8.47325681840871e-15
-4.79117216820729e-11
-2.65257954490394e-12
-1.74555465567994e-14
-4.67074295906755e-15
-3.59413020178945e-16
1.63931368479808e-15
-2.99077169280126e-16
0.000335812151001683
5.64266649928165e-05
-0.000728751451294594
0.000325200411025387
-3.28737373485097e-05
-0.000345038426173618
0.000448216661994079
-2.40140097880258e-05
-0.00010776892166289
0.000525641191519635
-1.87734562283783e-05
4.73065747353351e-05
0.000537007448482201
7.17838379639884e-06
7.39218905547154e-05
0.000608947896656791
-1.73474807772423e-05
-2.70600885252045e-05
0.000746348613981869
-2.06129608156433e-05
-0.000243865112572858
0.000780162988732535
-3.87686943949617e-05
-0.000438428389078178
0.000364514805669475
-3.12663030701158e-05
-0.000364758065910789
4.15429558985707e-05
-1.06094136942284e-05
-9.95360200332372e-05
5.3874356897675e-07
4.67371142420434e-07
-6.69087146033364e-06
6.86080350517648e-10
5.32493374698004e-10
-6.70989051446786e-08
6.83019721510469e-14
-4.72370417520934e-12
-6.51034457463742e-11
-1.04369637932145e-14
-2.58690638355041e-16
-7.04319415290033e-15
-1.87838026383114e-16
7.96238075473354e-16
0.000218499788465729
2.24533231870695e-06
3.0593924045189e-06
0.000458477977839943
-0.000248969924651156
-2.80764780359014e-05
0.000640364563233556
-7.29502774938261e-05
-7.66894645555277e-06
0.000651625195599053
0.000151656420754356
-5.85718780507413e-06
0.000569719471889313
-8.33945404318812e-05
-3.97222881153724e-05
0.000563043804433817
-0.00118678025466112
-8.22132425597584e-06
0.000618968298852795
-0.00226195896948664
1.11222452291323e-05
0.000403453899333256
-0.00184353952698627
7.83839430038707e-06
0.000105141770443318
-0.000720572869683245
-2.39453053668345e-06
8.00705852492273e-06
-0.000112492235762652
-6.87491049308682e-06
1.05338513704074e-07
-5.35421594778976e-06
-3.3143047996917e-07
1.33899196201256e-10
-4.28474769089728e-08
-1.9806001683555e-09
-4.06244048817284e-14
-3.4468250736247e-11
-1.06949719263019e-12
-4.72174382926127e-14
1.42030484595601e-14
-2.12454836709397e-15
1.29076437038744e-14
4.82469966756049e-18
0.000389465795628825
-0.000217328703464987
-1.33426705963445e-05
0.000657284111675769
-0.000328676380273314
-4.03965622625791e-05
0.000701851252678471
-3.52374600678612e-05
-2.13252647136753e-05
0.000650441189660584
0.000155916099777233
1.5362446380026e-05
0.000506626090303132
5.59519390565429e-05
4.5974517711955e-06
0.000497797652661186
-0.000562364766795198
-2.7864943915995e-06
0.000617483044863721
-0.00169671025218605
2.32093349241492e-06
0.000404672098631696
-0.00151525584044878
3.80649729239815e-05
0.000170798849414884
-0.000669390762495072
3.61908535922839e-05
2.26991757421673e-05
-0.000122683023516938
5.62371749597535e-07
3.98775166762138e-07
-7.18904044092047e-06
-3.94989693923951e-07
5.91965345232009e-10
-6.94054303875067e-08
-1.47811541912485e-09
2.13603006810059e-14
-6.79630273500015e-11
5.3446846557878e-13
-2.87645341573439e-14
-1.74795074248113e-15
-4.09665790873648e-16
4.39383772421476e-15
-8.13151629364128e-19
0.000550461606379174
-0.000576403291226993
-4.5273090362701e-05
0.000662249744247477
-0.000405298568779788
1.76102575347759e-05
0.000645613744237881
-4.29610602274965e-06
1.06452499367449e-05
0.000607435937935501
0.000151944409013003
1.64416855036147e-07
0.000544212633045826
8.79828071080807e-05
-6.73304341113176e-06
0.000587966834647815
-0.000184520352336483
-2.48140466447144e-05
0.000688121355480186
-0.000893778384432661
-1.01691199634919e-05
0.000590271064564136
-0.00100307179101914
2.12385280448122e-05
0.000259792096851302
-0.000597195264499148
3.57734083559307e-05
3.54863103675973e-05
-0.000118711905922149
2.93045724912122e-06
6.6640632415604e-07
-8.01396399354088e-06
-5.17683673458946e-07
1.09180948364238e-09
-8.51795282786737e-08
-1.33730147084104e-09
1.09686456965796e-13
-8.7158162414766e-11
2.65256696815874e-12
-1.54794796772273e-14
-9.06566488545479e-15
3.65376132127615e-16
2.24603322052097e-15
3.00920312973352e-16
0.000497693362032963
-5.64265206434128e-05
-0.000822736751553852
0.000458264348119759
3.28740528677294e-05
-0.000391954344861908
0.000483032848221746
2.40143587237532e-05
-4.59674609421258e-05
0.00050083651321999
1.87739834489028e-05
7.9910088743316e-05
0.000509273415029829
-7.17847307328678e-06
0.000104195087635858
0.000550983860343421
1.73473539158092e-05
-5.2607590870944e-05
0.000641451820590187
2.06118079936192e-05
-0.000403144918053807
0.000650328876593287
3.87680880220138e-05
-0.000590819918638001
0.000305120668120013
3.12658447274465e-05
-0.000395177871572373
4.4226595145104e-05
1.06094248767983e-05
-8.21091658728176e-05
8.72871200400572e-07
-4.67374519200301e-07
-5.65890178805565e-06
1.47602324828723e-09
-5.32576507634303e-10
-6.67819987391557e-08
1.7584295564782e-13
4.72370113944326e-12
-7.61766495152236e-11
-1.12811778148203e-14
2.67201625409053e-16
-8.11232591518829e-15
1.88054866817611e-16
1.19414027277553e-15
1.6796097330541e-05
0.00018425391886733
-3.05939305132323e-06
0.000268128815308933
-7.41413694417374e-05
2.80765078800336e-05
0.000484650399404209
1.64793672765263e-05
7.66897355905326e-06
0.000509386771077141
6.11253449567266e-05
5.85721206874549e-06
0.000416491327501218
-0.000115927200148583
3.97222957060265e-05
0.000485853750254932
-0.00125673870955335
8.22131371062149e-06
0.00060795608209508
-0.00261523325671486
-1.11222278751811e-05
0.000350007374306604
-0.00222193402845211
-7.83838143046737e-06
6.92070367175018e-05
-0.00080901942944388
2.39453249122003e-06
2.80908302023825e-06
-9.51796209615664e-05
6.87490744318556e-06
1.93143544761258e-08
-2.71112931614532e-06
3.31430382390053e-07
1.52252780695472e-11
-1.26293742573266e-08
1.98059963406067e-09
-5.33193281193611e-14
-6.58930570697491e-12
1.06949572895726e-12
-4.93029011713886e-14
1.34931128770166e-14
2.12313890426974e-15
1.39068444260371e-14
-5.85469173142172e-18
0.000233058398124587
4.79133779130551e-05
1.33426850639919e-05
0.000545536874896388
-0.000371337533080339
4.03965857068804e-05
0.00064473274295274
-7.37625817238674e-05
2.13252823118925e-05
0.000647014064069763
9.60001231143241e-05
-1.5362452965785e-05
0.000479571836034646
2.02880596234329e-05
-4.59746159800535e-06
0.000427491342008056
-0.000615228334684296
2.78646884995019e-06
0.000610394416407801
-0.00174832836392145
-2.32094984564375e-06
0.000544826146074917
-0.0015993483024841
-3.80649834063126e-05
0.000212086801448869
-0.000819857399451798
-3.61908537277073e-05
1.31420569045743e-05
-0.000134233491873439
-5.62370219237874e-07
1.12781538560134e-07
-5.60046666669696e-06
3.94989771987755e-07
1.06819773621099e-10
-3.5266659185627e-08
1.47811803817783e-09
-3.28400501237169e-14
-2.38763173728701e-11
-5.34466297174435e-13
-3.63208811984816e-14
-5.4080004363577e-16
4.07985277506295e-16
4.57793525310279e-15
0
0.000399276738092163
-0.000393536293000203
4.52731206577688e-05
0.000584560855879969
-0.000452826318882148
-1.76102335113531e-05
0.000647344548450824
-6.60062140453072e-05
-1.06452265353281e-05
0.000633998562447992
9.45909591947456e-05
-1.64486932885459e-07
0.000564493076989451
7.61915715029069e-05
6.73303595386971e-06
0.000539167732320247
-0.000232449789431396
2.48140784389264e-05
0.00069962910075342
-0.00091014099162944
1.01690938630624e-05
0.000763516539079281
-0.0010003932751363
-2.12384839207621e-05
0.000337999512392229
-0.000689836135627486
-3.57734040768771e-05
2.87563644780892e-05
-0.000141632526563638
-2.93046096206252e-06
2.98731016070515e-07
-7.61667534960393e-06
5.17683832170423e-07
3.26925139412272e-10
-5.96879415472144e-08
1.3373067491709e-09
8.47932835057463e-15
-4.79116555457404e-11
-2.65256067978614e-12
-1.74502339661542e-14
-4.73124144029224e-15
-3.65755602887985e-16
1.60635393875452e-15
-2.98643488411132e-16
0.0003358119812225
5.64265385477292e-05
-0.000728753157526311
0.000325199865040001
-3.28740341235665e-05
-0.000345038911956612
0.000448216665946791
-2.40143385852814e-05
-0.000107769422899558
0.000525642178835382
-1.87739610117712e-05
4.7305853066185e-05
0.000537008852754758
7.17847002427069e-06
7.39209612632056e-05
0.000608948990265024
-1.73473658961806e-05
-2.70602510791113e-05
0.000746348006270487
-2.06118404834769e-05
-0.000243865006123155
0.00078016240002855
-3.87681026302023e-05
-0.000438426595953792
0.000364514930323725
-3.12658438086708e-05
-0.000364756298002976
4.15431358880167e-05
-1.06094226551809e-05
-9.95356865852361e-05
5.38746106383125e-07
4.67374675918852e-07
-6.69085918679187e-06
6.86081011176242e-10
5.32583021900426e-10
-6.7098888891946e-08
6.83052247575644e-14
-4.72369279108653e-12
-6.51034337117301e-11
-1.04386443065818e-14
-2.65304271607203e-16
-7.08623697914801e-15
-1.85181731060524e-16
7.74337191589147e-16
0.000218499898136537
2.24523898576727e-06
0.00045847807015808
-0.00024897012208726
0.000640364695994027
-7.29504308745528e-05
0.000651625347689632
0.000151656362715704
0.000569719558733935
-8.33945062424758e-05
0.000563043909165252
-0.00118678014112587
0.000618968442127028
-0.00226195913225993
0.000403453908624407
-0.00184353974087493
0.000105141703669666
-0.000720572748621858
8.00705294791079e-06
-0.000112492214886627
1.05338440045113e-07
-5.35421385886308e-06
1.33899097864119e-10
-4.28474493706713e-08
-4.06257059243353e-14
-3.44682169091393e-11
-4.72188477554369e-14
1.4209553672595e-14
1.29087279060469e-14
0.000389465873234399
-0.000217328827541474
0.000657284202746455
-0.000328676535948954
0.000701851346526994
-3.52375559639048e-05
0.000650441237894312
0.000155916065230463
0.000506626164247344
5.59519664870395e-05
0.000497797679788797
-0.00056236472468307
0.000617483122560326
-0.00169671026896534
0.000404672164719537
-0.00151525592877016
0.000170798879952791
-0.000669390799024588
2.26991673594788e-05
-0.000122683018963023
3.98774917665713e-07
-7.18903943081159e-06
5.91964913177444e-10
-6.94054148315908e-08
2.13604091012232e-14
-6.7963000678628e-11
-2.87646425775612e-14
-1.75142018943308e-15
4.38473042596588e-15
0.000550461644956063
-0.000576403418333736
0.000662249820787432
-0.000405298714163714
0.00064561382736374
-4.29616353039082e-06
0.000607435992743206
0.000151944376531514
0.000544212689383082
8.79828026368427e-05
0.000587966878141038
-0.000184520335519083
0.000688121406860574
-0.000893778346024159
0.000590271178752757
-0.00100307179512397
0.000259792128349763
-0.000597195299178548
3.54863037846609e-05
-0.000118711910235449
6.66406064430964e-07
-8.01396364423263e-06
1.09180898165678e-09
-8.51795208148091e-08
1.09688408529707e-13
-8.71581580779573e-11
-1.54792628367928e-14
-9.07368798153119e-15
2.23735960314109e-15
0.00049769339101999
-0.000822736885839718
0.000458264362926546
-0.000391954430726902
0.000483032894507295
-4.59675156436663e-05
0.000500836561319706
7.9910079435219e-05
0.00050927346307385
0.000104195071040323
0.000550983908431317
-5.26075819925548e-05
0.000641451874648872
-0.00040314484198457
0.000650328941993191
-0.00059081989439096
0.000305120694271879
-0.000395177896485002
4.42265910106709e-05
-8.21091741477598e-05
8.7287100168545e-07
-5.6589019601503e-06
1.47602286648544e-09
-6.67819987545514e-08
1.75843660379232e-13
-7.6176652225729e-11
-1.12814488653634e-14
-8.12544476147536e-15
1.18644243735089e-15
0.000312890026101434
-0.000289187611668733
5.03277201990418e-05
5.03284357864216e-05
0.00018336101706713
-0.000222626514082035
7.06034855138103e-06
7.06051522049621e-06
0.000173880371063316
-6.62947272863184e-05
-1.11022938473875e-05
-1.11020915898358e-05
0.00024010230109861
-5.57449350733187e-06
-5.47601004879865e-06
-5.47584760125157e-06
0.000294268340314387
4.39544137099164e-05
-4.48564387700454e-06
-4.4858430220962e-06
0.000352449531791511
1.05828872040308e-05
9.93183096846436e-07
9.93019747710109e-07
0.000418422278910481
-5.22457227356027e-05
1.03466508019624e-05
1.03459828166124e-05
0.000422395651397231
-0.000174863278565169
1.03119074820373e-05
1.03116429997254e-05
0.000206747182978881
-0.000161592798113868
-2.67192533338022e-06
-2.67184791311308e-06
2.82080542639079e-05
-5.45511074395878e-05
-6.43402866363525e-06
-6.43396506738324e-06
4.39456412109279e-07
-4.23542715770266e-06
1.82281438180099e-07
1.82283167111876e-07
6.38098817870841e-10
-4.89756760737843e-08
3.38376932918806e-10
3.38484374968855e-10
7.65664929461979e-14
-5.41647773725021e-11
-2.37485964053874e-12
-2.37473311414521e-12
-4.91390240130174e-15
-5.75863141893951e-15
-1.01427113236019e-16
-1.05655501708712e-16
3.73073967552262e-16
-7.42136387066328e-17
-7.94178091345632e-17
0.000276766817338459
-7.19834192003574e-05
1.04551157898854e-05
1.04558566766692e-05
0.000128667037141377
-6.77296915249796e-05
-1.01617331743994e-06
-1.01604080157221e-06
0.000109786660668485
-1.97009882228725e-05
-1.18790518201913e-05
-1.18789335295312e-05
0.00013051280061149
-7.03592871608147e-06
-8.09892915755528e-06
-8.09878113136416e-06
0.000187239696213904
1.14700742109268e-05
-6.77136985824548e-06
-6.77082147774776e-06
0.000241518595524484
5.75067088389163e-06
4.65220749764565e-06
4.65211739606862e-06
0.000283273697458232
-4.87174338350513e-06
2.93912835189086e-05
2.93905813041208e-05
0.000283684589757884
-3.40065920640142e-05
1.60166026333981e-05
1.6016294248334e-05
0.00014276522333868
-4.00939040225488e-05
9.7617254834164e-06
9.76168156511479e-06
2.08034085485502e-05
-1.58240261257176e-05
-1.87232992052676e-06
-1.87228310361129e-06
3.75186058715915e-07
-1.34880566587562e-06
-1.48961219210725e-07
-1.48958655978384e-07
6.09815243644125e-10
-1.69624713790523e-08
-1.11646666597128e-09
-1.11640331891148e-09
7.94521241333224e-14
-2.02511815368227e-11
-1.68196988455105e-12
-1.68191160868428e-12
-3.07051476258757e-15
-2.19420835667616e-15
5.68121938382404e-17
5.36680075380325e-17
1.12540185503995e-16
-3.80554962542412e-17
-4.24465150528075e-17
0.000111718500201506
-6.06013078550797e-06
-6.05923947015062e-06
5.19605675719498e-05
-3.12460933586496e-06
-3.12446209067558e-06
3.90059680843766e-05
-2.69245044195019e-06
-2.69237224872575e-06
4.09904792254281e-05
-4.05149955479521e-06
-4.05133002465625e-06
6.41593335226751e-05
-3.93281370800898e-06
-3.93226547808453e-06
8.508903147752e-05
6.78800055119156e-07
6.78689469176626e-07
9.76392541931366e-05
1.05905233386265e-05
1.058971331812e-05
9.59584654112162e-05
1.23483766503316e-05
1.23476687588797e-05
5.02999455867065e-05
5.2107118956593e-06
5.21050468649763e-06
7.92471110990909e-06
-5.8809043301084e-07
-5.88101906233169e-07
1.57657079824421e-07
-1.11054664589112e-07
-1.11052610572595e-07
2.74327013186147e-10
-1.37319139999897e-09
-1.37318206312092e-09
3.68842936336773e-14
-1.43944513426864e-12
-1.43945868679579e-12
-1.04370722134317e-15
-3.04715020577051e-16
-3.05202911554669e-16
-1.46909394371786e-17
-1.80519661718836e-17
0.000391181580946912
-0.000258905909456825
-5.03277737136653e-05
0.000238974457580957
-0.000214620391436643
-7.06034896774483e-06
0.000207752399161177
-2.65126270946028e-05
1.11022801827325e-05
0.000244767508623668
3.04935110058543e-05
5.47599265573442e-06
0.000278156851649045
7.28733333073858e-05
4.48564210343389e-06
0.000323593150912266
-3.89990370032824e-06
-9.93179146463447e-07
0.000385548250869505
-0.00019876641264672
-1.03466300214101e-05
0.000381127133725426
-0.000297383892056004
-1.03118789305999e-05
0.00018289146369279
-0.000221726647292185
2.67194535844755e-06
2.74939625231279e-05
-4.91767489828933e-05
6.4340314381986e-06
5.64052251330206e-07
-3.35092675047589e-06
-1.82281398666134e-07
9.81201594800474e-10
-4.00321626885074e-08
-3.3837567231694e-10
1.24143073208446e-13
-4.56179297895348e-11
2.37485904422755e-12
-5.14275037485912e-15
-4.85581626991083e-15
1.01915004213637e-16
5.85902854011167e-16
7.29668062082744e-17
0.000317145089549094
-4.02831424567788e-05
-1.04551691871289e-05
0.000162580810413221
-5.60257984477649e-05
1.01616589191104e-06
0.000127966464137517
-1.28443569098381e-05
1.18790429919949e-05
0.000136793933886815
7.33241605779198e-06
8.09891464465354e-06
0.000180558494470116
2.54209897506353e-05
6.7713315415783e-06
0.000228674911269623
3.67699093926585e-06
-4.65220963959364e-06
0.000255225747907477
-4.61648553498672e-05
-2.93912569836871e-05
0.000250754375381835
-8.33151897247052e-05
-1.60165768257749e-05
0.000132675672763224
-6.2520841605799e-05
-9.76170239990159e-06
2.12837939207637e-05
-1.46168821015334e-05
1.87233371211397e-06
4.24915657023912e-07
-8.54193119605759e-07
1.48961226591757e-07
7.28568120072983e-10
-1.0233347816867e-08
1.11646706002456e-09
9.48829908956408e-14
-1.31745515647048e-11
1.68196945087018e-12
-3.12091661108099e-15
-1.35118695746006e-15
-5.7516925250356e-17
1.65937142498906e-16
3.63749828868887e-17
0.000119313466957832
6.06006610185772e-06
5.88475090587654e-05
3.12459693950701e-06
4.19232729186339e-05
2.692444551544e-06
4.18451413206175e-05
4.0514868113498e-06
6.33104256834892e-05
3.93277696981741e-06
8.46330376684213e-05
-6.78798104851029e-07
9.8296898549028e-05
-1.05904854680627e-05
9.82373411806576e-05
-1.23483426568249e-05
5.11051757705089e-05
-5.21069327944829e-06
7.85988886235942e-06
5.88093408195121e-07
1.56430146854323e-07
1.11054695371184e-07
2.7270555019894e-10
1.37319103500231e-09
3.66891711239478e-14
1.43944464637766e-12
-1.04081375679535e-15
3.02492406123456e-16
1.25225350922076e-17
0.000312890004635442
-0.000289187514415
5.03284377792896e-05
0.00018336101858297
-0.000222626486011698
7.06050308429975e-06
0.000173880373254547
-6.62947028514441e-05
-1.11020928499689e-05
0.000240102294285578
-5.5744603689694e-06
-5.47584131614508e-06
0.000294268312250898
4.39544737116141e-05
-4.48583229203589e-06
0.000352449505434401
1.05828973444875e-05
9.93022244421009e-07
0.000418422274550119
-5.22457639417109e-05
1.03459940569273e-05
0.000422395651686855
-0.000174863328379076
1.03116290859888e-05
0.000206747180784405
-0.000161592848077934
-2.67186794703086e-06
2.82080517911929e-05
-5.45511179647702e-05
-6.43396953396957e-06
4.39456373164032e-07
-4.23542758437308e-06
1.82283070850661e-07
6.38098817464265e-10
-4.89756776203987e-08
3.38479418592833e-10
7.65665200512522e-14
-5.41647780230234e-11
-2.37473690885281e-12
-4.91376687603018e-15
-5.76058298284998e-15
-1.08257586922678e-16
3.72206605814274e-16
-8.10983225019157e-17
0.000276766805014508
-7.19833610402108e-05
1.04558557364142e-05
0.000128667034280491
-6.77296773395075e-05
-1.01604384551166e-06
0.000109786662858252
-1.9700980284036e-05
-1.18789342236838e-05
0.000130512803716655
-7.03591443973891e-06
-8.09877867566652e-06
0.000187239680050646
1.14701122259955e-05
-6.77081719236216e-06
0.000241518588284862
5.75067372591713e-06
4.65212275201109e-06
0.000283273700329281
-4.87177777455026e-06
2.93905889644603e-05
0.00028368459107087
-3.4006624918008e-05
1.60162868027175e-05
0.00014276522199217
-4.00939283445583e-05
9.76166432954282e-06
2.08034076695196e-05
-1.58240310625881e-05
-1.87228793265974e-06
3.75186045288776e-07
-1.34880581180506e-06
-1.4895874705115e-07
6.09815251423275e-10
-1.69624713089586e-08
-1.11640589839108e-09
7.94521647909038e-14
-2.02511809405115e-11
-1.68191356024819e-12
-3.07044699995179e-15
-2.19279889385193e-15
5.13369728671886e-17
1.13461757350608e-16
-4.48317598322756e-17
0.000111718497644612
-6.05924264542815e-06
5.19605663415882e-05
-3.12446145714809e-06
3.90059686795829e-05
-2.69237310344694e-06
4.09904801229254e-05
-4.05132896950691e-06
6.41593327383519e-05
-3.93226308434362e-06
8.50890311270032e-05
6.78694806612197e-07
9.76392555296626e-05
1.05897150661926e-05
9.59584665527372e-05
1.23476672659708e-05
5.02999454679011e-05
5.21049769548428e-06
7.92471097719908e-06
-5.88103811368452e-07
1.57657079293711e-07
-1.11052698885633e-07
2.74327017339997e-10
-1.37318217007746e-09
3.68843342912588e-14
-1.43945863258568e-12
-1.0437275501339e-15
-3.05907642966785e-16
-1.91361683443692e-17
0.000391181915277682
-0.000258907284440401
-5.03277097523269e-05
0.00023897445343681
-0.000214620768519988
-7.06049117368196e-06
0.000207752388359418
-2.65129472694467e-05
1.11022750414058e-05
0.000244767744803589
3.0493341457691e-05
5.4760977746704e-06
0.000278157114509602
7.28729493417656e-05
4.48584387752386e-06
0.000323593384310558
-3.89982656845281e-06
-9.93094906778747e-07
0.00038554858244065
-0.000198765265206057
-1.03463144490415e-05
0.000381127698818482
-0.00029738333796546
-1.03123296555426e-05
0.000182891756890269
-0.000221726784933826
2.67131784009977e-06
2.7493923115695e-05
-4.91769778060558e-05
6.43389436783492e-06
5.64050126493766e-07
-3.3509358280412e-06
-1.8228437027618e-07
9.8119797969096e-10
-4.00321988172679e-08
-3.38524839345496e-10
1.2414272084274e-13
-4.56179225253803e-11
2.37474840139584e-12
-5.14117828170901e-15
-4.8278438538607e-15
1.14003858436851e-16
6.07912158112622e-16
8.26162055433954e-17
0.000317145254821534
-4.02839820923051e-05
-1.04551199449472e-05
0.000162580857023746
-5.6025924981232e-05
1.01614328712982e-06
0.000127966438069181
-1.28444823140344e-05
1.1879042331306e-05
0.000136793958096656
7.33228202838503e-06
8.09897613156499e-06
0.00018055889194401
2.54205680122216e-05
6.77147061502961e-06
0.00022867504985459
3.67714952725183e-06
-4.65210852596643e-06
0.000255225723369325
-4.61640970361272e-05
-2.93910644481365e-05
0.000250754430498695
-8.33146658977904e-05
-1.60167673322646e-05
0.000132675794775522
-6.25208750756341e-05
-9.76221726865415e-06
2.12837915430163e-05
-1.46169448538316e-05
1.8721849945449e-06
4.24915000630041e-07
-8.54196585917198e-07
1.48958258767203e-07
7.28566879569514e-10
-1.02333621454119e-08
1.11638623985413e-09
9.48825436622447e-14
-1.31745234838686e-11
1.68193773795663e-12
-3.12032029988613e-15
-1.34213386931981e-15
-4.47775497236513e-17
1.7726705520138e-16
4.62412226565068e-17
0.00011931349082204
6.06009755860064e-06
5.88475218447788e-05
3.12462057296402e-06
4.19232676151995e-05
2.69244720432903e-06
4.18451375791664e-05
4.05151687492653e-06
6.33104541573651e-05
3.93286943348406e-06
8.4633030534432e-05
-6.78712221094244e-07
9.82968428184405e-05
-1.0590484595609e-05
9.82373259796201e-05
-1.2348400853645e-05
5.11051998802162e-05
-5.21089943033497e-06
7.85989047928001e-06
5.88036215194297e-07
1.56430100370002e-07
1.11051889664616e-07
2.72705368418893e-10
1.37318462823484e-09
3.66890355986763e-14
1.43946318623481e-12
-1.04077309921388e-15
3.10623922417097e-16
1.94072188874905e-17
0.00031289027322317
-0.00028918883683245
5.03277616107062e-05
0.000183360951314137
-0.00022262683705911
7.06050382362092e-06
0.000173880291303886
-6.62950175209729e-05
-1.11022600829827e-05
0.000240102388432964
-5.57492933711145e-06
-5.476086627007e-06
0.000294268762001568
4.39534216200278e-05
-4.48585279085304e-06
0.000352449832801913
1.05826970709288e-05
9.93088503869214e-07
0.000418422222769878
-5.22451379965828e-05
1.03462824456225e-05
0.000422395517831206
-0.000174862447931871
1.03123150221392e-05
0.000206747177169401
-0.000161591636009342
-2.67131783038206e-06
2.82081177873622e-05
-5.45508154369971e-05
-6.43389267584418e-06
4.39457567250393e-07
-4.23541424526743e-06
1.82284427017792e-07
6.38099152916417e-10
-4.89756204898831e-08
3.38528535173861e-10
7.65669266270669e-14
-5.41648002491679e-11
-2.37474384774672e-12
-4.9147155529311e-15
-5.78725435629313e-15
-1.11618613657383e-16
3.56919355182228e-16
-7.99057001121817e-17
0.000276766968281272
-7.19841412872657e-05
1.04551745653436e-05
0.000128667061126668
-6.77298609094654e-05
-1.01613275007578e-06
0.000109786633988227
-1.97010908705939e-05
-1.18790327968887e-05
0.000130512754726499
-7.03611617028604e-06
-8.09896405247404e-06
0.000187239953389353
1.14694612113328e-05
-6.77143652734847e-06
0.000241518652295984
5.75060405840473e-06
4.65210536705052e-06
0.000283273566365867
-4.87110365448288e-06
2.93910302679455e-05
0.000283684513402587
-3.40059403426518e-05
1.60167489715229e-05
0.000142765230075937
-4.00933715482034e-05
9.76221142039076e-06
2.08034298002857e-05
-1.58239055475331e-05
-1.87218395738008e-06
3.75186452998151e-07
-1.34880142105991e-06
-1.48958175100623e-07
6.09815209667939e-10
-1.69624623675975e-08
-1.11638405480728e-09
7.94526933394629e-14
-2.02512048471694e-11
-1.68193573218262e-12
-3.07123304652684e-15
-2.20304460438192e-15
4.71085843944952e-17
1.08040746488181e-16
-4.33138767907959e-17
0.00011171853161738
-6.06002948962331e-06
5.19605801723381e-05
-3.12460874582468e-06
3.90059552808933e-05
-2.69244046032304e-06
4.09904692836594e-05
-4.05150515987456e-06
6.41593452106337e-05
-3.93283500442684e-06
8.50890319978255e-05
6.78704991201372e-07
9.76392128365804e-05
1.0590444996889e-05
9.59584307071159e-05
1.23483683545562e-05
5.02999458707185e-05
5.21088780444293e-06
7.924714281721e-06
-5.88037285805182e-07
1.57657090005351e-07
-1.11051832187481e-07
2.74326921442314e-10
-1.37318415714899e-09
3.68844969215847e-14
-1.43946296939437e-12
-1.04385629914189e-15
-3.07859206877259e-16
-1.72388145425195e-17
0.000391181940252278
-0.000258907395560013
0.000238974455332319
-0.000214620802851354
0.000207752390627281
-2.65129759267312e-05
0.000244767765384491
3.04933250647739e-05
0.000278157137048828
7.28729162563615e-05
0.000323593407879857
-3.89982284719058e-06
0.00038554859908152
-0.000198765206754771
0.000381127720841821
-0.000297383304315516
0.000182891768098224
-0.000221726781097692
2.74939219872387e-05
-4.91769845734184e-05
5.64050055286051e-07
-3.35093612670095e-06
9.81197847364085e-10
-4.00322002859282e-08
1.24142802157903e-13
-4.56179239348431e-11
-5.14101565138314e-15
-4.83640905102334e-15
6.01190104643212e-16
0.000317145268116943
-4.02840515606933e-05
0.000162580861263906
-5.60259364199807e-05
0.000127966437203254
-1.28444944377634e-05
0.000136793961578886
7.33227159734249e-06
0.00018055891717461
2.5420538730141e-05
0.000228675061396722
3.67716031533018e-06
0.000255225723566204
-4.61640585737938e-05
0.000250754432704673
-8.33146394936045e-05
0.000132675799310476
-6.25208717317494e-05
2.12837915748549e-05
-1.46169464053631e-05
4.2491497953083e-07
-8.54196686690429e-07
7.28566833829735e-10
-1.02333626359049e-08
9.48827062925706e-14
-1.31745233754484e-11
-3.12040161504906e-15
-1.34533226572864e-15
1.73906028466675e-16
0.00011931349272339
5.8847523206237e-05
4.19232670616008e-05
4.1845137051851e-05
6.3310456041158e-05
8.46330305914106e-05
9.82968409802868e-05
9.82373256596283e-05
5.11052009064658e-05
7.85989055076931e-06
1.56430098790089e-07
2.72705361154739e-10
3.66890152698855e-14
-1.04069856031452e-15
)
;

boundaryField
{
    inlet
    {
        type            calculated;
        value           nonuniform List<scalar> 
24
(
-6.88292870919325e-06
-6.88213382543375e-06
-6.88292242053833e-06
-6.88223098054778e-06
-6.88300115158909e-06
-6.88223835134359e-06
-0.00102144012199339
-0.000612274381332597
-0.000203779760584335
-0.00102144025342535
-0.000612274531512556
-0.000203779784072932
-0.0010214401223033
-0.000612274381583452
-0.000203779760625455
-0.00102144024501899
-0.000612274525964571
-0.000203779782888951
-0.00102144011310602
-0.000612274377095217
-0.000203779759831122
-0.00102144024478393
-0.000612274525764624
-0.000203779782852278
)
;
    }
    outlet
    {
        type            calculated;
        value           nonuniform List<scalar> 
156
(
-2.14146728531781e-05
-7.27390956742984e-05
-0.000180423532928668
-0.000188521046074911
0.000380860230218311
0.00234789478787007
0.00278969017099806
0.00215900828688615
0.000767055722004735
8.77788012649907e-05
2.29311594217513e-06
9.8654110518813e-09
4.55683060729406e-12
-1.80593387466566e-14
-9.58217880042689e-15
-4.70178117206481e-05
0.000240026475920587
2.73507758638434e-05
2.45514349324302e-05
0.000517967566288605
0.00220870988803985
0.00253489733309164
0.00190639605238316
0.000791348314465765
0.000128781558120101
5.08327725974459e-06
3.17156935375831e-08
1.95095896902975e-11
-1.71889412425852e-14
-9.58694928998582e-15
-2.14146781538733e-05
-7.27391155964565e-05
-0.000180423528582583
-0.000188521054192697
0.000380860239696966
0.00234789483507285
0.00278969015228812
0.00215900819011255
0.000767055634316374
8.77787879305339e-05
2.29311592087706e-06
9.86541396361465e-09
4.55684188299665e-12
-1.80576040231806e-14
-9.58087775781991e-15
-4.70179105189449e-05
0.000240027656104646
2.73518842551627e-05
2.45523888482647e-05
0.000517968919212569
0.002208711893704
0.00253490045258292
0.00190639779229816
0.000791345963953418
0.000128780447431715
5.08321366854848e-06
3.17151783134351e-08
1.95091338917042e-11
-1.7205854796476e-14
-9.58694928998582e-15
-2.14146802107651e-05
-7.27390191268443e-05
-0.000180423643668625
-0.000188521794525931
0.000380857517792257
0.00234789330367948
0.00278968928475102
0.0021590097929844
0.000767057896875875
8.77791917685278e-05
2.29311857062901e-06
9.86534261530544e-09
4.55684925557143e-12
-1.80467620014557e-14
-9.57914303434393e-15
-4.70179253626605e-05
0.000240027947832933
2.73520985865478e-05
2.455254753703e-05
0.000517969073203515
0.00220871196661161
0.00253490059762779
0.00190639787812621
0.000791345887381623
0.000128780408343416
5.0832113667014e-06
3.17151594760728e-08
1.95091156771077e-11
-1.7205854796476e-14
-9.58781665172381e-15
-1.77689894048649e-15
-5.55111512312578e-17
-3.63207727782644e-17
-7.86046575051991e-18
-1.84314369322536e-18
-4.87890977618477e-19
-6.09863722023096e-20
-1.77516421701052e-15
-4.52112305926455e-17
-4.1958624075189e-17
-1.66425033476525e-17
-4.85180472187263e-18
-1.42301535138722e-18
-1.21972744404619e-19
-1.77635683940025e-15
-5.52943107967607e-17
-3.61039323437673e-17
-7.75204553327136e-18
-1.84314369322536e-18
-5.01443504774546e-19
-6.09863722023096e-20
-1.77787472244173e-15
-4.52112305926455e-17
-4.27175655959289e-17
-1.72388145425195e-17
-5.12285526499401e-18
-1.54498809579184e-18
-1.42301535138722e-19
-1.77169477005856e-15
-5.51858905795122e-17
-3.57786716920216e-17
-7.42678488152571e-18
-1.70761842166467e-18
-4.20128341838133e-19
-6.09863722023096e-20
-1.77819998309348e-15
-4.48859699408999e-17
-4.25007251614318e-17
-1.71846044338952e-17
-5.01443504774546e-18
-1.50433051432364e-18
-1.42301535138722e-19
-1.93593133960733e-05
-1.8781365704421e-07
-1.87503241670103e-05
-0.000121318954511522
-1.29078476354546e-05
-1.2191039121433e-05
-5.49765854711237e-05
-0.000136835136939622
-1.93593178838896e-05
-1.87815777396498e-07
-1.8750301351487e-05
-0.000121318941665519
-1.29078042926982e-05
-1.21911711094829e-05
-5.49768120280465e-05
-0.000136835308205751
-1.93592866746082e-05
-1.87782941771112e-07
-1.87505742761409e-05
-0.000121319117917206
-1.29077970585943e-05
-1.21911795647391e-05
-5.49768388939117e-05
-0.000136835323619618
)
;
    }
    sides
    {
        type            calculated;
        value           nonuniform List<scalar> 
84
(
0.000383314891541004
0.000339789496141978
0.000295384628044398
0.000383316019283292
0.000339789915684609
0.000295384488391403
0.000383314894365069
0.000339789504206576
0.000295384633283543
0.000383315961913104
0.000339789842904147
0.000295384436388396
0.000383314885537306
0.000339789387152133
0.000295384534336917
0.000383315956199278
0.000339789835073641
0.00029538443144911
-1.05460064902846e-06
-5.57580392264619e-07
-2.310330305908e-07
-1.05808041981151e-06
-5.51146834354465e-07
-2.37190767707449e-07
-1.05465404413451e-06
-5.57485419757763e-07
-2.31184310329536e-07
-1.0581841819316e-06
-5.5112957034057e-07
-2.37366386840725e-07
-1.05435664747621e-06
-5.58196266064602e-07
-2.29997917266752e-07
-1.0581602557379e-06
-5.51193209994663e-07
-2.37365188610734e-07
-8.81072226478566e-05
-8.81051543282493e-05
-8.81072645938116e-05
-8.81044499198962e-05
-8.810680136921e-05
-8.81044287746073e-05
-7.34343742693248e-05
-7.34536973380844e-05
-7.34346083313188e-05
-7.34529084641626e-05
-7.34333220570731e-05
-7.34529293233172e-05
-5.03750343226391e-05
-5.0387712619832e-05
-5.03752278220163e-05
-5.03866271127743e-05
-5.03734246591423e-05
-5.03865162088317e-05
-6.24302759772159e-06
-6.29667195593516e-06
-6.24321772620682e-06
-6.29541403391525e-06
-6.24123645659393e-06
-6.29526213058169e-06
-0.000167948026400674
-0.000167579325631891
-0.000167948235150851
-0.000167577861395152
-0.000167945996345432
-0.000167577659213659
-0.00241411328116981
-0.00241555990223161
-0.00241411357751356
-0.00241555677170844
-0.00241410951831565
-0.00241555643188793
-0.0016060885856392
-0.00160600243270794
-0.00160608900539069
-0.00160599702916852
-0.00160608254465669
-0.00160599657968483
0.00378525604815434
0.00378360018446736
0.0037852557376514
0.0037836057776939
0.00378525966474217
0.00378360612193368
)
;
    }
}


// ************************************************************************* //
