/*--------------------------------*- C++ -*----------------------------------*\
  =========                 |
  \\      /  F ield         | OpenFOAM: The Open Source CFD Toolbox
   \\    /   O peration     | Website:  https://openfoam.org
    \\  /    A nd           | Version:  11
     \\/     M anipulation  |
\*---------------------------------------------------------------------------*/
FoamFile
{
    format      ascii;
    class       volVectorField;
    location    "0.0000700081";
    object      U;
}
// * * * * * * * * * * * * * * * * * * * * * * * * * * * * * * * * * * * * * //

dimensions      [0 1 -1 0 0 0 0];

internalField   nonuniform List<vector> 
900
(
(-1.06209909863536 -1.83963488107095 669.967547026766)
(-0.738278327928958 -1.27879647567705 674.676825344881)
(-0.442204312012847 -0.765970679862326 677.614467779609)
(-0.523639495285474 -0.906992581350261 669.539359989153)
(-0.340333125133961 -0.589536317275793 674.500721007977)
(-0.206645233324234 -0.357961415268281 677.503392454445)
(-0.373216605440123 -0.646451119594381 668.580898198733)
(-0.295048949910017 -0.511110717583456 673.920714702422)
(-0.14289979086987 -0.247561312065841 677.160737757675)
(-2.12361329889002 -1.56427667306852e-06 669.967531028343)
(-1.47646667165611 -1.9826888403977e-06 674.676998562931)
(-0.884503117712437 -2.95876621316246e-06 677.614337885497)
(-1.0463625070078 -1.47834051779411e-06 669.539202437351)
(-0.680705404776161 -2.43971676238524e-06 674.500829867958)
(-0.413776649762199 -1.57999044995988e-06 677.503422194026)
(-0.746171873262959 -1.49762770261281e-06 668.580970974885)
(-0.59012964129445 -2.22205396715472e-06 673.920745018426)
(-0.286036059221931 -4.41585950509695e-07 677.160704476438)
(-1.06209948585746 1.83963235134266 669.96754654551)
(-0.738277800255381 1.27879274632657 674.676826867481)
(-0.442204320871348 0.765965300092981 677.614463367404)
(-0.523639603895313 0.906989732316087 669.539360118728)
(-0.340332747627066 0.58953182583395 674.500721522971)
(-0.206646653583667 0.357960614067728 677.503389061763)
(-0.373216564914349 0.646447131842292 668.580898309286)
(-0.295049145719115 0.511106529521771 673.920715226588)
(-0.142900412844029 0.247560123623981 677.160736077386)
(1.06182584498429 1.83912200729894 669.967518554848)
(0.738283528733394 1.27867628307423 674.677003746929)
(0.442296005240354 0.766016225468791 677.614347752924)
(0.523198007362282 0.906197547510883 669.539194560301)
(0.340410182180391 0.589532121639752 674.500839042736)
(0.206933245255139 0.358361415603827 677.503427799637)
(0.373097355639316 0.646215310492077 668.580963606977)
(0.295123987421902 0.511095176759673 673.920755692163)
(0.143060197663819 0.247743999248073 677.160711451828)
(2.12422121514784 -1.61882476902872e-06 669.967529508058)
(1.47666188105841 -1.44401671390117e-06 674.676806515614)
(0.884522480846905 -2.76636238375897e-06 677.61450196786)
(1.0472994383096 -1.53857706914647e-06 669.5393445254)
(0.680785125711317 -1.95848180310526e-06 674.500709885048)
(0.413361259417409 -1.69333883659613e-06 677.503418925196)
(0.74646474006294 -1.97324810495712e-06 668.580892744349)
(0.590219429096477 -2.27198444612511e-06 673.920712419013)
(0.285885112143089 -1.17628790425564e-06 677.160747496912)
(1.06182605625139 -1.83912553168248 669.967518443301)
(0.738283801831751 -1.27868080226123 674.677002854344)
(0.442295321584116 -0.766021091544514 677.614350163869)
(0.523198543148089 -0.906201464113516 669.539194188791)
(0.340410476850968 -0.589537604322282 674.500839377546)
(0.206933086417935 -0.35836441806416 677.503430034171)
(0.373097654742047 -0.646218845710075 668.58096339042)
(0.295124072888879 -0.511099894494917 673.920755569804)
(0.143060647118331 -0.247745746282331 677.160712779513)
(-0.282786459243261 -0.489820114920283 678.278706512786)
(-0.14944719819692 -0.258907039887959 677.646356430095)
(-0.0618412610005501 -0.107061366744355 674.258005148526)
(-0.131866726219483 -0.228413109129319 678.262146739857)
(-0.0615247979765726 -0.106628181626139 677.666597306977)
(-0.0290641007684777 -0.0502792812708124 674.288906897457)
(-0.099608986737359 -0.172503702887355 678.054486864474)
(-0.0472398199205704 -0.0819896280665108 677.578970411132)
(-0.0187265950201718 -0.0321279526943916 674.310070393009)
(-0.567466681713688 1.15094791756106e-05 678.278356755642)
(-0.295485613194467 -2.29352777175385e-05 677.647589185746)
(-0.126915322848197 2.501659281856e-05 674.255780292897)
(-0.265321925953607 1.03661792453805e-05 678.262570852419)
(-0.119796572471086 -2.36987036252953e-05 677.666320906336)
(-0.0624674994597117 2.48816410418696e-05 674.288230804056)
(-0.199760095200507 1.29708766283582e-05 678.054228357096)
(-0.0936863886836302 -2.81902388833923e-05 677.579816390049)
(-0.0379351738718236 3.3871678206951e-05 674.310844051251)
(-0.28279461990803 0.489848762233187 678.278696661804)
(-0.14943418583106 0.258855658331047 677.646360020306)
(-0.0618739833192159 0.10713565439243 674.257943632016)
(-0.131875320379887 0.228441706586542 678.262141975679)
(-0.0615105631326298 0.106574714071654 677.666597809044)
(-0.0291320383419585 0.0504143177168504 674.288882205939)
(-0.0996133720734721 0.172529018617563 678.054483335625)
(-0.0472361488472921 0.0819349521029736 677.578972397771)
(-0.0187334714568199 0.0321915190441082 674.310062553078)
(0.283724389228946 0.491509997058547 678.278371921542)
(0.147866431800864 0.25581616155347 677.647630507624)
(0.0633387175985071 0.11008959140833 674.255924709972)
(0.132648928428698 0.229828287889517 678.262607202779)
(0.0600296546100904 0.10366453517771 677.666326367258)
(0.0310281230237566 0.054135542551566 674.288391423845)
(0.0998180263060414 0.173003708963223 678.05422786765)
(0.0470204227937955 0.0811494169226087 677.579874451473)
(0.0186465864204959 0.0327668625101721 674.310861665392)
(0.565457095160054 7.28121202040753e-06 678.278810959479)
(0.299274693654967 -1.47393547468499e-05 677.646386792756)
(0.123086680114336 9.37787056002311e-06 674.25848355884)
(0.263602271203717 6.86239984642659e-06 678.262199205635)
(0.123432779069568 -1.47994633931923e-05 677.66666377277)
(0.0570231213620968 1.03114189967421e-05 674.289121439691)
(0.199104192643976 8.7476201774873e-06 678.054523874563)
(0.0948460139704017 -2.32092112300772e-05 677.57895708921)
(0.0367752039126448 1.91689119829356e-05 674.310042933507)
(0.283727897443838 -0.491493057596943 678.278371942949)
(0.147863392273823 -0.255857375581676 677.647618650504)
(0.0633607495093789 -0.110076492325858 674.255942791131)
(0.132651964982324 -0.229812841080752 678.262609765133)
(0.0600286495102832 -0.10371092281654 677.66631848166)
(0.0310400992044871 -0.0541033717787022 674.288412673671)
(0.0998199190351545 -0.172981283235466 678.054227788936)
(0.0470208126352273 -0.0812045773666444 677.579876471444)
(0.0186519128263669 -0.0327211780589431 674.31086778474)
(-0.0351011679011051 -0.0603083825816613 667.589953527708)
(-0.00877744605451476 -0.0147063648585659 667.610975983575)
(-0.00979741743999916 -0.0164173739139858 667.637047663247)
(-0.0687117146957013 9.81540304693591e-06 667.588242583028)
(-0.0169520413559366 7.55783225535933e-06 667.61053749356)
(-0.019045320981974 1.4838805867992e-05 667.637184025444)
(-0.0350996631010321 0.0603360837956612 667.589917921474)
(-0.00879338305922645 0.0147635896087707 667.610971959777)
(-0.00979859372837691 0.0164620508243106 667.637052766594)
(0.0340473137592008 0.0593247098582193 667.588348629167)
(0.00816358768915603 0.0144687242549075 667.610655621644)
(0.00911413701256733 0.0162377938448458 667.637235010528)
(0.0694995828188858 1.56031322487012e-05 667.590142113585)
(0.0167057680246533 1.53635158854418e-05 667.610987859438)
(0.0186869438905292 1.99697893811485e-05 667.63704124344)
(0.0340502028538921 -0.0593099304132326 667.588357747253)
(0.00816485170469941 -0.0144552996463698 667.610670712067)
(0.00911034862821252 -0.0162043270552741 667.637245433028)
(-0.00733605632337277 -0.012523986030601 663.677279077382)
(0.00410165248429349 0.00737346490263778 663.691496608201)
(-0.000180851435187366 8.99123801136181e-05 663.71486275141)
(-0.0237665037900565 2.423262156532e-05 663.67284675602)
(0.000490773446936371 3.45074182680514e-05 663.690197700123)
(-0.00293272765990615 4.89302416588013e-05 663.715545040761)
(-0.00739624110211253 0.0126222717658872 663.677222258412)
(0.00404296155354763 -0.00726343320281185 663.691472490529)
(-0.000220650705149124 6.41610676393764e-06 663.71486437277)
(0.0116321985430243 0.0205546346078385 663.673014412154)
(-0.000602342877848561 -0.000496557721239915 663.690327008022)
(0.000959466012364084 0.00247482557676372 663.715586102075)
(0.0137502874085946 -4.19958097453905e-06 663.677646988434)
(-0.00925885047921964 3.53657274796706e-06 663.69168038548)
(-0.000711133747831928 1.33941996482796e-05 663.714888880767)
(0.0116578115172826 -0.0205508284497299 663.673030094378)
(-0.000575564538344443 0.000518588323451459 663.690341489047)
(0.000991761936863415 -0.00243340795813791 663.715590110253)
(-0.000398563433719025 -0.000115730063479062 663.328900008423)
(0.00234409356739588 0.00471847614413021 663.340123893611)
(0.000459323085354447 0.00153076853969341 663.356357232093)
(-0.00628210667429775 4.19192530559459e-05 663.327131550522)
(0.000588818391520504 4.58477897757454e-05 663.339372635337)
(-0.00135787980394383 4.82640780135705e-05 663.356226819171)
(-0.000427808603381058 0.00020407053392649 663.328905955407)
(0.00232184154519968 -0.00462331900715613 663.340131465503)
(0.000445553349050093 -0.00143708516322622 663.356361366226)
(0.00253076522753766 0.00518340839162921 663.327205758894)
(-0.000943853112394359 -0.000772936427247338 663.339414332821)
(-1.92641715191372e-05 0.000881721558780167 663.356224915943)
(-0.000446887583811073 2.09131817885028e-05 663.328908992942)
(-0.00602945763375846 2.91417960410786e-05 663.3401127406)
(-0.00228839138360174 3.50992799693655e-05 663.356348949149)
(0.00254109950309678 -0.00511700318654845 663.327209790616)
(-0.000931783688305611 0.000843503764149861 663.339416148848)
(-9.62690948052958e-06 -0.000801755037381888 663.35622318103)
(0.0356258631472561 0.0624814916360905 672.566467254688)
(0.025628627792397 0.0452092592247831 672.555229276471)
(0.0121361775515072 0.0219178749742103 672.564116735466)
(0.0463907732354742 4.8404960653669e-05 672.556482400044)
(0.0321519296455709 5.03766894096797e-05 672.554978021212)
(0.0164110589182951 5.12370501955921e-05 672.562611228757)
(0.0356102409271494 -0.0623868676019448 672.566473651744)
(0.0256158163652693 -0.0451105148669315 672.55523841157)
(0.0121295862833292 -0.021817263953674 672.564121436464)
(-0.0239355198993469 -0.0405108708023062 672.556518121674)
(-0.0168377966413458 -0.0281930361417425 672.554994380292)
(-0.00898638338544257 -0.0145794528326865 672.562601113)
(-0.0727017621289544 3.57279318401642e-05 672.566435695981)
(-0.0527553114135452 3.88773697784989e-05 672.555186323128)
(-0.0258275551626776 4.47544120181773e-05 672.564104733302)
(-0.0239292245201525 0.0405972526341213 672.556521299303)
(-0.0168319400803104 0.0282836798778087 672.554993766026)
(-0.0089815623146877 0.0146736424814985 672.562596739616)
(-0.227942687773664 -0.393804482020166 689.432924517203)
(-0.147943855534781 -0.25529241915252 689.397105336143)
(-0.0737804916364076 -0.126741360514188 689.323396460383)
(-0.293900727853505 5.65572032453987e-05 689.339491070384)
(-0.172291463957376 5.69831786477039e-05 689.327600844627)
(-0.088983720215647 5.95091303068618e-05 689.319471784314)
(-0.227944832983037 0.393915034104058 689.432925362775)
(-0.147949101837203 0.255404466006816 689.397106407247)
(-0.0737811719310046 0.126860019144498 689.323397330735)
(0.146103119549011 0.254113825917431 689.339573305978)
(0.0852735853983188 0.148770776069641 689.327656387661)
(0.0436052223323665 0.0766151591550661 689.319475061195)
(0.454169693918578 5.37926756190104e-05 689.432997886095)
(0.294203135473831 5.15277058320853e-05 689.397148775243)
(0.145810731217981 5.81006236391797e-05 689.323416328175)
(0.146105441697948 -0.254004636468381 689.339578857084)
(0.0852725005938898 -0.148654871181274 689.327659187192)
(0.0436044019614051 -0.0764956534641532 689.319470548767)
(0.674610756979683 1.17007191438437 715.987914798922)
(0.390411889113538 0.677790338266559 716.18397152077)
(0.189799388633915 0.33031076670892 716.058626658736)
(0.672495192638108 5.87949793269434e-05 715.80997832261)
(0.301393412960429 5.86303131416147e-05 716.046489372363)
(0.22134846240952 6.34925156713523e-05 716.101093934358)
(0.674618718470232 -1.16995046166156 715.987910386833)
(0.390413621578765 -0.677669998579233 716.183966487094)
(0.189802896898397 -0.330177599741481 716.058624618226)
(-0.337502352973702 -0.583061412960574 715.809965652259)
(-0.151948360219896 -0.261676919030889 716.046492330381)
(-0.111957952398245 -0.192376888544461 716.101118678513)
(-1.35181331959249 6.82630623915548e-05 715.987958318499)
(-0.783393477865313 6.24785139741946e-05 716.184011908524)
(-0.382185858259507 6.93311371299438e-05 716.058647267314)
(-0.337508780308475 0.583190756978635 715.809971434592)
(-0.151956176349727 0.261808332275781 716.046496807973)
(-0.111965126333546 0.192515900259176 716.101119331623)
(-0.092351907176379 -0.158083318251201 751.782775163981)
(-0.189162768216776 -0.325781935091097 751.761179276764)
(-0.118795295795651 -0.203900580372193 751.446485106281)
(-0.224855888050097 5.93478221691464e-05 751.810181457822)
(-0.280138492660601 5.93693198466496e-05 751.672465877803)
(-0.192098368380919 6.19151405412476e-05 751.394987715569)
(-0.0923475772376253 0.158205791429582 751.782774665383)
(-0.189159761386901 0.325904082202823 751.761177477126)
(-0.118793429390041 0.204028663533231 751.446485154197)
(0.110927741021988 0.193892618949454 751.810164651595)
(0.138572027030978 0.241777625768575 751.672464364864)
(0.094530142153722 0.165528866825011 751.395011719639)
(0.181661841517998 6.58105215645702e-05 751.782796374153)
(0.375293251868718 6.43919950042631e-05 751.761209868816)
(0.234517419632253 6.59873848417291e-05 751.446502119343)
(0.110922903479866 -0.193764984324649 751.810162648797)
(0.138567259845516 -0.241650020774991 751.672462679004)
(0.0945258435189288 -0.165397301503105 751.395011887069)
(0.565261161612739 0.980892281440617 815.151154386909)
(0.784317563221425 1.36029279936765 814.002637583043)
(0.481004404588267 0.834928503039707 811.983573543044)
(0.879827187483314 6.10332346750402e-05 814.717816381554)
(1.04585418274082 6.13548272618216e-05 813.482410904066)
(0.573130245550683 6.32600678455697e-05 811.883565997947)
(0.565263984600201 -0.980766451885139 815.151154097913)
(0.784319448479826 -1.3601663620162 814.00263784727)
(0.481005206999709 -0.834799085347998 811.983576571148)
(-0.441409311418761 -0.762788857698596 814.717839011905)
(-0.524411651458379 -0.906551281182339 813.482433112669)
(-0.288049113019355 -0.49714492930943 811.883608712544)
(-1.13354088541281 6.59676204256533e-05 815.15119608902)
(-1.57164443439985 6.53818497585856e-05 814.00267236792)
(-0.965006695991177 6.57047329502802e-05 811.983586474949)
(-0.441413235424042 0.762918245215454 814.717838716324)
(-0.52441527693914 0.906680713787858 813.482431911689)
(-0.28805118331181 0.497275355645119 811.883608303442)
(-1.1338014527131 -1.96384152902993 655.153006734132)
(-0.518533266875679 -0.898165680301413 654.523457725722)
(-0.35417126904762 -0.613481893169806 653.524833056342)
(-2.26737503108435 -1.32298709457977e-06 655.153090752052)
(-1.03686852285057 -1.30157788507691e-06 654.523617732057)
(-0.708342881264369 -1.38530395137925e-06 653.524908321357)
(-1.13380162461481 1.96383903510898 655.153006938367)
(-0.518533379430755 0.898163054203327 654.523457999328)
(-0.354171303599911 0.613479027162082 653.52483319033)
(1.1337186318082 1.96362370080583 655.153085304853)
(0.51846565779675 0.897975534984266 654.523611739044)
(0.354203152866467 0.613461594150289 653.524904485341)
(2.2676609483831 -1.43253802645286e-06 655.153000948692)
(1.03712675090426 -1.45041513067399e-06 654.52345310953)
(0.708406666333902 -1.49291359185947e-06 653.524830602491)
(1.13371867046629 -1.96362648633897 655.153085148382)
(0.518465808108751 -0.89797847760462 654.523611519271)
(0.354203225545163 -0.613464550392818 653.524904364757)
(-20.1450769117075 -34.8924139992789 23.755776439401)
(-8.82271729091036 -15.28148984857 55.4307652439411)
(-22.264219514012 -38.563079270922 132.617083021303)
(-21.2076154960175 -36.733006898865 173.948467522573)
(34.3280122950337 59.4576944261074 179.941895469818)
(132.361825156906 229.257415989294 134.250456844804)
(126.197372784164 218.580400350318 116.443220229501)
(89.9056220417547 155.721306944239 71.7577357632418)
(31.9200346078918 55.2873014296327 32.305756867903)
(3.67804221522028 6.37057853253583 4.46202057356091)
(0.0981529503150524 0.170006633512012 0.134567271620023)
(0.000433350812067152 0.000750589916038528 0.000654027064364772)
(2.11614489109818e-07 3.66524323594513e-07 3.95328791675693e-07)
(-2.28786135395461e-09 -3.96175127304431e-09 -1.04647438295459e-08)
(-1.49886493088493e-09 -2.60076279925718e-09 -5.00750347217813e-09)
(-1.9193076411134 -3.32454976660347 37.9584741751167)
(35.1002474184601 60.7955162462546 321.179761829252)
(19.4729000490696 33.7278990366081 458.092630545183)
(-3.02531563689057 -5.24008199270489 468.289245876485)
(12.9013218894423 22.3452916364238 369.242214706487)
(102.747462632754 177.963597944494 219.048720849243)
(113.228802904679 196.118069138403 186.996536878263)
(73.6784280058432 127.61486815012 124.283440260548)
(34.6585515438498 60.0304626437243 64.022899244822)
(6.10251953282736 10.5699111547119 13.9484199621385)
(0.24836810044789 0.430188345181942 0.587958073909168)
(0.0015371724870264 0.00266248022047398 0.00375585443400855)
(1.03513436526479e-06 1.79291752933798e-06 2.8070443835267e-06)
(1.11553713417052e-10 1.91295143714742e-10 -8.72454719498041e-09)
(-2.37581062682527e-10 -4.14206376837809e-10 -4.31327620320529e-09)
(65.7504088207335 113.883051676684 282.240818463316)
(148.773816063271 257.68424350644 980.598781313664)
(10.6545125358737 18.454926717392 1005.15657958964)
(-37.2169955035239 -64.4623683791895 892.502428173004)
(-18.7049244803379 -32.3981090514613 796.365473724931)
(78.3832671910261 135.763735451608 506.043660738848)
(114.324234764156 198.015132725982 316.255662041826)
(69.2212085348621 119.89472081151 199.963219147997)
(37.8258570608328 65.5164078275714 107.093056174572)
(8.55431734977968 14.8165636669106 30.4289138412222)
(0.473430104994584 0.820008875369854 1.64405297979898)
(0.003643459817132 0.00631069456091665 0.0126440436904731)
(2.92616689140256e-06 5.06830088394923e-06 1.09257290999544e-05)
(1.27436054324551e-10 2.14189964688839e-10 -4.55577341395575e-09)
(-1.98686336749355e-10 -3.48368622567549e-10 -3.68677448096294e-09)
(440.326889027633 762.668804085109 1080.32439209585)
(423.602152827416 733.701042690701 1443.85880837363)
(135.035738788146 233.889963123799 1501.58377540722)
(-42.0517488273645 -72.8352856363018 1377.27898894358)
(-37.5611575971208 -65.0578239882617 1277.33622877275)
(34.3435053100936 59.4843175164403 855.115997114786)
(70.0602119956627 121.347305967428 492.199491607477)
(54.746092596097 94.823088455069 293.461834807515)
(34.7581892462172 60.2030859731189 157.147277230149)
(10.0895667683226 17.475698515644 49.9260477445607)
(0.721259269370996 1.24926317130657 3.4060762009352)
(0.00676111139486023 0.011710640994941 0.0314262368301033)
(6.26018390937258e-06 1.08429947471043e-05 3.11043771798009e-05)
(6.96904097497795e-10 1.19460709590564e-09 2.11950938221242e-09)
(-1.00325822180359e-10 -1.80870844922197e-10 -3.43183311438778e-09)
(-24.1180911669699 4.81994217673403e-07 29.9308177262592)
(49.7125148106693 3.65339351995105e-06 133.02561959598)
(7.51130295678452 -5.85283927185306e-06 223.252608644736)
(6.13822943845158 2.38271089361576e-06 257.911313699445)
(89.8133377215241 1.0143774059297e-07 203.049060942148)
(240.180869449266 -2.34632143493531e-06 147.219187235317)
(222.176239756082 1.59634287603184e-06 114.066523085148)
(159.484263463891 2.56552149825488e-06 76.3138305716115)
(66.9923482190642 1.5196942492202e-06 39.4479473690478)
(11.0641176908525 5.25309963776911e-08 8.00671675458993)
(0.455850014251957 -2.85776519590804e-10 0.416000478010758)
(0.00300401113804066 1.13802483407595e-12 0.00334791241485856)
(1.99629893790508e-06 -2.52142657600008e-13 2.86783574245722e-06)
(-4.48376660093865e-09 -6.86619886011409e-13 -9.67871838389896e-09)
(-2.99967669891914e-09 -5.46546314180241e-13 -5.00931212103062e-09)
(35.574261204063 1.03904382823919e-05 78.0294928840069)
(129.403944017924 1.30399617399502e-05 348.562272374002)
(63.1736463110584 3.19032446105075e-06 459.435383131992)
(-35.0464124695338 -1.05194520160478e-06 414.717269602019)
(-4.532225994221 -8.80689997113239e-06 313.359171474244)
(166.726723554391 -1.36533991033737e-05 234.15864597525)
(207.392505257938 -6.35155459093351e-06 185.962418612231)
(130.049566566884 -1.9464262382174e-06 109.910453966384)
(55.4051790435757 -1.02894915149467e-06 54.8311917084138)
(11.2581859098774 1.92052658397525e-07 15.8800506755178)
(0.66244189227105 -1.12211927667142e-09 1.19939486982311)
(0.00596847904453264 -8.54393499267341e-12 0.0129107922808954)
(5.22241032767563e-06 -1.10947170614669e-13 1.34685589182184e-05)
(5.26475538260999e-10 -9.1048609793271e-13 -6.00498388971606e-09)
(-4.25004880482304e-10 -5.83554979112757e-13 -4.28748975104992e-09)
(204.355346598148 5.25506730940168e-05 375.395777073754)
(148.831428846103 4.31248594824584e-05 835.86937825335)
(-18.4141834688436 2.69806949518421e-05 799.096113241239)
(-67.2653048921171 4.67394447510401e-05 750.972250102799)
(-33.7340756331944 -8.267930443065e-07 664.844014975011)
(127.265808480119 -3.63643909582118e-05 505.2787730644)
(248.716875166576 -9.16658909645381e-06 320.940375348255)
(153.107873924658 -4.10467671932857e-06 178.326274311814)
(72.8353245047577 -2.11501406471571e-06 91.2702397099472)
(15.1509095166768 6.04525715577412e-08 29.9221224978631)
(0.952847010932702 -3.83529662776465e-09 2.44539567853894)
(0.0090365499025816 -3.38689434592e-11 0.0286969558225666)
(8.5434057144955e-06 -3.03192824245773e-14 3.28441953061166e-05)
(4.82856213221814e-10 -5.59978896057099e-13 7.51064096798274e-10)
(-4.32129905757555e-10 -5.42651389004587e-13 -3.6408653705455e-09)
(639.56228218235 2.28564987134728e-05 1023.93829348838)
(535.429945060183 3.80654879528441e-05 1281.70279720947)
(53.5327326978243 4.57228113346599e-05 1211.19629212483)
(-150.309628702111 3.96671840661711e-05 1192.95803142941)
(-114.679852275726 2.79420391989796e-05 1139.30365094277)
(62.956046467922 4.950014077562e-06 799.906991617765)
(174.812559157868 -1.42999902823754e-05 490.088287301627)
(128.473101473363 -7.68931511696673e-06 275.218142190975)
(72.8286259603512 -4.18422282012604e-06 142.997774171082)
(17.1975571364249 -6.66538232678001e-07 47.6830373708468)
(1.16511479245496 -1.4538497086863e-08 4.15090542951735)
(0.0115921977088244 -8.36948486874947e-11 0.0513537109219161)
(1.14024144437116e-05 -5.61531459888895e-14 6.14528800034909e-05)
(1.25806516249676e-09 -6.1397003997848e-13 9.10194787095988e-09)
(-3.07948134269051e-10 -3.06237010026478e-13 -3.3651148056846e-09)
(-20.1450869581419 34.8924223862382 23.7557845909885)
(-8.82273095627559 15.2815040302463 55.4307305935527)
(-22.2642355678554 38.5630904906455 132.617034806956)
(-21.2076305790858 36.7330109681498 173.948411851566)
(34.328002673106 -59.4576886238634 179.941839432178)
(132.361816487745 -229.25740216593 134.250436728968)
(126.19737155547 -218.580395287003 116.443207576909)
(89.905619573942 -155.721297129441 71.7577243955786)
(31.9200326837523 -55.2872925560933 32.305748384056)
(3.6780418756019 -6.37057721115842 4.46201890035241)
(0.0981529584844708 -0.170006622836066 0.134567255145315)
(0.00043335100852143 -0.000750590107840265 0.000654027321611757)
(2.11614580026658e-07 -3.66525463160182e-07 3.95329558419618e-07)
(-2.28781250958011e-09 3.96091860054927e-09 -1.04638956397396e-08)
(-1.49874048634668e-09 2.60019349558685e-09 -5.00704305652789e-09)
(-1.91932669704533 3.3245606065289 37.9584541185598)
(35.1002457770793 -60.7955148362195 321.179635103134)
(19.4728976047131 -33.7279035815709 458.092482436946)
(-3.02531265908826 5.2400810946672 468.289113738292)
(12.9013167870009 -22.3453005059401 369.242101263716)
(102.747455848784 -177.963599251151 219.048662014191)
(113.228810909998 -196.118085281182 186.996528632318)
(73.6784362066773 -127.614880323723 124.283438160616)
(34.6585534664433 -60.0304631712824 64.0228938491159)
(6.10251974521781 -10.5699102975655 13.9484168429789)
(0.248368109676918 -0.430188287294708 0.587957944140794)
(0.00153717282301499 -0.00266248013344847 0.00375585441945812)
(1.03513356358412e-06 -1.79291663026508e-06 2.8070463312927e-06)
(1.11614202583461e-10 -1.92084167074142e-10 -8.72388814020139e-09)
(-2.3712773791039e-10 4.1312847210849e-10 -4.31298911746872e-09)
(65.750347232546 -113.882964873207 282.240724347944)
(148.773742846697 -257.684087937388 980.598590254133)
(10.6545211186421 -18.4548836474161 1005.156330416)
(-37.2170072473474 64.4623369257688 892.502250854703)
(-18.7049239315177 32.3980900293859 796.36530673499)
(78.3832611914721 -135.763719626818 506.043533141154)
(114.324217789734 -198.015116479494 316.255633890012)
(69.2212106456026 -119.894723862959 199.963216132244)
(37.8258605660545 -65.5164108867472 107.093053391308)
(8.55431830161968 -14.8165636693629 30.4289103701965)
(0.473430147649344 -0.82000881880617 1.6440526877562)
(0.00364346040920654 -0.00631069429788496 0.0126440427694644)
(2.92616729198798e-06 -5.06830091567847e-06 1.09257308809429e-05)
(1.28077008712689e-10 -2.14752465138413e-10 -4.55532268488124e-09)
(-1.97827957479855e-10 3.47484477407232e-10 -3.68645062773459e-09)
(440.326842429585 -762.66869624579 1080.32433460694)
(423.602065032161 -733.700839354299 1443.85868613106)
(135.035697063522 -233.889804093201 1501.58359281809)
(-42.0517706606711 72.8353687383439 1377.2788669316)
(-37.5611619090724 65.0578356014558 1277.33606590728)
(34.3435012352121 -59.4843302378839 855.115908321509)
(70.0602094131438 -121.347329848265 492.199477873411)
(54.7461022111125 -94.823105813915 293.461837375631)
(34.7581955216307 -60.2030933812068 157.147274786031)
(10.089568268257 -17.4756993883937 49.9260444443088)
(0.721259373655331 -1.24926317299997 3.40607576632614)
(0.00676111232260532 -0.0117106407786233 0.0314262347584826)
(6.26018474597155e-06 -1.08429943524739e-05 3.11043789831868e-05)
(6.98338017944464e-10 -1.19415504073876e-09 2.11962331129733e-09)
(-9.96148634315693e-11 1.80809699489127e-10 -3.43154006533079e-09)
(12.0589789130529 20.8868766358435 29.9308810666029)
(-24.8564638430456 -43.0525213300968 133.026084852726)
(-3.75560744921985 -6.50536519912963 223.253506499108)
(-3.06929706008714 -5.31605648381095 257.91192116068)
(-44.9068287341474 -77.7807522262876 203.049098418786)
(-120.090527700462 -208.00294591958 147.219204933018)
(-111.088384103897 -192.410631573106 114.066864536694)
(-79.7422779363813 -138.117533474829 76.3137997525216)
(-33.4960861895047 -58.0168377822414 39.4475763850412)
(-5.53200695188423 -9.58171429809558 8.00659422054324)
(-0.227921964802303 -0.394772464374184 0.41599338264322)
(-0.00150198043371763 -0.00260150657813273 0.00334785036908162)
(-9.98127305167841e-07 -1.7288058678455e-06 2.86777509343219e-06)
(2.24241174074882e-09 3.89184113347477e-09 -9.68267773406489e-09)
(1.4998949243066e-09 2.60089667450224e-09 -5.00793139275506e-09)
(-17.7874648657095 -30.8083006874305 78.0296155098399)
(-64.7024147339259 -112.06748662345 348.563221608541)
(-31.5871322798861 -54.7102251451138 459.436595405233)
(17.5231119966797 30.3511348384147 414.718093654858)
(2.26618051882448 3.92512686995238 313.359062077848)
(-83.3630449130627 -144.389416901422 234.158320891159)
(-103.696206277531 -179.607339613078 185.962739257471)
(-65.0248385105414 -112.626399026668 109.910758265449)
(-27.7026413217306 -47.9824324308021 54.8312755275192)
(-5.62909965125318 -9.74987598350724 15.8799892167185)
(-0.331219188897392 -0.573688576766963 1.19938175818691)
(-0.00298420973900479 -0.00516880403908131 0.0129105888115608)
(-2.61117423862064e-06 -4.52268501172125e-06 1.34683074868012e-05)
(-2.67430136559787e-10 -4.58720822386972e-10 -6.0081093144633e-09)
(2.11051072228781e-10 3.69406944829425e-10 -4.28538560383891e-09)
(-102.17869870355 -176.976904866207 375.395832386189)
(-74.416700045538 -128.892469900705 835.871028940899)
(9.20655235318551 15.9469956094122 799.097730625934)
(33.6320058144137 58.253804330044 750.973482965208)
(16.866950384029 29.2147854750906 664.844163623413)
(-63.6324800354015 -110.215610007994 505.278676918044)
(-124.358249099112 -215.395047079265 320.940530125794)
(-76.5538410071394 -132.595291593794 178.326784025613)
(-36.4176216768288 -63.0772694046518 91.2705215239325)
(-7.57545634355633 -13.1210717677469 29.9220860091541)
(-0.476422907431906 -0.825188975674192 2.44537938010316)
(-0.00451826652111093 -0.00782587037496835 0.0286966733945715)
(-4.27170036546466e-06 -7.3987997803301e-06 3.28438254589754e-05)
(-2.42142507472988e-10 -4.16445970341845e-10 7.48777697358266e-10)
(2.16268891001701e-10 3.77841438918102e-10 -3.64079657247132e-09)
(-319.781281781844 -553.877093874887 1023.93763969177)
(-267.716429157042 -463.697668314304 1281.70456162695)
(-26.7675007059844 -46.3615596539885 1211.19832425024)
(75.1540417584567 130.172072892564 1192.95898377851)
(57.339302026976 99.3158346673176 1139.30406660513)
(-31.4781460234649 -54.5214128094036 799.907181943257)
(-87.4057763727019 -151.391807690941 490.08811202308)
(-64.2363782917329 -111.261000107691 275.218531881774)
(-36.4142835516575 -63.0715916551753 142.997982081267)
(-8.59878500063225 -14.8935682604482 47.6830297974127)
(-0.582558078820611 -1.00902110852908 4.15089001019267)
(-0.00579610833545003 -0.0100391609252249 0.0513534276962783)
(-5.70122963119911e-06 -9.87481632134284e-06 6.1452533760254e-05)
(-6.26338964951877e-10 -1.08122121855452e-09 9.10209123959826e-09)
(1.55169814884003e-10 2.7245500520809e-10 -3.36486594874625e-09)
(40.2901726957417 -4.50588946321801e-06 23.7557472768155)
(17.6453586155525 -4.74476216711308e-06 55.4312110665821)
(44.5286243760375 -8.29337045831057e-06 132.617467717769)
(42.4157368325392 -1.1027375190081e-05 173.948708066791)
(-68.6556675159991 -5.42988819695079e-06 179.94256890665)
(-264.723885654812 -5.95059905408146e-07 134.250661399917)
(-252.394805498459 1.46768065878511e-06 116.443389820588)
(-179.811574777589 2.77021205259481e-06 71.7579578772588)
(-63.8404437870929 2.77040600381577e-06 32.3059738066167)
(-7.35614283026598 3.66569902508196e-07 4.46207040366849)
(-0.196306887743485 1.24129042107747e-08 0.134567981434862)
(-0.000866699256605467 7.4312641875933e-11 0.000654021453214594)
(-4.23225802868196e-07 -4.42960520741194e-13 3.95318213312993e-07)
(4.57019784975456e-09 -3.73576330764048e-13 -1.04602609468922e-08)
(2.99635440118273e-09 -2.51284179055224e-13 -5.00806218779286e-09)
(3.83852401813552 -1.1077242786802e-05 37.9587316016177)
(-70.2007181467553 -6.8880218260784e-07 321.181115883547)
(-38.9456331653061 -4.37260811699368e-06 458.093988158448)
(6.05089298586775 2.13557154593777e-06 468.290488470376)
(-25.8021311845575 -8.84429942107625e-06 369.24408126335)
(-205.49499684936 -6.52302938456013e-06 219.04970335912)
(-226.457096622456 -1.13792227134736e-06 186.99654877512)
(-147.35648121398 1.01543390146583e-06 124.283385690091)
(-69.3171072852217 1.40124143472587e-06 64.0230143021412)
(-12.2050859442917 6.12507377183309e-07 13.9485052999185)
(-0.496739489008558 3.69361543566991e-08 0.587962115088406)
(-0.00307436165590885 3.34569673732146e-10 0.0037558602415366)
(-2.07026409339131e-06 -1.83150254777883e-13 2.80702786514215e-06)
(-2.16891009674766e-10 -3.25362586270703e-13 -8.72052842788923e-09)
(4.7591482638231e-10 -1.99273593907587e-13 -4.31439867205155e-09)
(-131.502079974958 -9.8823303249844e-06 282.242064038951)
(-297.550025732966 1.45052820358619e-05 980.601022565697)
(-21.3100787143791 2.90458547694884e-05 1005.15929747841)
(74.4350249821278 -2.58568399446854e-05 892.504383441433)
(37.4102580067538 -9.00488494000535e-06 796.367941571043)
(-156.767045676939 2.74012080442181e-06 506.045592641306)
(-228.64879445101 -6.5742907619322e-06 316.256007060045)
(-138.442342479847 3.02570492924231e-07 199.96314315029)
(-75.6516617903725 1.5060632176899e-06 107.093080977989)
(-17.108661700419 8.23089678875767e-07 30.4290045077931)
(-0.946864337070819 6.52218065141278e-08 1.64406167109398)
(-0.00728695272129603 6.44327918414898e-10 0.0126440808825803)
(-5.85234123761096e-06 3.40005118060279e-13 1.09257087045783e-05)
(-2.51727663032366e-10 3.11817390625454e-13 -4.55208953956787e-09)
(3.97412857009744e-10 2.19600102571622e-13 -3.68681438692178e-09)
(-880.655863501456 1.38249923014086e-05 1080.32532186567)
(-847.207735977542 2.58768139559311e-05 1443.86034223217)
(-270.074387388584 4.3534911522902e-05 1501.58605533782)
(84.1021131887252 2.27211352601479e-05 1377.28070146871)
(75.1220236806451 2.12008811583479e-06 1277.33865752836)
(-68.6866237073002 -9.85117451502656e-06 855.117120386564)
(-140.119711462331 -1.41712109072392e-05 492.199521990672)
(-109.491780498493 -3.51832970719535e-07 293.461615035974)
(-69.5162370937698 1.7307592700816e-06 157.147284300846)
(-20.1791351512997 8.62606897978668e-07 49.9261281181843)
(-1.44252149627 8.94658377308275e-08 3.40608855405806)
(-0.0135222613763736 9.11644499247026e-10 0.0314263104607391)
(-1.25203816510716e-05 9.02317754798207e-13 3.11043522169319e-05)
(-1.39201269346627e-09 1.42888158956005e-12 2.11887627193791e-09)
(2.0131014688897e-10 4.88278090700093e-13 -3.43229731767559e-09)
(12.0589750198232 -20.8868689193834 29.9308877633723)
(-24.8564896570442 43.0525733841449 133.026133447351)
(-3.75564205378493 6.50541344895259 223.253581792611)
(-3.06931637115877 5.31609470518634 257.91198872772)
(-44.906842389289 77.7807760861611 203.049127502866)
(-120.090538196434 208.002959408226 147.219219230227)
(-111.088393643868 192.410651289713 114.066883566279)
(-79.7422801613612 138.117542459677 76.3138024082277)
(-33.496080889077 58.0168316410283 39.44756478876)
(-5.5320050532905 9.58171111469516 8.00659000175348)
(-0.2279218561624 0.394772275632789 0.415993129165469)
(-0.00150197951888771 0.00260150499606938 0.00334784811189905)
(-9.98126714453218e-07 1.72880433966673e-06 2.86777397999763e-06)
(2.24177799657956e-09 -3.89232476506957e-09 -9.6822694634372e-09)
(1.49952727558033e-09 -2.60127083155891e-09 -5.00801113409064e-09)
(-17.787464052404 30.8083200888357 78.0296343985691)
(-64.7024262744765 112.06753276963 348.563313369667)
(-31.5871500188902 54.7102623128127 459.436706776131)
(17.5231059293282 -30.35112639967 414.718168110582)
(2.26617544390687 -3.92513567958403 313.359083957544)
(-83.3630482866639 144.389395444718 234.158328207165)
(-103.696214541124 179.607341224076 185.96275845781)
(-65.0248436150897 112.626403975233 109.910772460969)
(-27.7026448788414 47.9824365339927 54.8312795970668)
(-5.62909955658851 9.74987620364689 15.8799871265173)
(-0.331219127239804 0.57368846772854 1.19938128871483)
(-0.00298420866311157 0.00516880215868093 0.0129105814437697)
(-2.61117268531036e-06 4.52268208532593e-06 1.34683001220267e-05)
(-2.68422472175446e-10 4.58337854825709e-10 -6.00779809376481e-09)
(2.10148068188507e-10 -3.68983927183105e-10 -4.28556259316753e-09)
(-102.178684271993 176.97698509533 375.395854424261)
(-74.4167059612686 128.89256655482 835.871171315025)
(9.20656132572642 -15.9469570833168 799.097871822437)
(33.6320418760271 -58.253773245566 750.97360059677)
(16.8669524803843 -29.2147906743275 664.844216912848)
(-63.6325039292883 110.215578703671 505.27870805325)
(-124.358252398104 215.395034466134 320.940551309415)
(-76.553843267126 132.595287299375 178.326806516069)
(-36.4176236932236 63.0772686671418 91.2705325848875)
(-7.57545634258964 13.1210718869759 29.9220849589281)
(-0.476422895391369 0.825188947148377 2.44537880809146)
(-0.00451826625489283 0.00782586984626893 0.0286966631383753)
(-4.27169967035871e-06 7.39879846851072e-06 3.28438138914417e-05)
(-2.43154596995939e-10 4.1665676000998e-10 7.49190754224603e-10)
(2.15290561668344e-10 -3.77168145091946e-10 -3.64066715096059e-09)
(-319.781266570277 553.877113550472 1023.93759865547)
(-267.716485292773 463.697841945646 1281.70469671151)
(-26.7675123055922 46.3616713662705 1211.19848342633)
(75.1540591293325 -130.172023503 1192.95907204432)
(57.3393152403888 -99.3158015481438 1139.30413548826)
(-31.4781389154888 54.5214104720516 799.907229561286)
(-87.4057750240867 151.391776773765 490.088117910807)
(-64.2363820617573 111.260991260329 275.218549150735)
(-36.4142887653221 63.0715923172513 142.99799066528)
(-8.59878634706226 14.8935692594616 47.68302989085)
(-0.582558131872501 1.00902117133972 4.15088949238451)
(-0.00579610884005112 0.0100391616319138 0.0513534175384323)
(-5.70123045852038e-06 9.87481757758913e-06 6.14525227088537e-05)
(-6.28101154627592e-10 1.08278145483411e-09 9.10232684851602e-09)
(1.54027757958482e-10 -2.71192409012662e-10 -3.36489689288001e-09)
(163.859056398197 283.813190287233 1209.22064856775)
(302.07775849523 523.214648470398 1541.05771104361)
(112.361578801227 194.617271276353 1802.13810615003)
(-3.34382679003051 -5.79076302522061 1679.02251480637)
(-53.5750217270814 -92.7946166617992 1564.04549201712)
(-1.33804272398925 -2.31792760733935 1106.77891964525)
(31.3354042927397 54.2736991776137 678.928903295778)
(38.5691268653094 66.8034943194857 390.960625515258)
(25.7086439091276 44.5287308782951 202.475834576848)
(8.9598197870877 15.5189184002249 66.4462628710548)
(0.793827141339512 1.37495523474199 5.36183215164113)
(0.00908841452119085 0.0157416534343628 0.057305029021726)
(9.66895127827385e-06 1.67471512299169e-05 6.31769822105722e-05)
(9.90053654018552e-10 1.70725888293157e-09 1.10849266943362e-08)
(-7.28897229679235e-11 -1.31198957068134e-10 -3.27790818957411e-09)
(84.1938382876091 145.829087228867 1130.90361322153)
(188.118340327197 325.831137913132 1488.51367521933)
(111.915589766968 193.84436179094 1747.7134080565)
(26.3216635619624 45.5913686202041 1729.62735753649)
(-37.3303792369693 -64.6561728320355 1609.33090970018)
(-12.42859237164 -21.5270383651365 1207.24348979132)
(7.23356043394775 12.5279866863393 772.811128569336)
(20.279561231695 35.1251405545228 450.553196359745)
(15.6325772648377 27.0765507706268 234.759265903437)
(6.75663840182251 11.7028958487071 77.8753422853349)
(0.713206933504598 1.23531537491291 6.87207548940851)
(0.00914587080304005 0.0158411621336455 0.0823771703286773)
(1.0768638144622e-05 1.86518560474517e-05 9.91901351672278e-05)
(1.16718965255142e-09 2.01584341551789e-09 2.04412202628441e-08)
(-4.6525578548718e-11 -8.61518060868116e-11 -3.17588197382323e-09)
(30.8698979904809 53.4693601338149 1077.14753146715)
(66.1430753644168 114.563546061833 1431.25115647772)
(34.6786975863559 60.0660573271617 1742.39579645765)
(10.5171342595167 18.2172476679733 1736.8123003277)
(-19.1302697086926 -33.1320572368333 1612.03594125648)
(-7.7789373718505 -13.4735262352813 1240.37054376649)
(0.139525510334133 0.240494362543704 827.276043439644)
(9.75779377649916 16.9006000298417 486.71018187864)
(7.71310661614349 13.3594422075243 251.13320204889)
(3.36412739009477 5.82683896364461 84.5623723552808)
(0.306714635343048 0.531248026331506 7.94573158481264)
(0.0037854845679769 0.00655667093367889 0.102370145830993)
(4.41548793045919e-06 7.647855445003e-06 0.000130270822446633)
(4.10701639523498e-10 7.10389408881143e-10 2.8018574347854e-08)
(-2.93560726449589e-11 -5.4514213923125e-11 -3.08555194097355e-09)
(285.411677555051 5.39209747196907e-05 1148.81757065122)
(402.396283630934 2.98888494214759e-05 1431.52315622406)
(64.1421267858152 4.71997452111591e-05 1652.29762410567)
(-93.556950195966 5.5702366900148e-05 1559.06937035188)
(-149.987474360392 3.63292838748337e-05 1518.09811822769)
(23.0855445940178 -8.40657048964383e-06 1051.8407495005)
(169.868526846819 -1.33681692418564e-05 689.513484760781)
(131.119616805156 -1.03472404875198e-05 382.910938113009)
(64.9968354394219 -5.9547763962374e-06 191.001650597189)
(16.3896582660855 -1.28761561021539e-06 63.4882579446383)
(1.17021906839427 -2.68308992872762e-08 5.74938340430862)
(0.0124539665699573 -1.09626061952625e-10 0.0736406285150792)
(1.3080074374631e-05 3.32741300693363e-14 9.12451083835816e-05)
(1.3583199182171e-09 -1.87687922532823e-13 1.71659012904536e-08)
(-2.44724502108291e-10 5.74827983661175e-14 -3.23271904239595e-09)
(98.9658816016733 4.38044662950526e-05 1103.47234339852)
(209.71902348344 2.76482058730374e-05 1457.1635736162)
(75.5231966042463 3.52317587698983e-05 1716.27257952609)
(-68.8970581280933 4.44520914518588e-05 1683.3558299565)
(-142.93402511143 9.26858487383474e-05 1603.68301953762)
(-12.0628436078944 1.56422752413092e-05 1205.23775783265)
(91.4531105715665 -2.04687473092269e-05 769.633821634462)
(82.1806895828101 -1.27402713104884e-05 438.458344841562)
(47.1629198531556 -7.67744952679407e-06 225.766551961829)
(13.3405154964797 -1.72665738654252e-06 75.9377426352614)
(0.867440838152326 -5.81509998200221e-08 7.08930220672596)
(0.00877578137452221 -9.98540487476717e-11 0.0906145073498557)
(9.58727521493148e-06 2.49258216268677e-14 0.000113467976359929)
(1.01462777025044e-09 2.41890368625157e-13 2.33332591882201e-08)
(-1.68972180979151e-10 2.119176164996e-13 -3.15498783202631e-09)
(29.7891771803402 4.08332532161989e-05 1076.23897248219)
(85.3201509733075 2.48107236753767e-05 1435.62195792693)
(51.9001508565657 1.64118359568954e-05 1773.0035313805)
(-38.4918960375878 4.75631660007866e-05 1731.22814796866)
(-78.3435634666965 8.91571550165664e-05 1614.21511777735)
(-11.3830402224081 4.43245819536935e-06 1244.02050801936)
(43.1948335186281 -2.62024600024113e-05 837.759969757199)
(37.7721185732854 -1.34275354751325e-05 495.633165950719)
(21.4085263619653 -6.26932631456692e-06 255.410236768205)
(5.90773603975162 -1.08825855572829e-06 84.7659322440321)
(0.413141844420272 -2.56198321717197e-08 7.90334553344548)
(0.00506094460575427 2.51301931770725e-10 0.101702836415468)
(6.34417141985459e-06 5.99504410835803e-13 0.000129434886465188)
(7.15341088826533e-10 7.12316529441106e-13 2.7844082329569e-08)
(-8.66447517807431e-11 7.18835703748832e-13 -3.084247174828e-09)
(163.85904902674 -283.813107298769 1209.22068528909)
(302.077761124568 -523.214607803075 1541.05779770673)
(112.361565854293 -194.617149511131 1802.13804186202)
(-3.34384450843534 5.79086194631933 1679.02243865161)
(-53.5750595161331 92.7947132865641 1564.04544264161)
(-1.33805066174876 2.3179317864833 1106.77889414304)
(31.3353939978322 -54.2737199128269 678.928896059821)
(38.5691288284079 -66.8035088975637 390.960625748619)
(25.7086492832864 -44.5287404044594 202.475832294059)
(8.9598221144027 -15.5189208934875 66.4462606942564)
(0.793827324407779 -1.37495535211166 5.36183178590894)
(0.00908841581592681 -0.0157416536730599 0.0573050269832487)
(9.66895191835847e-06 -1.67471507973026e-05 6.31769841586101e-05)
(9.9169053004505e-10 -1.70715634110724e-09 1.10848050756065e-08)
(-7.19609172063163e-11 1.31360953212179e-10 -3.2778159238752e-09)
(84.1938467840082 -145.829022920941 1130.90363728576)
(188.118351497606 -325.831108088745 1488.51370208316)
(111.915588652579 -193.84429071381 1747.71341158085)
(26.3216512031522 -45.5912721032313 1729.62733614213)
(-37.3303910778952 64.6563278833681 1609.33091032978)
(-12.4285992567123 21.5270557613815 1207.24349353839)
(7.23355475093074 -12.5280211646671 772.811140100299)
(20.2795662536433 -35.1251581288524 450.553201000713)
(15.632584261169 -27.0765608504612 234.75926539792)
(6.75664095789344 -11.7028988402442 77.8753410819399)
(0.713207088401805 -1.23531549874053 6.87207531697748)
(0.00914587195886078 -0.0158411624126261 0.0823771696100011)
(1.07686390025682e-05 -1.86518560852784e-05 9.91901371711778e-05)
(1.16887223771685e-09 -2.01512082526776e-09 2.04412198350048e-08)
(-4.5204214687427e-11 8.67465237942698e-11 -3.17579024100312e-09)
(30.8699010715251 -53.4692786585776 1077.14753848677)
(66.1430699213132 -114.563504783633 1431.2511662331)
(34.6786984840004 -60.0660024765074 1742.39579639993)
(10.5171312813113 -18.2171681443151 1736.8123056822)
(-19.1302766541049 33.1322319909343 1612.03597544629)
(-7.77893930468467 13.4735313826516 1240.37055575628)
(0.139523466131917 -0.240548158214954 827.276053672721)
(9.75779654207742 -16.9006240643569 486.710188435617)
(7.71311023009768 -13.3594526332372 251.133203074438)
(3.36412834878688 -5.82684117547608 84.5623719999415)
(0.306714716481727 -0.531248092553983 7.94573154705726)
(0.0037854848698806 -0.00655667069477898 0.102370146284554)
(4.41548819338412e-06 -7.64785470102247e-06 0.000130270824064432)
(4.11105969456434e-10 -7.08734776481186e-10 2.80185291390611e-08)
(-2.86758752824627e-11 5.60355500652533e-11 -3.085647672683e-09)
(-142.706910326547 -247.174154612333 1148.81729867015)
(-201.198972349849 -348.486055847336 1431.52307606492)
(-32.0722498370264 -55.5495713468954 1652.29930497782)
(46.7775741195912 81.0228556486988 1559.07026446213)
(74.9931088374349 129.893184187099 1518.09810159663)
(-11.5426241009828 -19.9925234575327 1051.84096300438)
(-84.9336775042993 -147.109774293587 689.513222446267)
(-65.5594769693594 -113.552802483006 382.911155758)
(-32.4983237082718 -56.2890525464217 191.001791045343)
(-8.19483061137544 -14.1939332971537 63.4882731929224)
(-0.585110966476929 -1.01344355466135 5.74937287111284)
(-0.00622700429304544 -0.0107854967493196 0.0736404176427209)
(-6.54006535252789e-06 -1.13277204256611e-05 9.1244881266619e-05)
(-6.75819359545254e-10 -1.1670686544763e-09 1.71662664836815e-08)
(1.23999956800261e-10 2.17930140313775e-10 -3.23260766086686e-09)
(-49.4838534206919 -85.7073455978216 1103.47222876245)
(-104.860066609335 -181.622243404944 1457.16324634592)
(-37.7625482970084 -65.4057549302178 1716.27185627191)
(34.447718599458 59.6663842307947 1683.35598208826)
(71.464954336722 123.784200481878 1603.68337493273)
(6.03122585887309 10.4469425058565 1205.23804104336)
(-45.7258072438589 -79.2002670500431 769.633372452725)
(-41.0899979831653 -71.1705235045703 438.458259329881)
(-23.5813293971259 -40.8444442463218 225.766635990338)
(-6.67025520488327 -11.553312879909 75.9377684059186)
(-0.43372189883688 -0.751231798487876 7.0892987193893)
(-0.00438791421143481 -0.00760009949422296 0.0906144016516633)
(-4.79365575240923e-06 -8.3028458865817e-06 0.000113467857570038)
(-5.04210028557591e-10 -8.68732913563851e-10 2.33328153538291e-08)
(8.70254087258942e-11 1.54270247668761e-10 -3.1554667888571e-09)
(-14.8955359489813 -25.7987341528758 1076.23895601921)
(-42.6605718233607 -73.8896340017764 1435.62172042886)
(-25.9504739606806 -44.947173891921 1773.00350797068)
(19.2449277403281 33.3346280968558 1731.22824048382)
(39.1694821051068 67.8465197482726 1614.21456265217)
(5.69158013603081 9.85831498683211 1244.02031668299)
(-21.5964920168525 -37.4072380882732 837.759614746331)
(-18.8856030059592 -32.7113994511353 495.633053172015)
(-10.7040975033096 -18.5403270587536 255.410275853908)
(-2.95385148465819 -5.11627322804311 84.7659498570395)
(-0.206571260716316 -0.357793389775661 7.90334533091086)
(-0.00253049004313224 -0.00438293031413392 0.101702806212025)
(-3.17210195647602e-06 -5.49421591406481e-06 0.000129434835842461)
(-3.57578014801042e-10 -6.14120097576844e-10 2.78438822963746e-08)
(4.54926702511212e-11 8.02923334479555e-11 -3.08419275367869e-09)
(-327.719935974763 3.5547388364665e-05 1209.22027602994)
(-604.156573316573 2.30254305833285e-05 1541.05659197854)
(-224.725498520606 4.98526030409907e-05 1802.13924001624)
(6.68571237155813 3.42394600593238e-05 1679.02376895772)
(107.14835662351 1.56536411472432e-05 1564.0462729592)
(2.67617249877919 -4.7230078428203e-06 1106.77909727146)
(-62.6700616406735 -1.92714678066568e-05 678.928853999738)
(-77.1378538939061 -5.58808955504751e-06 390.960511375563)
(-51.4170715832236 -1.08772919519925e-07 202.475849413436)
(-17.9195947217212 7.68876525147177e-07 66.4463103099843)
(-1.58765398255732 9.98555219263144e-08 5.36184219655511)
(-0.0181768527461935 1.00201927570671e-09 0.0573051017889086)
(-1.93379268156994e-05 9.23209143991618e-13 6.3176949933835e-05)
(-1.98315335267889e-09 1.57406851828983e-12 1.10831936367796e-08)
(1.44991653501726e-10 8.59245289421228e-13 -3.27833851017745e-09)
(-168.3892890874 3.98188682667212e-05 1130.903373148)
(-376.237470192444 2.47528430076905e-05 1488.51342278279)
(-223.83292008669 3.45987335326237e-05 1747.71345094105)
(-52.6453078571396 3.76325828712187e-05 1729.62772513683)
(74.6568140495037 6.7360574695074e-05 1609.33093133896)
(24.8569898758963 2.80854388490837e-06 1207.24329693728)
(-14.4659419434241 -2.21490359728941e-05 772.81069452358)
(-40.5587250160645 -4.43734893694246e-06 450.553032951075)
(-31.2649973976083 1.01914569691256e-06 234.759253543566)
(-13.5132234916051 7.17814747529339e-07 77.8753643264715)
(-1.42641253918469 7.22252348415755e-08 6.8720798701789)
(-0.0182917541270639 8.61322897920696e-10 0.0823772013926748)
(-2.15373130061641e-05 5.48342192698774e-13 9.91900971799748e-05)
(-2.33922805844707e-09 1.57130444537435e-12 2.04403695555473e-08)
(9.25681670187846e-11 1.22995457978972e-12 -3.17602853104828e-09)
(-61.7416222854549 4.3578877202792e-05 1077.14748221721)
(-132.286964839959 1.60349150855893e-05 1431.25108210479)
(-69.3585708398591 2.82281987371434e-05 1742.39576306704)
(-21.0361109003322 3.72568993632908e-05 1736.81229932718)
(38.2558865324225 8.1517304168091e-05 1612.03541763004)
(15.5577539982387 9.63077197755117e-07 1240.37034128128)
(-0.27717913352804 -2.86536292477389e-05 827.275775407086)
(-19.5147965543753 -9.62138996558668e-06 486.710004714917)
(-15.4259390455726 -2.08317240845958e-06 251.133167307151)
(-6.72819912726435 -2.75818719969447e-07 84.562377669426)
(-0.613428960486189 3.71381266361308e-08 7.94573230922284)
(-0.00757098080027931 3.80579096656898e-10 0.10237013535777)
(-8.83099635382803e-06 5.26452135896491e-13 0.000130270787030233)
(-8.25271079841676e-10 1.09084048160369e-12 2.80184344042157e-08)
(6.05143889139875e-11 1.03867589274115e-12 -3.08637098168474e-09)
(-142.706898391932 247.174242221091 1148.81727175456)
(-201.198989040361 348.486144845994 1431.52306035029)
(-32.0722622699895 55.5496874804524 1652.29942743199)
(46.7776075256997 -81.0228019333507 1559.07033351544)
(74.9931255252079 -129.893140260743 1518.0981133483)
(-11.5426256268457 19.9925094122648 1051.84099705813)
(-84.9336667244589 147.109728918698 689.51322039863)
(-65.5594790368673 113.552785373147 382.911166106035)
(-32.4983293164696 56.2890503511542 191.001797040486)
(-8.19483272204639 14.1939343777168 63.4882740599286)
(-0.585111063538709 1.0134436691112 5.74937253471578)
(-0.00622700528226407 0.010785498243503 0.0736404102126665)
(-6.54006638041113e-06 1.13277223458195e-05 9.12448736287119e-05)
(-6.77438480382078e-10 1.16973377963403e-09 1.71666421326915e-08)
(1.23087710665389e-10 -2.16228681245459e-10 -3.23230957811128e-09)
(-49.4838472872105 85.7074229044326 1103.47221524984)
(-104.860063998527 181.622294417698 1457.1632137419)
(-37.7625642093987 65.4058530956747 1716.27182269578)
(34.4477275458932 -59.6663106948311 1683.35600434337)
(71.4649861969949 -123.784070131999 1603.68339972187)
(6.03124126673272 -10.4469377807047 1205.23806488927)
(-45.7258054590483 79.2002230431601 769.633358715665)
(-41.0900026062922 71.1705060322215 438.458256283748)
(-23.581336081045 40.8444404682141 225.766639258038)
(-6.67025779648509 11.5533139152838 75.9377695152499)
(-0.433722045756936 0.751231936650878 7.08929862200134)
(-0.00438791525757611 0.00760010110611583 0.0906143979761058)
(-4.79365658529376e-06 8.30284702499538e-06 0.000113467853281232)
(-5.05766713580654e-10 8.71258671218623e-10 2.33331586424594e-08)
(8.55572207561218e-11 -1.51932851961352e-10 -3.155505646712e-09)
(-14.8955400580331 25.7988231018504 1076.2389514042)
(-42.6605694910099 73.8896797571051 1435.62169797765)
(-25.9504866893792 44.9472287184024 1773.00350998839)
(19.2449414793044 -33.3345565565428 1731.2282338558)
(39.1694913359107 -67.8463571054245 1614.21452537844)
(5.69159448102621 -9.85833080829744 1244.02030458252)
(-21.5964892810456 37.4071809673463 837.759600841094)
(-18.8856043242935 32.711374879535 495.633049213976)
(-10.7041002828941 18.5403193340801 255.410277605112)
(-2.95385246161285 5.11627274337663 84.7659506860096)
(-0.206571311907061 0.357793427171087 7.90334533475374)
(-0.00253049038146808 0.00438293140215504 0.101702805081305)
(-3.17210207739526e-06 5.49421711827505e-06 0.000129434833656431)
(-3.58064513380552e-10 6.16197817894089e-10 2.78439580326079e-08)
(4.47751356760971e-11 -7.84258509202664e-11 -3.08385163495864e-09)
)
;

boundaryField
{
    inlet
    {
        type            zeroGradient;
    }
    outlet
    {
        type            freestreamVelocity;
        freestreamValue uniform (0 0 0);
        value           nonuniform List<vector> 
156
(
(-1.39937164315848 -2.42379093045608 1.65018778812358)
(-3.07746454622919 -5.33035817332451 19.3348839347181)
(-7.59167112269153 -13.149269172399 45.2198775220839)
(-8.11433608879997 -14.0545722165498 66.5551640105375)
(23.3804812302527 40.4960676597292 122.556705975569)
(125.231255692555 216.90690686031 127.018143396286)
(120.399574966731 208.538313576831 111.093550634904)
(86.7078565445007 150.18260745888 69.2054547559629)
(30.1981045759982 52.3048214328692 30.5630190031972)
(3.41114803628285 5.90830261852876 4.13823763478592)
(0.0895374658033616 0.155084111945354 0.122755479506781)
(0.000389480280054733 0.000674603491130976 0.000587816238250623)
(1.82899839886294e-07 3.16789461732364e-07 3.41685359089013e-07)
(-6.86515267882106e-10 -1.18879700983412e-09 -3.1401406387849e-09)
(-3.64613822682275e-10 -6.32661453735631e-10 -1.21812509283787e-09)
(-4.49458873596981 8.98232686226982e-08 5.57783430203825)
(33.5611046796956 2.4664196294669e-06 89.8060933216735)
(3.8844493106585 -3.02677945567478e-06 115.454461994434)
(3.14827692198841 1.22208428234204e-06 132.281832241922)
(63.2802202448822 7.14704823215587e-08 143.063264576307)
(222.567007674967 -2.17425202104822e-06 136.42274695082)
(209.921202576946 1.50829007021472e-06 107.774718512175)
(151.675420528562 2.43990562875175e-06 72.5772693348852)
(62.354854382682 1.4144945823732e-06 36.7171935196129)
(10.0113329624526 4.75325109765652e-08 7.2448531013476)
(0.396186445217918 -2.48372885562421e-10 0.361552584050027)
(0.00250445065819208 9.48773794027745e-13 0.00279116190508894)
(1.56736627468084e-06 -1.9796629173453e-13 2.25164124405572e-06)
(-1.3032477234895e-09 -1.9957234240508e-13 -2.81320791708286e-09)
(-7.30303690594259e-10 -1.33062603203319e-13 -1.21957113933158e-09)
(-1.39937241939187 2.4237916487791 1.65018844677699)
(-3.0774672342936 5.33035951984429 19.3348587891912)
(-7.5916741708667 13.149268796334 45.2198466321687)
(-8.11434048545262 14.0545713930614 66.5551314374223)
(23.3804755924901 -40.4960652938078 122.556672608507)
(125.23124853432 -216.906895589729 127.018125422923)
(120.399574679982 -208.538310279861 111.093539380654)
(86.7078547567981 -150.18259901913 69.2054442653941)
(30.1981031308647 -52.3048136878955 30.5630113567543)
(3.41114780415906 -5.90830153653773 4.13823618350255)
(0.089537474463389 -0.155084104298288 0.122755466133894)
(0.000389480450763811 -0.000674603653370815 0.000587816460615432)
(1.82899936233054e-07 -3.16790477439422e-07 3.41686054982038e-07)
(-6.86532027852906e-10 1.18860154300601e-09 -3.14002981569065e-09)
(-3.64609753517747e-10 6.32568425395209e-10 -1.21810063271426e-09)
(2.24729016461734 3.89244170437177 5.57786651127657)
(-16.7807008509808 -29.0649340100302 89.8064563562336)
(-1.94220424131911 -3.3642354937026 115.455066344062)
(-1.57423341787582 -2.72658970581786 132.282264378857)
(-31.6402367900117 -54.8023872430255 143.063354395443)
(-111.283601350632 -192.748898324496 136.422777271715)
(-104.960840840289 -181.797420490301 107.775030759195)
(-75.8378592267159 -131.354888918046 72.5772495150539)
(-31.1773663755717 -54.0007031644134 36.7168729691809)
(-5.00562391082365 -8.66999239415124 7.24474857374554)
(-0.198090722636474 -0.343103231900858 0.361546680466989)
(-0.00125220488172644 -0.00216888260582607 0.0027911113096709)
(-7.83665393748479e-07 -1.35734722827967e-06 2.25159264368458e-06)
(6.51264585721253e-10 1.13030905851348e-09 -2.81214416984919e-09)
(3.64831118279213e-10 6.3263634465995e-10 -1.21811813659484e-09)
(2.79874853296029 -3.13000681831167e-07 1.65018808289669)
(6.15494391873203 -1.65503834082253e-06 19.3351692587025)
(15.1834367135675 -2.82788582087194e-06 45.2201018203905)
(16.2288482501489 -4.2192264456901e-06 66.5551844040996)
(-46.7606459895909 -3.69823918297066e-06 122.556972607406)
(-250.462718704631 -5.63002924091959e-07 127.01832915056)
(-240.79917331055 1.40025183411113e-06 111.093696840948)
(-173.416006729262 2.67168068879034e-06 69.2056588765929)
(-60.3965440693925 2.62095528122563e-06 30.5632143978054)
(-6.82234526355281 3.39969804263219e-07 4.13828083365345)
(-0.17907574352114 1.13233421218809e-08 0.122756066313249)
(-0.000778958645851107 6.67895748659281e-11 0.000587811356327867)
(-3.65798808964483e-07 -3.82855746996781e-13 3.41677966257871e-07)
(1.37181611449e-09 -1.12134758139998e-13 -3.13981035405015e-09)
(7.29980583895973e-10 -6.12185833819083e-14 -1.22007869249023e-09)
(2.2472907733549 -3.89244257738678 5.57787107099701)
(-16.7807213342449 29.0649744452843 89.8065055183466)
(-1.94222261130491 3.36426126757987 115.455133477225)
(-1.57424356499977 2.72660972951752 132.282319413564)
(-31.6402476239339 54.8024061548109 143.063380371334)
(-111.283610697953 192.748910167633 136.422790055909)
(-104.960849149616 181.797437899253 107.775048015809)
(-75.8378614886422 131.354897715655 72.5772521803443)
(-31.1773620903081 54.0006985711164 36.7168629390644)
(-5.00562234050557 8.66998976934412 7.24474497003703)
(-0.198090633225119 0.343103076539093 0.361546469308196)
(-0.00125220413717186 0.00216888131827774 0.00279110946828856)
(-7.8366484426601e-07 1.35734588003038e-06 2.25159152328278e-06)
(6.51056115337843e-10 -1.13040713444684e-09 -2.81192016075528e-09)
(3.64732800662113e-10 -6.32711929369852e-10 -1.21810783733629e-09)
(-1.06343401801979e-10 -1.8452227259047e-10 -3.55278813183151e-10)
(-7.34016591912446e-13 -1.27970785904415e-12 -1.33260465413628e-11)
(-5.97264008489393e-13 -1.04721866309863e-12 -1.10826830919639e-11)
(-9.55493027171777e-14 -1.72259571250899e-13 -3.26844329799738e-12)
(-3.94718090261655e-14 -7.10478784520065e-14 -1.77507830728224e-12)
(-1.13753519962923e-14 -2.1063835204706e-14 -7.76492769737183e-13)
(-2.99156085964378e-15 -5.55532719376459e-15 -3.14436352868185e-13)
(-2.12464486333669e-10 -3.87113991123465e-14 -3.54805211862761e-10)
(-1.06165226261035e-12 -1.45770670499015e-15 -1.07100492350943e-11)
(-1.53152626390209e-12 -1.92322920337236e-15 -1.29037145173898e-11)
(-6.54228736347643e-13 -6.50593492206259e-16 -7.1491090933654e-12)
(-3.55263575807221e-13 8.34470775056101e-17 -4.69289881759974e-12)
(-1.22570266485857e-13 1.5372233806113e-16 -2.28858796217358e-12)
(-1.71531854777299e-14 1.42308932751292e-16 -6.10592826012886e-13)
(-1.06318883376846e-10 1.844546614527e-10 -3.55193732096656e-10)
(-7.29204828667097e-13 1.27043457410796e-12 -1.32631151385391e-11)
(-5.91305864610567e-13 1.0386277651022e-12 -1.1018765514974e-11)
(-9.45281359829872e-14 1.71576843771837e-13 -3.25631210797664e-12)
(-3.88162592202269e-14 7.08570847795209e-14 -1.76807852813416e-12)
(-1.10319896876972e-14 2.11702993306979e-14 -7.75044659691443e-13)
(-3.01927305619194e-15 5.8999638139863e-15 -3.24886783307039e-13)
(1.0643634310304e-10 1.84566216164012e-10 -3.55375496855008e-10)
(5.28830605778355e-13 9.25622866303712e-13 -1.0737889369334e-11)
(7.77937727144727e-13 1.35912802276648e-12 -1.30962571522244e-11)
(3.41618381837284e-13 5.99830824521092e-13 -7.40801335214184e-12)
(1.88861946971059e-13 3.3192520114853e-13 -4.92352249451422e-12)
(6.926425932459e-14 1.22784995750539e-13 -2.51146272282312e-12)
(1.02155183778274e-14 1.80298892856486e-14 -6.92564924899965e-13)
(2.11938934060754e-10 -1.77738991870502e-14 -3.54231582676545e-10)
(1.45983540316542e-12 -6.11257794832002e-16 -1.32341158032576e-11)
(1.1734182354682e-12 6.48400675325684e-16 -1.08858461826122e-11)
(1.81861062147478e-13 4.41104303833413e-16 -3.10069435368646e-12)
(7.33677825616559e-14 4.34790003692407e-16 -1.65888464038614e-12)
(2.02859902572037e-14 2.69540247214295e-16 -6.96015551700102e-13)
(5.88817383693445e-15 1.01065289205611e-16 -3.00310210374267e-13)
(1.06415598055065e-10 -1.8460203808991e-10 -3.55399003792334e-10)
(5.24572497151479e-13 -9.21059240561636e-13 -1.06976394814169e-11)
(7.70748193179068e-13 -1.35027594382955e-12 -1.3033723386778e-11)
(3.35565732994728e-13 -5.9082129558407e-13 -7.33078314764097e-12)
(1.84670877396941e-13 -3.24412080362224e-13 -4.84949669289927e-12)
(6.60085445693576e-14 -1.17218235253661e-13 -2.43451497464573e-12)
(9.63145551424935e-15 -1.68699677376732e-14 -6.63358790233782e-13)
(-4.95079965114501 -8.57506535280809 5.83815540761301)
(-0.00452136313319419 -0.00783172870633207 0.0894197689058939)
(3.0831607715393 5.34019124398227 13.2348046988696)
(49.520121296273 85.7713953617036 121.495634877187)
(-2.6675828120819 5.33109971965485e-08 3.31049975577966)
(1.60663040156253 4.69260455875423e-07 3.52402414675121)
(12.4243695008734 3.19496891521793e-06 22.8232631104259)
(48.5671009903017 1.73567752856544e-06 77.7558588007988)
(-4.95080198743078 8.57506718412278 5.83815725444212)
(-0.00452145932456439 0.00783184310290167 0.0894207362324614)
(3.08315535694062 -5.34018279738162 13.234789439856)
(49.5201106560662 -85.7713738813207 121.495615163938)
(1.33377741014099 2.31018268015504 3.31049032592967)
(-0.803337571733023 -1.39139926067671 3.5240615973206)
(-6.21227057393152 -10.7598592692551 22.8233527408217)
(-24.2835849229724 -42.0603775526039 77.7558851810657)
(9.90159727557852 -1.10735447003365e-06 5.83814431106444)
(0.00904103931140629 -2.60907023179482e-08 0.0894058192680115)
(-6.1664359427649 -4.63405270288228e-07 13.2349815955867)
(-99.0406478794386 1.55479143580073e-06 121.495948908721)
(1.33377590483141 -2.3101799652334 3.31048839916947)
(-0.803337843724347 1.39140067162018 3.52406380469248)
(-6.21227222108938 10.7598685196735 22.8233633557481)
(-24.2835858545272 42.0603826609859 77.7558887464227)
)
;
    }
    sides
    {
        type            zeroGradient;
    }
}


// ************************************************************************* //
