/*--------------------------------*- C++ -*----------------------------------*\
  =========                 |
  \\      /  F ield         | OpenFOAM: The Open Source CFD Toolbox
   \\    /   O peration     | Website:  https://openfoam.org
    \\  /    A nd           | Version:  11
     \\/     M anipulation  |
\*---------------------------------------------------------------------------*/
FoamFile
{
    format      ascii;
    class       volScalarField;
    location    "0.0000099775";
    object      p;
}
// * * * * * * * * * * * * * * * * * * * * * * * * * * * * * * * * * * * * * //

dimensions      [1 -1 -2 0 0 0 0];

internalField   nonuniform List<scalar> 
900
(
210736.236343737
190766.417371057
171373.206501788
212819.852381778
192637.919202836
174225.527189546
213468.851040494
192736.013112975
176038.959024475
210736.238767461
190766.41920261
171373.206934721
212819.855351895
192637.921633285
174225.527675994
213468.850695214
192736.013035658
176038.95903095
210736.2363437
190766.417370826
171373.206501894
212819.852382701
192637.919203189
174225.52719059
213468.851043198
192736.013115918
176038.959028021
210736.236343595
190766.417370931
171373.20650201
212819.852382378
192637.919202843
174225.527190146
213468.851044672
192736.013116242
176038.959027331
210736.23876649
190766.419202084
171373.206933919
212819.855350545
192637.921631298
174225.527674249
213468.850696711
192736.013035343
176038.959029977
210736.236342627
190766.417368716
171373.206500202
212819.852380274
192637.919200046
174225.527189308
213468.851040469
192736.013112113
176038.959024804
135940.985660067
106892.121560545
101498.031641075
137162.625419446
106994.956755311
101496.911468927
138106.954440325
107101.529705518
101496.52568191
135940.985553165
106892.121499294
101498.031638839
137162.625263246
106994.956695893
101496.911466195
138106.954406288
107101.529684258
101496.525680846
135940.985661129
106892.121561116
101498.031641129
137162.625421014
106994.956756088
101496.911469031
138106.95444056
107101.529705633
101496.525681922
135940.985661244
106892.1215612
101498.031641132
137162.625421083
106994.956756197
101496.911469021
138106.95444227
107101.529706484
101496.525681924
135940.985553475
106892.121499624
101498.031638859
137162.625264246
106994.956696818
101496.911466258
138106.954411271
107101.52968774
101496.525681043
135940.985661488
106892.121561846
101498.031641205
137162.625422893
106994.956757568
101496.911469187
138106.954441793
107101.529707805
101496.525682117
101326.056118518
101326.030468952
101326.00786034
101326.056118496
101326.030468924
101326.007860311
101326.056118519
101326.030468954
101326.00786034
101326.056118519
101326.030468953
101326.00786034
101326.056118496
101326.030468924
101326.007860313
101326.056118519
101326.030468956
101326.007860342
101325.002537869
101325.002452709
101325.002370403
101325.002537869
101325.002452708
101325.002370403
101325.002537869
101325.002452709
101325.002370403
101325.00253787
101325.002452709
101325.002370404
101325.002537869
101325.002452708
101325.002370403
101325.00253787
101325.002452709
101325.002370404
101324.999846861
101324.99984517
101324.99984235
101324.999846861
101324.99984517
101324.99984235
101324.999846861
101324.99984517
101324.99984235
101324.999846861
101324.99984517
101324.99984235
101324.999846861
101324.99984517
101324.99984235
101324.999846861
101324.99984517
101324.99984235
101324.999906592
101324.999906509
101324.999905821
101324.999906593
101324.999906509
101324.999905821
101324.999906593
101324.999906509
101324.999905821
101324.999906593
101324.999906509
101324.999905821
101324.999906593
101324.999906509
101324.999905821
101324.999906593
101324.999906509
101324.999905821
101324.99998536
101324.999985499
101324.999985596
101324.999985359
101324.999985498
101324.999985596
101324.99998536
101324.999985498
101324.999985596
101324.99998536
101324.999985499
101324.999985596
101324.999985359
101324.999985498
101324.999985596
101324.99998536
101324.999985498
101324.999985596
101324.999999672
101324.999999677
101324.999999686
101324.999999672
101324.999999678
101324.999999686
101324.999999672
101324.999999678
101324.999999686
101324.999999672
101324.999999678
101324.999999686
101324.999999672
101324.999999678
101324.999999686
101324.999999672
101324.999999678
101324.999999686
101324.999999994
101324.999999994
101324.999999994
101324.999999994
101324.999999994
101324.999999994
101324.999999994
101324.999999994
101324.999999994
101324.999999994
101324.999999994
101324.999999994
101324.999999994
101324.999999994
101324.999999994
101324.999999994
101324.999999994
101324.999999994
101325
101325
101325
101325
101325
101325
101325
101325
101325
101325
101325
101325
101325
101325
101325
101325
101325
101325
235652.651283424
245665.14017368
255609.904873241
235652.652158982
245665.143887183
255609.904462517
235652.651283401
245665.140175707
255609.904877404
235652.651283116
245665.140176506
255609.904877303
235652.652157797
245665.143886692
255609.904464291
235652.651282726
245665.140172593
255609.904874682
101325
101325
101325
101325
101324.999999999
101325
101325
101325
101325
101325
101325
101325
101325
101325
101325
101325
101325
101325
101325
101325
101325
101325
101325
101325
101325
101325
101325
101325
101325
101325
101325
101325
101325
101325
101325
101325
101325
101325
101325
101325
101325
101325
101325
101325
101325
101325
101325
101325
101325
101325
101325
101325
101325
101325
101325
101325
101325
101325
101325
101325
101325
101325
101325
101325
101325
101325
101325
101325
101324.999999999
101325
101325
101325
101325
101325
101325
101325
101325
101325
101325
101325
101325
101325
101325
101325
101325
101325
101325
101325
101325
101325
101325
101325
101325
101325
101325
101325
101325
101325
101325
101325
101325
101325
101325
101325
101325
101325
101325
101325
101325
101325
101325
101325
101325
101325
101325
101325
101325
101325
101325
101325
101324.999999999
101324.999999999
101325
101325
101325
101325
101325
101325
101325
101325
101325
101325
101325
101325
101325
101325
101325
101325
101325
101325
101325
101325
101325
101325
101325
101325
101325
101325
101325
101325
101325
101325
101325
101325
101325
101325
101325
101325
101325
101325
101325
101325
101325
101325
101325
101325
101325
101325
101325
101325
101325
101325
101325
101325
101325
101325
101325
101325
101325
101325
101325
101325
101325
101325
101325
101325
101325
101325
101325
101325
101325
101325
101325
101325
101325
101325
101325
101325
101325
101325
101325
101325
101325
101325
101325
101325
101325
101325
101325
101325
101325
101325
101325
101325
101325
101325
101325
101325
101325
101325
101325
101325
101325
101325
101325
101325
101325
101325
101325
101325
101325
101325
101325
101325
101325
101325
101325
101325
101325
101325
101325
101325
101325
101325
101325
101325
101325
101325
101324.999999999
101325
101325
101325
101325
101325
101325
101325
101325
101325
101325
101325
101325
101325
101325
101325
101325
101325
101325
101325
101325
101325
101325
101325
101325
101325
101325
101325
101325
101325
101325
101325
101325
101325
101325
101325
101325
101325
101325
101325
101325
101325
101325
101325
101325
101325
101325
101325
101325
101325
101325
101325
101324.999999999
101324.999999999
101325
101325
101325
101325
101325
101325
101325
101325
101324.999999999
101325
101325
101325
101325
101325
101325
101325
101325
101325
101325
101325
101325
101325
101325
101325
101325
101325
101325
101325
101325
101325
101325
101325
101325
101325
101325
101325
101325
101325
101325
101325
101325
101325
101325
101325
101325
101325
101325
101325
101325
101325
101325
101325
101325
101325
101325
101325
101325
101325
101325
101325
101325
101325
101325
101325
101325
101325
101325
101325
101325
101325
101325
101325
101325
101325
101325
101325
101325
101325
101325
101325
101325
101325
101325
101325
101325
101325
101325
101325
101325
101325
101325
101325
101325
101325
101325
101325
101325
101325
101325
101325
101325
101325
101325
101325
101325
101325
101325
101325
101325
101325
101325
101325
101325
101325
101325
101325
101325
101325
101325
101325
101325
101325
101325
101325
101325
101325
101325
101325
101325
101325
101325
101325
101325
101325
101325
101325
101325
101325
101325
101325
101325
101325
101325
101325
101325
101325
101325
101325
101325
101325
101325
101325
101325
101325
101325
101325
101325
101325
101325
101325
101325
101325
101325
101325
101325
101325
101325
101325
101325
101325
101325
101325
101325
101325
101325
101325
101325
101325
101325
101325
101325
101325
101325
101325
101325
101325
101325
101325
101325
101325
101325
101325
101325
101325
101325
101325
101325
101325
101325
101325
101325
101325
101325
101325
101325
101325
101325
101325
101325
101325
101325
101325
101325
101325
101325
101325
101325
101325
101325
101325
101325
101325
101325
101325
101325
101325
101325
101325
101325
101325
101325
101325
101325
101325
101325
101325
101325
101325
101325
101325
101325
101325
101325
101325
101325
101325
101325
101325
101325
101325
101325
101325
101325
101325
101325
101325
101325
101325
101325
101325
101325
101325
101325
101325
101325
101325
101325
101325
101325
101325
101325
101325
101325
101325
101325
101325
101325
101325
101325
101325
101325
101325
101325
101325
101325
101325
101325
101325
101325
101325
101325
101325
101325
101325
101325
101325
101325
101325
101325
101325
101325
101325
101325
101325
101325
101325
101325
101325
101325
101325
101325
101325
101325
101325
101325
101325
101325
101325
101325
101325
101325
101325
101325
101325
101325
101325
101325
101325
)
;

boundaryField
{
    inlet
    {
        type            timeVaryingMappedFixedValue;
        fieldTable      p;
        value           uniform 240745.793042993;
    }
    outlet
    {
        type            freestreamPressure;
        freestreamValue uniform 101325;
        supersonic      false;
        value           nonuniform List<scalar> 
156
(
101325
101325
101325
101325
101325
101325
101325
101325
101325
101325
101325
101325
101325
101325
101325
101325
101325
101325
101325
101325
101325
101325
101325
101325
101325
101325
101325
101325
101325
101325
101325
101325
101325
101325
101325
101325
101325
101325
101325
101325
101325
101325
101325
101325
101325
101325
101325
101325
101325
101325
101325
101325
101325
101325
101325
101325
101325
101325
101325
101325
101325
101325
101325
101325
101325
101325
101325
101325
101325
101325
101325
101325
101325
101325
101325
101325
101325
101325
101325
101325
101325
101325
101325
101325
101325
101325
101325
101325
101325
101325
101325
101325
101325
101325
101325
101325
101325
101325
101325
101325
101325
101325
101325
101325
101325
101325
101325
101325
101325
101325
101325
101325
101325
101325
101325
101325
101325
101325
101325
101325
101325
101325
101325
101325
101325
101325
101325
101325
101325
101325
101325
101325
101325
101325
101325
101325
101325
101325
101325
101325
101325
101325
101325
101325
101325
101325
101325
101325
101325
101325
101325
101325
101325
101325
101325
101325
)
;
    }
    sides
    {
        type            zeroGradient;
    }
}


// ************************************************************************* //
