/*--------------------------------*- C++ -*----------------------------------*\
  =========                 |
  \\      /  F ield         | OpenFOAM: The Open Source CFD Toolbox
   \\    /   O peration     | Website:  https://openfoam.org
    \\  /    A nd           | Version:  11
     \\/     M anipulation  |
\*---------------------------------------------------------------------------*/
FoamFile
{
    format      ascii;
    class       volScalarField;
    location    "0.0000099775";
    object      rho;
}
// * * * * * * * * * * * * * * * * * * * * * * * * * * * * * * * * * * * * * //

dimensions      [1 -3 0 0 0 0 0];

internalField   nonuniform List<scalar> 
900
(
1.70895608940913
1.77345034431203
1.68040257279442
1.81350928045229
1.80808427958448
1.69864842160782
1.89185246948607
1.83711582891982
1.70908619931487
1.70895606755533
1.77345034385377
1.68040257561159
1.81350927589777
1.80808428588464
1.69864842532568
1.89185246674847
1.83711582728756
1.70908619935679
1.70895608937683
1.77345034428312
1.6804025727726
1.81350928043401
1.80808427956442
1.69864842159742
1.89185246950747
1.83711582894139
1.7090861993439
1.70895608938244
1.77345034428744
1.68040257277615
1.81350928043094
1.80808427956143
1.69864842159297
1.89185246950192
1.83711582893345
1.70908619932717
1.70895606755547
1.77345034385048
1.68040257560275
1.8135092758692
1.8080842858542
1.69864842529133
1.89185246670975
1.83711582724936
1.70908619930539
1.70895608934537
1.77345034424177
1.68040257273524
1.81350928037684
1.80808427950557
1.69864842154878
1.89185246944133
1.83711582888173
1.70908619927633
1.40598900817935
1.1805374720138
1.13928268908831
1.41173804202926
1.18102288970552
1.13927451630254
1.41412999536189
1.18139774022101
1.13927129917154
1.40598900875083
1.18053747172629
1.1392826890723
1.41173804204732
1.18102288940258
1.13927451628225
1.41412999532952
1.18139774008825
1.13927129916362
1.4059890081731
1.18053747201525
1.13928268908862
1.41173804202441
1.18102288970618
1.13927451630314
1.41412999537001
1.18139774022329
1.13927129917169
1.40598900817564
1.18053747201619
1.13928268908866
1.41173804202478
1.18102288970725
1.13927451630307
1.41412999537251
1.1813977402275
1.13927129917161
1.40598900875073
1.18053747172847
1.13928268907245
1.41173804203646
1.1810228894054
1.13927451628259
1.41412999531726
1.18139774009949
1.13927129916446
1.4059890081607
1.18053747201788
1.13928268908911
1.41173804200407
1.18102288970832
1.13927451630401
1.4141299953276
1.18139774022391
1.1392712991725
1.13797044185537
1.13797025845889
1.13797010211103
1.13797044185519
1.13797025845867
1.1379701021108
1.13797044185538
1.13797025845891
1.13797010211103
1.13797044185537
1.1379702584589
1.13797010211103
1.13797044185519
1.13797025845867
1.13797010211081
1.13797044185538
1.13797025845892
1.13797010211104
1.13796224656818
1.13796224591533
1.13796224529199
1.13796224656818
1.13796224591533
1.13796224529199
1.13796224656818
1.13796224591533
1.13796224529199
1.13796224656818
1.13796224591534
1.13796224529199
1.13796224656817
1.13796224591533
1.13796224529199
1.13796224656818
1.13796224591533
1.13796224529199
1.13796222540169
1.13796222538825
1.13796222536585
1.13796222540169
1.13796222538825
1.13796222536585
1.13796222540169
1.13796222538825
1.13796222536585
1.13796222540169
1.13796222538825
1.13796222536585
1.13796222540169
1.13796222538825
1.13796222536585
1.13796222540169
1.13796222538825
1.13796222536585
1.13796222587489
1.13796222587421
1.13796222586872
1.13796222587489
1.13796222587421
1.13796222586872
1.13796222587489
1.13796222587421
1.13796222586872
1.13796222587489
1.13796222587421
1.13796222586872
1.13796222587489
1.13796222587421
1.13796222586872
1.13796222587489
1.13796222587421
1.13796222586872
1.13796222649857
1.13796222649966
1.13796222650043
1.13796222649856
1.13796222649966
1.13796222650043
1.13796222649856
1.13796222649966
1.13796222650043
1.13796222649857
1.13796222649966
1.13796222650043
1.13796222649856
1.13796222649966
1.13796222650043
1.13796222649856
1.13796222649966
1.13796222650043
1.13796222661188
1.13796222661193
1.137962226612
1.13796222661189
1.13796222661193
1.137962226612
1.13796222661188
1.13796222661193
1.137962226612
1.13796222661189
1.13796222661193
1.137962226612
1.13796222661189
1.13796222661193
1.137962226612
1.13796222661188
1.13796222661193
1.137962226612
1.13796222661443
1.13796222661443
1.13796222661444
1.13796222661443
1.13796222661444
1.13796222661444
1.13796222661443
1.13796222661443
1.13796222661444
1.13796222661443
1.13796222661443
1.13796222661444
1.13796222661443
1.13796222661444
1.13796222661444
1.13796222661443
1.13796222661443
1.13796222661444
1.13796222661448
1.13796222661448
1.13796222661448
1.13796222661448
1.13796222661448
1.13796222661448
1.13796222661448
1.13796222661448
1.13796222661448
1.13796222661448
1.13796222661448
1.13796222661448
1.13796222661448
1.13796222661448
1.13796222661448
1.13796222661448
1.13796222661448
1.13796222661448
1.44766416677998
1.67266652544214
1.78340575516953
1.44766414466195
1.67266653076176
1.78340575743427
1.44766416676632
1.67266652544729
1.78340575521126
1.44766416676889
1.67266652544803
1.78340575519552
1.44766414466025
1.67266653073535
1.78340575739914
1.44766416675635
1.67266652540065
1.78340575514963
1.13796222661448
1.13796222661448
1.13796222661448
1.13796222661448
1.13796222661448
1.13796222661448
1.13796222661448
1.13796222661448
1.13796222661448
1.13796222661448
1.13796222661448
1.13796222661448
1.13796222661448
1.13796222661448
1.13796222661448
1.13796222661448
1.13796222661448
1.13796222661448
1.13796222661448
1.13796222661448
1.13796222661448
1.13796222661448
1.13796222661448
1.13796222661448
1.13796222661448
1.13796222661448
1.13796222661448
1.13796222661448
1.13796222661448
1.13796222661448
1.13796222661448
1.13796222661448
1.13796222661448
1.13796222661448
1.13796222661448
1.13796222661448
1.13796222661448
1.13796222661448
1.13796222661448
1.13796222661448
1.13796222661448
1.13796222661448
1.13796222661448
1.13796222661448
1.13796222661448
1.13796222661448
1.13796222661448
1.13796222661448
1.13796222661448
1.13796222661448
1.13796222661448
1.13796222661448
1.13796222661448
1.13796222661448
1.13796222661448
1.13796222661448
1.13796222661448
1.13796222661448
1.13796222661448
1.13796222661448
1.13796222661448
1.13796222661448
1.13796222661448
1.13796222661448
1.13796222661448
1.13796222661448
1.13796222661448
1.13796222661448
1.13796222661448
1.13796222661448
1.13796222661448
1.13796222661448
1.13796222661448
1.13796222661448
1.13796222661448
1.13796222661448
1.13796222661448
1.13796222661448
1.13796222661448
1.13796222661448
1.13796222661448
1.13796222661448
1.13796222661448
1.13796222661448
1.13796222661448
1.13796222661448
1.13796222661448
1.13796222661448
1.13796222661448
1.13796222661448
1.13796222661448
1.13796222661448
1.13796222661448
1.13796222661448
1.13796222661448
1.13796222661448
1.13796222661448
1.13796222661448
1.13796222661448
1.13796222661448
1.13796222661448
1.13796222661448
1.13796222661448
1.13796222661448
1.13796222661448
1.13796222661448
1.13796222661448
1.13796222661448
1.13796222661448
1.13796222661448
1.13796222661448
1.13796222661448
1.13796222661448
1.13796222661448
1.13796222661448
1.13796222661448
1.13796222661448
1.13796222661448
1.13796222661448
1.13796222661448
1.13796222661448
1.13796222661448
1.13796222661448
1.13796222661448
1.13796222661448
1.13796222661448
1.13796222661448
1.13796222661448
1.13796222661448
1.13796222661448
1.13796222661448
1.13796222661448
1.13796222661448
1.13796222661448
1.13796222661448
1.13796222661448
1.13796222661448
1.13796222661448
1.13796222661448
1.13796222661448
1.13796222661448
1.13796222661448
1.13796222661448
1.13796222661448
1.13796222661448
1.13796222661448
1.13796222661448
1.13796222661448
1.13796222661448
1.13796222661448
1.13796222661448
1.13796222661448
1.13796222661448
1.13796222661448
1.13796222661448
1.13796222661448
1.13796222661448
1.13796222661448
1.13796222661448
1.13796222661448
1.13796222661448
1.13796222661448
1.13796222661448
1.13796222661448
1.13796222661448
1.13796222661448
1.13796222661448
1.13796222661448
1.13796222661448
1.13796222661448
1.13796222661448
1.13796222661448
1.13796222661448
1.13796222661448
1.13796222661448
1.13796222661448
1.13796222661448
1.13796222661448
1.13796222661448
1.13796222661448
1.13796222661448
1.13796222661448
1.13796222661448
1.13796222661448
1.13796222661448
1.13796222661448
1.13796222661448
1.13796222661448
1.13796222661448
1.13796222661448
1.13796222661448
1.13796222661448
1.13796222661448
1.13796222661448
1.13796222661448
1.13796222661448
1.13796222661448
1.13796222661448
1.13796222661448
1.13796222661448
1.13796222661448
1.13796222661448
1.13796222661448
1.13796222661448
1.13796222661448
1.13796222661448
1.13796222661448
1.13796222661448
1.13796222661448
1.13796222661448
1.13796222661448
1.13796222661448
1.13796222661448
1.13796222661448
1.13796222661448
1.13796222661448
1.13796222661448
1.13796222661448
1.13796222661448
1.13796222661448
1.13796222661448
1.13796222661448
1.13796222661448
1.13796222661448
1.13796222661448
1.13796222661448
1.13796222661448
1.13796222661448
1.13796222661448
1.13796222661448
1.13796222661448
1.13796222661448
1.13796222661448
1.13796222661448
1.13796222661448
1.13796222661448
1.13796222661448
1.13796222661448
1.13796222661448
1.13796222661448
1.13796222661448
1.13796222661448
1.13796222661448
1.13796222661448
1.13796222661448
1.13796222661448
1.13796222661448
1.13796222661448
1.13796222661448
1.13796222661448
1.13796222661448
1.13796222661448
1.13796222661448
1.13796222661448
1.13796222661448
1.13796222661448
1.13796222661448
1.13796222661448
1.13796222661448
1.13796222661448
1.13796222661448
1.13796222661448
1.13796222661448
1.13796222661448
1.13796222661448
1.13796222661448
1.13796222661448
1.13796222661448
1.13796222661448
1.13796222661448
1.13796222661448
1.13796222661448
1.13796222661448
1.13796222661448
1.13796222661448
1.13796222661448
1.13796222661448
1.13796222661448
1.13796222661448
1.13796222661448
1.13796222661448
1.13796222661448
1.13796222661448
1.13796222661448
1.13796222661448
1.13796222661448
1.13796222661448
1.13796222661448
1.13796222661448
1.13796222661448
1.13796222661448
1.13796222661448
1.13796222661448
1.13796222661448
1.13796222661448
1.13796222661448
1.13796222661448
1.13796222661448
1.13796222661448
1.13796222661448
1.13796222661448
1.13796222661448
1.13796222661448
1.13796222661448
1.13796222661448
1.13796222661448
1.13796222661448
1.13796222661448
1.13796222661448
1.13796222661448
1.13796222661448
1.13796222661448
1.13796222661448
1.13796222661448
1.13796222661448
1.13796222661448
1.13796222661448
1.13796222661448
1.13796222661448
1.13796222661448
1.13796222661448
1.13796222661448
1.13796222661448
1.13796222661448
1.13796222661448
1.13796222661448
1.13796222661448
1.13796222661448
1.13796222661448
1.13796222661448
1.13796222661448
1.13796222661448
1.13796222661448
1.13796222661448
1.13796222661448
1.13796222661448
1.13796222661448
1.13796222661448
1.13796222661448
1.13796222661448
1.13796222661448
1.13796222661448
1.13796222661448
1.13796222661448
1.13796222661448
1.13796222661448
1.13796222661448
1.13796222661448
1.13796222661448
1.13796222661448
1.13796222661448
1.13796222661448
1.13796222661448
1.13796222661448
1.13796222661448
1.13796222661448
1.13796222661448
1.13796222661448
1.13796222661448
1.13796222661448
1.13796222661448
1.13796222661448
1.13796222661448
1.13796222661448
1.13796222661448
1.13796222661448
1.13796222661448
1.13796222661448
1.13796222661448
1.13796222661448
1.13796222661448
1.13796222661448
1.13796222661448
1.13796222661448
1.13796222661448
1.13796222661448
1.13796222661448
1.13796222661448
1.13796222661448
1.13796222661448
1.13796222661448
1.13796222661448
1.13796222661448
1.13796222661448
1.13796222661448
1.13796222661448
1.13796222661448
1.13796222661448
1.13796222661448
1.13796222661448
1.13796222661448
1.13796222661448
1.13796222661448
1.13796222661448
1.13796222661448
1.13796222661448
1.13796222661448
1.13796222661448
1.13796222661448
1.13796222661448
1.13796222661448
1.13796222661448
1.13796222661448
1.13796222661448
1.13796222661448
1.13796222661448
1.13796222661448
1.13796222661448
1.13796222661448
1.13796222661448
1.13796222661448
1.13796222661448
1.13796222661448
1.13796222661448
1.13796222661448
1.13796222661448
1.13796222661448
1.13796222661448
1.13796222661448
1.13796222661448
1.13796222661448
1.13796222661448
1.13796222661448
1.13796222661448
1.13796222661448
1.13796222661448
1.13796222661448
1.13796222661448
1.13796222661448
1.13796222661448
1.13796222661448
1.13796222661448
1.13796222661448
1.13796222661448
1.13796222661448
1.13796222661448
1.13796222661448
1.13796222661448
1.13796222661448
1.13796222661448
1.13796222661448
1.13796222661448
1.13796222661448
1.13796222661448
1.13796222661448
1.13796222661448
1.13796222661448
1.13796222661448
1.13796222661448
1.13796222661448
1.13796222661448
1.13796222661448
1.13796222661448
1.13796222661448
1.13796222661448
1.13796222661448
1.13796222661448
1.13796222661448
1.13796222661448
1.13796222661448
1.13796222661448
1.13796222661448
1.13796222661448
1.13796222661448
1.13796222661448
1.13796222661448
1.13796222661448
1.13796222661448
1.13796222661448
1.13796222661448
1.13796222661448
1.13796222661448
1.13796222661448
1.13796222661448
1.13796222661448
1.13796222661448
1.13796222661448
1.13796222661448
1.13796222661448
1.13796222661448
1.13796222661448
1.13796222661448
1.13796222661448
1.13796222661448
1.13796222661448
1.13796222661448
1.13796222661448
1.13796222661448
1.13796222661448
1.13796222661448
1.13796222661448
1.13796222661448
1.13796222661448
1.13796222661448
1.13796222661448
1.13796222661448
1.13796222661448
1.13796222661448
1.13796222661448
1.13796222661448
1.13796222661448
1.13796222661448
1.13796222661448
1.13796222661448
1.13796222661448
1.13796222661448
1.13796222661448
1.13796222661448
1.13796222661448
1.13796222661448
1.13796222661448
1.13796222661448
1.13796222661448
1.13796222661448
1.13796222661448
1.13796222661448
1.13796222661448
1.13796222661448
1.13796222661448
1.13796222661448
1.13796222661448
1.13796222661448
1.13796222661448
1.13796222661448
1.13796222661448
1.13796222661448
1.13796222661448
1.13796222661448
1.13796222661448
1.13796222661448
1.13796222661448
1.13796222661448
1.13796222661448
1.13796222661448
1.13796222661448
1.13796222661448
1.13796222661448
1.13796222661448
1.13796222661448
1.13796222661448
1.13796222661448
1.13796222661448
1.13796222661448
1.13796222661448
1.13796222661448
1.13796222661448
1.13796222661448
1.13796222661448
1.13796222661448
1.13796222661448
1.13796222661448
1.13796222661448
1.13796222661448
1.13796222661448
1.13796222661448
1.13796222661448
1.13796222661448
1.13796222661448
1.13796222661448
1.13796222661448
1.13796222661448
1.13796222661448
1.13796222661448
1.13796222661448
1.13796222661448
1.13796222661448
1.13796222661448
1.13796222661448
1.13796222661448
1.13796222661448
1.13796222661448
1.13796222661448
1.13796222661448
1.13796222661448
1.13796222661448
1.13796222661448
1.13796222661448
1.13796222661448
1.13796222661448
1.13796222661448
1.13796222661448
1.13796222661448
1.13796222661448
1.13796222661448
1.13796222661448
1.13796222661448
1.13796222661448
1.13796222661448
1.13796222661448
1.13796222661448
1.13796222661448
1.13796222661448
1.13796222661448
1.13796222661448
1.13796222661448
1.13796222661448
1.13796222661448
1.13796222661448
1.13796222661448
1.13796222661448
1.13796222661448
1.13796222661448
1.13796222661448
1.13796222661448
1.13796222661448
1.13796222661448
1.13796222661448
1.13796222661448
1.13796222661448
1.13796222661448
1.13796222661448
1.13796222661448
1.13796222661448
1.13796222661448
1.13796222661448
1.13796222661448
1.13796222661448
1.13796222661448
1.13796222661448
1.13796222661448
1.13796222661448
1.13796222661448
1.13796222661448
1.13796222661448
1.13796222661448
1.13796222661448
1.13796222661448
1.13796222661448
1.13796222661448
1.13796222661448
)
;

boundaryField
{
    inlet
    {
        type            calculated;
        value           nonuniform List<scalar> 
24
(
1.3097964979083
1.3097964979083
1.3097964979083
1.3097964979083
1.3097964979083
1.3097964979083
1.3097964979083
1.3097964979083
1.3097964979083
1.3097964979083
1.3097964979083
1.3097964979083
1.3097964979083
1.3097964979083
1.3097964979083
1.3097964979083
1.3097964979083
1.3097964979083
1.3097964979083
1.3097964979083
1.3097964979083
1.3097964979083
1.3097964979083
1.3097964979083
)
;
    }
    outlet
    {
        type            calculated;
        value           nonuniform List<scalar> 
156
(
1.13796222661448
1.13796222661448
1.13796222661448
1.13796222661448
1.13796222661448
1.13796222661448
1.13796222661448
1.13796222661448
1.13796222661448
1.13796222661448
1.13796222661448
1.13796222661448
1.13796222661448
1.13796222661448
1.13796222661448
1.13796222661448
1.13796222661448
1.13796222661448
1.13796222661448
1.13796222661448
1.13796222661448
1.13796222661448
1.13796222661448
1.13796222661448
1.13796222661448
1.13796222661448
1.13796222661448
1.13796222661448
1.13796222661448
1.13796222661448
1.13796222661448
1.13796222661448
1.13796222661448
1.13796222661448
1.13796222661448
1.13796222661448
1.13796222661448
1.13796222661448
1.13796222661448
1.13796222661448
1.13796222661448
1.13796222661448
1.13796222661448
1.13796222661448
1.13796222661448
1.13796222661448
1.13796222661448
1.13796222661448
1.13796222661448
1.13796222661449
1.13796222661448
1.13796222661448
1.13796222661448
1.13796222661448
1.13796222661448
1.13796222661448
1.13796222661448
1.13796222661448
1.13796222661448
1.13796222661448
1.13796222661448
1.13796222661448
1.13796222661448
1.13796222661448
1.13796222661448
1.13796222661448
1.13796222661448
1.13796222661448
1.13796222661448
1.13796222661448
1.13796222661448
1.13796222661448
1.13796222661448
1.13796222661448
1.13796222661448
1.13796222661448
1.13796222661448
1.13796222661448
1.13796222661448
1.13796222661448
1.13796222661449
1.13796222661448
1.13796222661448
1.13796222661448
1.13796222661448
1.13796222661448
1.13796222661448
1.13796222661448
1.13796222661448
1.13796222661448
1.13796222661448
1.13796222661448
1.13796222661448
1.13796222661448
1.13796222661448
1.13796222661448
1.13796222661448
1.13796222661448
1.13796222661448
1.13796222661448
1.13796222661448
1.13796222661448
1.13796222661448
1.13796222661448
1.13796222661448
1.13796222661448
1.13796222661448
1.13796222661448
1.13796222661448
1.13796222661448
1.13796222661448
1.13796222661448
1.13796222661448
1.13796222661448
1.13796222661448
1.13796222661448
1.13796222661448
1.13796222661448
1.13796222661448
1.13796222661448
1.13796222661448
1.13796222661448
1.13796222661448
1.13796222661448
1.13796222661448
1.13796222661448
1.13796222661448
1.13796222661448
1.13796222661448
1.13796222661448
1.13796222661448
1.13796222661448
1.13796222661448
1.13796222661448
1.13796222661448
1.13796222661448
1.13796222661448
1.13796222661448
1.13796222661448
1.13796222661448
1.13796222661448
1.13796222661448
1.13796222661448
1.13796222661448
1.13796222661448
1.13796222661448
1.13796222661448
1.13796222661448
1.13796222661448
1.13796222661448
1.13796222661448
1.13796222661448
1.13796222661448
1.13796222661448
1.13796222661448
1.13796222661448
)
;
    }
    sides
    {
        type            calculated;
        value           nonuniform List<scalar> 
84
(
1.70895608940913
1.77345034431203
1.68040257279442
1.70895606755533
1.77345034385377
1.68040257561159
1.70895608937683
1.77345034428312
1.6804025727726
1.70895608938244
1.77345034428744
1.68040257277615
1.70895606755547
1.77345034385048
1.68040257560275
1.70895608934537
1.77345034424177
1.68040257273524
1.40598900817935
1.1805374720138
1.13928268908831
1.40598900875083
1.18053747172629
1.1392826890723
1.4059890081731
1.18053747201525
1.13928268908862
1.40598900817564
1.18053747201619
1.13928268908866
1.40598900875073
1.18053747172847
1.13928268907245
1.4059890081607
1.18053747201788
1.13928268908911
1.13797044185537
1.13797044185519
1.13797044185538
1.13797044185537
1.13797044185519
1.13797044185538
1.13796224656818
1.13796224656818
1.13796224656818
1.13796224656818
1.13796224656817
1.13796224656818
1.13796222540169
1.13796222540169
1.13796222540169
1.13796222540169
1.13796222540169
1.13796222540169
1.13796222587489
1.13796222587489
1.13796222587489
1.13796222587489
1.13796222587489
1.13796222587489
1.13796222649857
1.13796222649856
1.13796222649856
1.13796222649857
1.13796222649856
1.13796222649856
1.13796222661188
1.13796222661189
1.13796222661188
1.13796222661189
1.13796222661189
1.13796222661188
1.13796222661443
1.13796222661443
1.13796222661443
1.13796222661443
1.13796222661443
1.13796222661443
1.13796222661448
1.13796222661448
1.13796222661448
1.13796222661448
1.13796222661448
1.13796222661448
)
;
    }
}


// ************************************************************************* //
