/*--------------------------------*- C++ -*----------------------------------*\
  =========                 |
  \\      /  F ield         | OpenFOAM: The Open Source CFD Toolbox
   \\    /   O peration     | Website:  https://openfoam.org
    \\  /    A nd           | Version:  11
     \\/     M anipulation  |
\*---------------------------------------------------------------------------*/
FoamFile
{
    format      ascii;
    class       volScalarField;
    location    "0.0000099775";
    object      T;
}
// * * * * * * * * * * * * * * * * * * * * * * * * * * * * * * * * * * * * * //

dimensions      [0 0 0 1 0 0 0];

internalField   nonuniform List<scalar> 
900
(
415.471085081423
362.422689899635
343.607056075434
395.389237756611
358.967885622813
345.573774131128
380.171656419341
353.475095573768
347.038224810548
415.47109517281
362.422693472916
343.607056367423
395.389244267665
358.96788890099
345.573774339628
380.17165635455
353.475095746029
347.038224814798
415.471085089203
362.422689905106
343.60705608011
395.389237762311
358.967885627453
345.573774135315
380.171656419856
353.475095575016
347.038224811643
415.47108508763
362.422689904422
343.607056079616
395.389237762381
358.967885627404
345.57377413534
380.171656423594
353.475095577139
347.038224813681
415.471095170864
362.422693472587
343.607056367623
395.389244271386
358.967888903331
345.573774343155
380.171656364995
353.475095752803
347.038224823318
415.471085094735
362.422689909548
343.607056084355
395.389237770266
358.967885633281
345.573774142669
380.171656428288
353.475095579516
347.038224819021
325.762416373039
305.069232039417
300.164004168374
327.351368034917
305.237214287881
300.162844695935
329.04758117178
305.444301163279
300.162551396636
325.762415984453
305.069231938903
300.164004165982
327.351367657942
305.237214196666
300.1628446932
329.047581098217
305.444301136974
300.162551395573
325.762416377032
305.06923204067
300.164004168452
327.351368039785
305.237214289926
300.162844696085
329.047581170451
305.444301163021
300.162551396631
325.762416376719
305.069232040669
300.164004168453
327.351368039864
305.237214289959
300.162844696074
329.047581173944
305.444301164358
300.162551396658
325.762415985221
305.069231939281
300.164004166
327.35136766285
305.237214198575
300.162844693298
329.047581112941
305.444301143997
300.162551395937
325.762416380764
305.069232042073
300.164004168549
327.351368048985
305.237214293594
300.162844696317
329.047581183255
305.444301169053
300.162551396993
300.000961140008
300.000933546551
300.000907825815
300.000961139989
300.000933546528
300.000907825788
300.000961140008
300.000933546553
300.000907825815
300.000961140008
300.000933546553
300.000907825815
300.000961139989
300.000933546529
300.000907825791
300.000961140009
300.000933546555
300.000907825818
300.000002253671
300.000002173638
300.000002094283
300.000002253671
300.000002173639
300.000002094283
300.000002253671
300.000002173639
300.000002094283
300.000002253672
300.000002173639
300.000002094283
300.000002253671
300.000002173638
300.000002094283
300.000002253672
300.000002173639
300.000002094283
299.999999866316
299.999999864854
299.99999986241
299.999999866316
299.999999864854
299.99999986241
299.999999866317
299.999999864854
299.99999986241
299.999999866317
299.999999864854
299.99999986241
299.999999866317
299.999999864854
299.99999986241
299.999999866317
299.999999864854
299.99999986241
299.99999991842
299.999999918353
299.999999917761
299.99999991842
299.999999918353
299.999999917761
299.99999991842
299.999999918353
299.999999917761
299.99999991842
299.999999918353
299.999999917761
299.99999991842
299.999999918353
299.999999917761
299.99999991842
299.999999918353
299.999999917761
299.999999987213
299.999999987334
299.99999998742
299.999999987212
299.999999987334
299.99999998742
299.999999987213
299.999999987334
299.99999998742
299.999999987213
299.999999987334
299.99999998742
299.999999987212
299.999999987334
299.99999998742
299.999999987213
299.999999987334
299.99999998742
299.999999999713
299.999999999718
299.999999999726
299.999999999715
299.999999999719
299.999999999726
299.999999999714
299.999999999719
299.999999999726
299.999999999714
299.999999999719
299.999999999726
299.999999999715
299.999999999719
299.999999999726
299.999999999713
299.999999999719
299.999999999726
299.999999999995
299.999999999995
299.999999999995
299.999999999994
299.999999999995
299.999999999994
299.999999999995
299.999999999995
299.999999999995
299.999999999995
299.999999999995
299.999999999995
299.999999999994
299.999999999995
299.999999999994
299.999999999995
299.999999999995
299.999999999995
300
300
299.999999999999
299.999999999999
299.999999999999
299.999999999999
300
300
299.999999999999
300
300
299.999999999999
299.999999999999
299.999999999999
299.999999999999
300
300
299.999999999999
548.449941236638
494.842118661851
482.903111361805
548.449951653831
494.842124568185
482.90310997262
548.449941241755
494.842118664409
482.903111358371
548.449941240119
494.842118665799
482.903111362442
548.449951651716
494.842124575008
482.903109985484
548.449941243964
494.842118671934
482.903111369916
299.999999999999
299.999999999999
299.999999999999
299.999999999999
299.999999999999
299.999999999999
299.999999999999
299.999999999999
299.999999999999
299.999999999999
299.999999999999
299.999999999999
299.999999999999
299.999999999999
299.999999999999
300
300.000000000001
300.000000000001
300.000000000001
300.000000000001
300.000000000001
300.000000000001
300.000000000001
300.000000000001
300.000000000001
300.000000000001
300.000000000001
300.000000000001
300.000000000001
300
299.999999999999
300
300
300
300
300
300
300
300
300
300
300
300
300
299.999999999999
300
300.000000000001
300.000000000001
300.000000000001
300.000000000001
300
300
300
300.000000000001
300.000000000001
300
300.000000000001
300
300.000000000001
300
300
299.999999999999
299.999999999999
299.999999999999
299.999999999999
299.999999999999
299.999999999999
299.999999999999
299.999999999999
299.999999999999
299.999999999999
299.999999999999
299.999999999999
299.999999999999
299.999999999999
299.999999999999
300
300
300
300
300
300
300
300
300
300
300
300
300
299.999999999999
299.999999999999
299.999999999999
300
300
300
300
300
300
300
300
300
300
300
299.999999999999
299.999999999999
300
300
300.000000000001
300
300
300
300
300
300
300
300
300
300
300
300
299.999999999999
299.999999999999
299.999999999999
299.999999999999
299.999999999999
299.999999999999
299.999999999999
299.999999999999
299.999999999999
299.999999999999
299.999999999999
299.999999999999
299.999999999999
299.999999999999
299.999999999999
300
300
300.000000000001
300.000000000001
300.000000000001
300.000000000001
300.000000000001
300.000000000001
300.000000000001
300.000000000001
300.000000000001
300.000000000001
300.000000000001
300
300
299.999999999999
300
300
300
300
300
300
300
300
300
300
300
300
300
299.999999999999
300
300
300.000000000001
300.000000000001
300.000000000001
300
300
300
300.000000000001
300.000000000001
300
300.000000000001
300
300.000000000001
300
299.999999999999
299.999999999999
299.999999999999
299.999999999999
299.999999999999
299.999999999999
299.999999999999
299.999999999999
299.999999999999
299.999999999999
299.999999999999
299.999999999999
299.999999999999
299.999999999999
299.999999999999
300
300.000000000001
300.000000000001
300.000000000001
300.000000000001
300.000000000001
300.000000000001
300.000000000001
300.000000000001
300.000000000001
300.000000000001
300.000000000001
300.000000000001
300.000000000001
300
299.999999999999
300
300
300
300
300
300
300
300
300
300
300
300
300
299.999999999999
300
300
300.000000000001
300.000000000001
300.000000000001
300
300
300
300.000000000001
300.000000000001
300
300.000000000001
300
300.000000000001
300
300
299.999999999999
299.999999999999
299.999999999999
299.999999999999
299.999999999999
299.999999999999
299.999999999999
299.999999999999
299.999999999999
299.999999999999
299.999999999999
299.999999999999
299.999999999999
299.999999999999
299.999999999999
300
300
300
300
300
300
300
300
300
300
300
300
300
299.999999999999
299.999999999999
299.999999999999
300
300
300
300
300
299.999999999999
300
300
300
300
300
299.999999999999
299.999999999999
300
300
300
300
300
300
300
300
300
300
300
300.000000000001
300
300
300
299.999999999999
299.999999999999
299.999999999999
299.999999999999
299.999999999999
299.999999999999
299.999999999999
299.999999999999
299.999999999999
299.999999999999
299.999999999999
299.999999999999
299.999999999999
299.999999999999
299.999999999999
300
300
300.000000000001
300.000000000001
300.000000000001
300.000000000001
300.000000000001
300.000000000001
300.000000000001
300.000000000001
300
300.000000000001
300.000000000001
300
300
299.999999999999
300
300
300
300
300
300
300
300
300
300
300
300
300
299.999999999999
300
300
300.000000000001
300.000000000001
300.000000000001
300.000000000001
300
300
300.000000000001
300.000000000001
300
300.000000000001
300
300.000000000001
300
300
300.000000000001
300
300.000000000001
300.000000000001
300.000000000001
300.000000000001
300
300.000000000001
300.000000000001
300
300.000000000001
300.000000000001
300
300.000000000001
300
300.000000000001
300.000000000001
300.000000000001
300.000000000001
300.000000000001
300.000000000001
300.000000000001
300.000000000001
300.000000000001
300.000000000001
300.000000000001
300.000000000001
300.000000000001
300
300
300
300
300
300
300
300
300
300
300
300
300
300
300
300
300
300
300
300
300.000000000001
300
300.000000000001
300
300
300
300
300.000000000001
300
300
300.000000000001
300
300
300
300
300.000000000001
300
300
300
300
300
300
300.000000000001
300.000000000001
300
300
300
300
300
300
300
300
300
300
300
300
300
300
300
300
300
300
300.000000000001
300.000000000001
300
300.000000000001
300.000000000001
300.000000000001
300
300.000000000001
300.000000000001
300
300.000000000001
300.000000000001
300.000000000001
300.000000000001
300
300.000000000001
300.000000000001
300.000000000001
300.000000000001
300.000000000001
300.000000000001
300.000000000001
300.000000000001
300.000000000001
300.000000000001
300.000000000001
300.000000000001
300.000000000001
300
300
300
300
300
300
300
300
300
300
300
300
300
300
300
300
300
300.000000000001
300
300.000000000001
300.000000000001
300.000000000001
300
300
300.000000000001
300.000000000001
300
300.000000000001
300.000000000001
300.000000000001
300.000000000001
300
300.000000000001
300.000000000001
300.000000000001
300.000000000001
300.000000000001
300.000000000001
300.000000000001
300.000000000001
300.000000000001
300.000000000001
300.000000000001
300.000000000001
300.000000000001
300
300
300
300
300
300
300
300
300
300
300
300
300
300
300
300
300
300
300
300
300.000000000001
300
300.000000000001
300
300
300
300
300.000000000001
300
300
300.000000000001
300
300
300
300
300.000000000001
300
300
300
300
300
300
300.000000000001
300
300
300
300
300
300
300
300
300
300
300
300
300
300
300
300
300
300
300
300.000000000001
300.000000000001
300.000000000001
300.000000000001
300.000000000001
300.000000000001
300.000000000001
300.000000000001
300.000000000001
300.000000000001
300.000000000001
300.000000000001
300.000000000001
300.000000000001
300
300.000000000001
300.000000000001
300.000000000001
300.000000000001
300.000000000001
300.000000000001
300.000000000001
300.000000000001
300.000000000001
300.000000000001
300.000000000001
300.000000000001
300.000000000001
300
300
300
300
300
300
300
300
300
300
300
300
300
300
300
300
)
;

boundaryField
{
    inlet
    {
        type            timeVaryingMappedFixedValue;
        fieldTable      T;
        value           nonuniform List<scalar> 
24
(
619.280450665601
619.280450665601
619.280450665601
619.280450665601
619.280450665601
619.280450665601
619.280450665601
619.280450665601
619.280450665601
619.280450665601
619.280450665601
619.280450665601
619.280450665601
619.280450665601
619.280450665601
619.280450665601
619.280450665601
619.280450665601
619.280450665601
619.280450665601
619.280450665601
619.280450665601
619.280450665601
619.280450665601
)
;
    }
    outlet
    {
        type            freestream;
        freestreamValue uniform 300;
        value           nonuniform List<scalar> 
156
(
299.999999999999
299.999999999999
299.999999999999
299.999999999999
299.999999999999
299.999999999999
299.999999999999
299.999999999999
299.999999999999
299.999999999999
299.999999999999
299.999999999999
299.999999999999
299.999999999999
299.999999999999
300
299.999999999999
299.999999999999
299.999999999999
299.999999999999
299.999999999999
299.999999999999
299.999999999999
299.999999999999
299.999999999999
299.999999999999
299.999999999999
299.999999999999
299.999999999999
299.999999999999
299.999999999999
299.999999999999
299.999999999999
299.999999999999
299.999999999999
299.999999999999
299.999999999999
299.999999999999
299.999999999999
299.999999999999
299.999999999999
299.999999999999
299.999999999999
299.999999999999
299.999999999999
299.999999999999
299.999999999999
299.999999999999
299.999999999999
299.999999999999
299.999999999999
299.999999999999
299.999999999999
299.999999999999
299.999999999999
299.999999999999
299.999999999999
299.999999999999
299.999999999999
299.999999999999
300
299.999999999999
299.999999999999
299.999999999999
299.999999999999
299.999999999999
299.999999999999
299.999999999999
299.999999999999
299.999999999999
299.999999999999
299.999999999999
299.999999999999
299.999999999999
299.999999999999
299.999999999999
299.999999999999
299.999999999999
299.999999999999
299.999999999999
299.999999999999
299.999999999999
299.999999999999
299.999999999999
299.999999999999
299.999999999999
299.999999999999
299.999999999999
299.999999999999
299.999999999999
299.999999999999
300
300
300
300.000000000001
300
300
299.999999999999
300
300
300
300.000000000001
300
300
299.999999999999
300
299.999999999999
300
300
300
300
299.999999999999
300
299.999999999999
300
300.000000000001
300
300
299.999999999999
300
300
300
300.000000000001
300
300
299.999999999999
300
299.999999999999
300
300
300
300
299.999999999999
300
299.999999999999
300
300
299.999999999999
300
300
299.999999999999
300
299.999999999999
300
299.999999999999
300
299.999999999999
300
300
299.999999999999
300
300
299.999999999999
300
299.999999999999
300
)
;
    }
    sides
    {
        type            zeroGradient;
    }
}


// ************************************************************************* //
