/*--------------------------------*- C++ -*----------------------------------*\
  =========                 |
  \\      /  F ield         | OpenFOAM: The Open Source CFD Toolbox
   \\    /   O peration     | Website:  https://openfoam.org
    \\  /    A nd           | Version:  11
     \\/     M anipulation  |
\*---------------------------------------------------------------------------*/
FoamFile
{
    format      ascii;
    class       volVectorField;
    location    "0.0000099775";
    object      U;
}
// * * * * * * * * * * * * * * * * * * * * * * * * * * * * * * * * * * * * * //

dimensions      [0 1 -1 0 0 0 0];

internalField   nonuniform List<vector> 
900
(
(-13.280972757146 -23.0033165530328 167.951443285786)
(-9.32505317363685 -16.1514637891915 155.315772147208)
(-2.15067544754087 -3.72507867602003 135.094165271091)
(-6.03033616303784 -10.4448470104443 159.766716262228)
(-4.08391705639098 -7.07354995899248 156.433858833941)
(0.449492667321794 0.778544332080828 139.693831047677)
(-3.07242653186667 -5.32159735118659 158.032528955947)
(-2.37172969480235 -4.10795499910418 160.766427972743)
(-0.121467999649809 -0.210388505126717 143.886055911771)
(-26.561946653323 1.57758825951865e-10 167.951445587431)
(-18.6501069842929 2.73165117788065e-10 155.315773265273)
(-4.30135027880706 5.90078771403814e-10 135.094165472924)
(-12.0606752708929 3.85873533336874e-10 159.766719721573)
(-8.16783605252609 9.11395088492622e-10 156.433860581589)
(0.898985367582768 6.12428372886189e-10 139.693831375217)
(-6.14485377594915 -1.6855608880279e-09 158.032529659708)
(-4.74346036664751 4.26669050433113e-10 160.766428566275)
(-0.242936123815381 1.35291538923166e-09 143.886055890723)
(-13.2809727574996 23.00331655362 167.951443288374)
(-9.32505317489162 16.1514637896112 155.315772150776)
(-2.15067545176097 3.72507867623673 135.094165275565)
(-6.03033616314466 10.4448470111429 159.766716265203)
(-4.08391705806938 7.07354995824457 156.433858837446)
(0.449492662873293 -0.778544332915236 139.693831050122)
(-3.07242653256499 5.32159734756562 158.032528955131)
(-2.37172969504003 4.10795499796967 160.766427971505)
(-0.12146800111401 0.210388510259774 143.886055908383)
(13.2809727564421 23.0033165535636 167.951443287892)
(9.32505317391534 16.1514637897422 155.315772150135)
(2.15067545134899 3.72507867648693 135.094165274998)
(6.03033616140712 10.4448470105031 159.766716265249)
(4.08391705579105 7.0735499592 156.433858837157)
(-0.449492663693664 -0.778544331594162 139.693831050697)
(3.072426536271 5.32159734983073 158.032528956717)
(2.37172969708886 4.10795500261781 160.7664279735)
(0.121468001077595 0.21038851160655 143.88605591084)
(26.5619466524492 7.58999106730026e-10 167.951445586876)
(18.6501069837808 3.62591296712477e-10 155.315773264684)
(4.30135027875702 -1.02864846765869e-09 135.094165473686)
(12.0606752693774 1.50345268050548e-09 159.766719723899)
(8.16783605203517 -7.65436173121242e-10 156.433860583719)
(-0.898985366134947 -1.23203896886822e-09 139.693831379116)
(6.14485377894091 2.09928748943062e-09 158.032529665151)
(4.74346037056078 3.609639719635e-09 160.766428572387)
(0.242936124674547 2.62116513794818e-09 143.886055898338)
(13.2809727563002 -23.003316553859 167.951443291717)
(9.3250531733572 -16.1514637895384 155.315772154929)
(2.15067544915839 -3.7250786758497 135.09416527923)
(6.03033616125408 -10.4448470116242 159.766716269803)
(4.0839170559085 -7.07354995839086 156.433858843335)
(-0.449492665871403 0.778544331235273 139.693831055652)
(3.07242653311924 -5.32159734872729 158.032528961584)
(2.37172969375384 -4.10795499620128 160.766427978799)
(0.121467998977506 -0.210388505615618 143.886055917818)
(-0.0298464037170563 -0.0516954704660143 76.1719729712985)
(0.00472374994178782 0.00818176743591977 13.5219822695192)
(-0.000410649193773992 -0.000711266036949867 0.42783808332124)
(0.822596116648463 1.42477800475084 78.7379828213942)
(0.0687546755943192 0.119086558053137 13.7674456121341)
(-0.000824034366982301 -0.00142727090349036 0.424793679136817)
(0.412107569648108 0.713790888065591 81.4477272580423)
(0.0419169671194783 0.0726022551194641 14.0627693257127)
(-0.000206404123264271 -0.000357504622723678 0.42341324228032)
(-0.0596924869643668 1.40818947428459e-09 76.1719724254548)
(0.00944752310931355 3.81314976457719e-10 13.5219821127169)
(-0.000821299069761143 6.93983559693586e-12 0.427838078564429)
(1.64519244979132 1.72460828557838e-09 78.7379824544616)
(0.137509395811705 6.71778496478465e-10 13.7674454840362)
(-0.00164806888741942 2.03137450849593e-11 0.424793674919379)
(0.824215465534952 5.54203989941203e-09 81.4477272300619)
(0.0838339988064667 1.35448971625409e-09 14.0627692954896)
(-0.000412808395305904 3.38667947311775e-11 0.423413240273626)
(-0.0298464072556097 0.0516954689249464 76.1719729757765)
(0.00472374918361572 -0.00818176762197584 13.5219822710133)
(-0.000410649175683759 0.000711266023548104 0.427838083418562)
(0.822596111525876 -1.42477800561628 78.7379828240582)
(0.0687546737295426 -0.11908655797016 13.7674456137203)
(-0.000824034390661092 0.00142727097198149 0.424793679275129)
(0.412107553929549 -0.713790882294519 81.4477272548128)
(0.0419169604617548 -0.0726022532351304 14.0627693252581)
(-0.000206404274244422 0.000357504749686279 0.423413242281201)
(0.0298464078312565 0.051695469261843 76.1719729759414)
(-0.00472374904022639 -0.00818176759897563 13.5219822711976)
(0.000410649184096554 0.00071126602378612 0.427838083430165)
(-0.822596111557094 -1.4247780058182 78.7379828246109)
(-0.0687546737712345 -0.119086558151455 13.7674456140066)
(0.000824034392644645 0.0014272709515273 0.424793679282866)
(-0.412107552022703 -0.713790885879544 81.4477272560311)
(-0.0419169598164461 -0.072602255041406 14.0627693264439)
(0.000206404395924231 0.000357504479318234 0.423413242364976)
(0.0596924857128335 -1.88142966441427e-09 76.171972426901)
(-0.00944752354532593 -5.06245182224557e-10 13.5219821136437)
(0.000821299067976359 -8.36071315819872e-12 0.427838078629605)
(-1.64519245316951 -2.34205130731125e-09 78.7379824580435)
(-0.137509397768156 -1.07800911498497e-09 13.7674454863392)
(0.00164806877817285 -1.85754852108908e-11 0.42479367508086)
(-0.824215460547309 -6.22334600926298e-09 81.4477272388188)
(-0.0838339962348203 -4.10713311692219e-09 14.0627693016249)
(0.00041280838973296 -9.27585583638223e-11 0.423413240778931)
(0.0298464058632186 -0.0516954669482312 76.1719729793221)
(-0.00472374909235876 0.00818176795082231 13.5219822728218)
(0.000410649204088422 -0.000711266009701829 0.427838083564183)
(-0.822596113080356 1.42477800667429 78.7379828291502)
(-0.0687546739572202 0.119086558776993 13.7674456167625)
(0.000824034471178533 -0.00142727098228774 0.424793679543212)
(-0.412107549943462 0.713790883815316 81.4477272651511)
(-0.0419169580209886 0.0726022530540127 14.0627693305635)
(0.000206404651416361 -0.000357504803271003 0.423413242699963)
(-4.51032778973889e-06 -7.81212409742177e-06 0.00262372766204165)
(-1.55114789957893e-05 -2.68666767249141e-05 0.00255840344808722)
(-7.20025473642138e-06 -1.24712611100097e-05 0.00249519886111016)
(-9.0206609753834e-06 -1.81225029688961e-14 0.00262372761371304)
(-3.10229670274647e-05 1.9913480167252e-13 0.00255840341099483)
(-1.44005250845932e-05 4.03839695204104e-13 0.00249519880750256)
(-4.51032715025534e-06 7.8121238115559e-06 0.00262372766359866)
(-1.55114788100274e-05 2.68666776424041e-05 0.00255840345029795)
(-7.20025598970559e-06 1.24712631262765e-05 0.00249519886119668)
(4.51032743446008e-06 7.81212404975026e-06 0.00262372766322052)
(1.551147881137e-05 2.68666775658351e-05 0.00255840344988924)
(7.20025675874833e-06 1.24712608207733e-05 0.0024951988616671)
(9.02066095473081e-06 1.76805595310298e-13 0.00262372761420194)
(3.10229660850742e-05 6.45966888082648e-14 0.00255840341224233)
(1.44005246058094e-05 -5.44638705816837e-13 0.0024951988113804)
(4.5103272044452e-06 -7.81212333873485e-06 0.00262372766472216)
(1.55114795973968e-05 -2.68666775571723e-05 0.00255840345297699)
(7.20025923132276e-06 -1.24712636693693e-05 0.00249519886473622)
(1.88281516513231e-09 3.26083920033289e-09 6.52799155816342e-06)
(-4.31914878518958e-08 -7.48101726672812e-08 6.33432994292043e-06)
(-2.36472358278027e-08 -4.09594020472836e-08 6.13035147022547e-06)
(3.76550739254425e-09 -2.5784787073352e-13 6.52799045549645e-06)
(-8.63833089269466e-08 -2.41461306847627e-13 6.33432932740868e-06)
(-4.72948669134213e-08 -1.8143472057299e-13 6.13035038914752e-06)
(1.88290279626293e-09 -3.26107049595369e-09 6.52799123472914e-06)
(-4.31913240799088e-08 7.48097510764194e-08 6.33432976324664e-06)
(-2.36472513702924e-08 4.09590527194434e-08 6.13035139351897e-06)
(-1.88244796938197e-09 -3.2607046288111e-09 6.52799159681775e-06)
(4.31919407411733e-08 7.48104029261262e-08 6.33433004798346e-06)
(2.36476914385376e-08 4.09594275652661e-08 6.13035150403615e-06)
(-3.76553517992059e-09 -1.14765312029432e-14 6.52799043403805e-06)
(8.63832436165905e-08 3.84424554430217e-14 6.33432933589558e-06)
(4.72950193558708e-08 -4.90039165607463e-14 6.13035044503512e-06)
(-1.88283819324625e-09 3.26092442963072e-09 6.527991483563e-06)
(4.31914995372617e-08 -7.4810139979794e-08 6.33432998782959e-06)
(2.36475988992942e-08 -4.09594741979038e-08 6.13035153146002e-06)
(4.72469905647716e-09 8.18347640228054e-09 -3.73970963850099e-07)
(3.52717557350708e-09 6.10932551696499e-09 -3.73015182004418e-07)
(1.33794909121467e-09 2.3173698171789e-09 -3.71654931313802e-07)
(9.44911248982254e-09 1.84992461408973e-13 -3.73971282064272e-07)
(7.05414823975966e-09 1.63888795003321e-13 -3.7301535355722e-07)
(2.67592349573558e-09 1.12671905553185e-13 -3.71654859638493e-07)
(4.72448191520244e-09 -8.18305083415924e-09 -3.73971346130897e-07)
(3.52697139824066e-09 -6.10889114189034e-09 -3.73015413142371e-07)
(1.33800516142367e-09 -2.31730534971784e-09 -3.71654865189026e-07)
(-4.72450110099831e-09 -8.18301641453104e-09 -3.73971150907315e-07)
(-3.52695546681077e-09 -6.10885216913083e-09 -3.73015325590878e-07)
(-1.33789174413158e-09 -2.31730422773475e-09 -3.71654960771829e-07)
(-9.44901794050892e-09 7.22914994115415e-14 -3.73971321100629e-07)
(-7.05421060978733e-09 5.5274800493092e-14 -3.73015383495404e-07)
(-2.67579251029827e-09 9.73070860037237e-14 -3.71654886071247e-07)
(-4.72434782988311e-09 8.18319809866665e-09 -3.73971180617462e-07)
(-3.52681134466594e-09 6.10900169763558e-09 -3.73015291695165e-07)
(-1.3377677497833e-09 2.31745533753518e-09 -3.71654863881998e-07)
(1.33868135316803e-09 2.31903524715632e-09 -2.305768454299e-07)
(1.534914164063e-09 2.65892369433592e-09 -2.3011346049428e-07)
(9.29732527791489e-10 1.61049466226114e-09 -2.29580608062819e-07)
(2.67702783907599e-09 9.70454857506613e-14 -2.30576534213746e-07)
(3.06941790702056e-09 1.78058293188588e-13 -2.3011310597828e-07)
(1.85907754167684e-09 2.96991096525964e-13 -2.29580522287195e-07)
(1.33857285993006e-09 -2.31876569928043e-09 -2.30576795995446e-07)
(1.53477978825612e-09 -2.65850935825435e-09 -2.30113397506285e-07)
(9.29590095929685e-10 -1.60994495376477e-09 -2.29580579678244e-07)
(-1.33829463431178e-09 -2.31852720156886e-09 -2.30576784771948e-07)
(-1.53445273515796e-09 -2.65834971869459e-09 -2.3011339002684e-07)
(-9.29275935040888e-10 -1.60995431033973e-09 -2.29580548210541e-07)
(-2.67687372520843e-09 2.13163030053094e-13 -2.30576491338389e-07)
(-3.06919424767075e-09 1.66023865750101e-13 -2.30113067872267e-07)
(-1.85872008647478e-09 2.44199945805787e-13 -2.29580466822156e-07)
(-1.33828397904598e-09 2.31906717898782e-09 -2.30576612661224e-07)
(-1.5344491687769e-09 2.65877141021197e-09 -2.30113300718106e-07)
(-9.2917984943599e-10 1.61033036623564e-09 -2.29580608863733e-07)
(1.30798229059138e-10 2.26194608596623e-10 -3.61869809585389e-08)
(2.535386560293e-10 4.38375272871119e-10 -3.57929565498575e-08)
(1.69591466273329e-10 2.93235092323934e-10 -3.53207197215651e-08)
(2.61776264512993e-10 1.27625063874811e-13 -3.61880803968644e-08)
(5.07884704936607e-10 -2.66559496551941e-14 -3.57940563773713e-08)
(3.39848202956719e-10 -9.7043772882516e-15 -3.53209100398292e-08)
(1.30657460012353e-10 -2.25634857883751e-10 -3.61876457738088e-08)
(2.53773761217424e-10 -4.38166257745555e-10 -3.57934894656669e-08)
(1.69819332839737e-10 -2.93158773005982e-10 -3.53208567938724e-08)
(-1.30868805961763e-10 -2.25914255400827e-10 -3.61874825412614e-08)
(-2.53614090756718e-10 -4.38142144899585e-10 -3.57933902032014e-08)
(-1.69621031296286e-10 -2.92951156475045e-10 -3.53209313821299e-08)
(-2.61789508866072e-10 1.59627957734201e-13 -3.6188063011161e-08)
(-5.07862346894598e-10 2.62994062428035e-13 -3.57940459980799e-08)
(-3.39758330696753e-10 2.41594194154932e-13 -3.53209893195869e-08)
(-1.30815385928933e-10 2.25995824703092e-10 -3.61872995806518e-08)
(-2.53886114357763e-10 4.38518829211008e-10 -3.57932763139296e-08)
(-1.69791449642517e-10 2.93450896692917e-10 -3.53207698694817e-08)
(1.7270808105229e-12 3.9719778410103e-12 -8.11534488427566e-10)
(5.19380297213133e-12 1.00529060899656e-11 -7.97355077153118e-10)
(3.94224688466077e-12 7.61259422328679e-12 -7.73762091516614e-10)
(2.95407643874744e-12 4.74822677820691e-13 -8.09759008986728e-10)
(9.61148558800734e-12 4.29903270248806e-13 -7.95882300668705e-10)
(7.11539172806784e-12 4.42305219649348e-13 -7.7337483168822e-10)
(1.36091107006169e-12 -2.97290905568402e-12 -8.10818315088113e-10)
(4.58286132221396e-12 -8.89603857450701e-12 -7.96763433261156e-10)
(3.65156055450648e-12 -6.65751743162113e-12 -7.73532686510287e-10)
(-1.71726073188042e-12 -3.3570751223165e-12 -8.10663786482252e-10)
(-5.01422281743701e-12 -9.17479770135807e-12 -7.96616198258503e-10)
(-3.77908559275527e-12 -6.77969993807233e-12 -7.73409156720256e-10)
(-2.96826057181037e-12 -8.98167299805184e-14 -8.09749967038608e-10)
(-9.6919865940657e-12 -9.26164078225537e-14 -7.95849832775041e-10)
(-7.14693511793659e-12 2.76355705596204e-14 -7.73086473711585e-10)
(-1.27881268702282e-12 3.54461457102272e-12 -8.11103485172997e-10)
(-4.54851748668231e-12 9.51646105814584e-12 -7.96860747436079e-10)
(-3.30763239580005e-12 7.30146154262714e-12 -7.73486051072593e-10)
(1.54014396746814e-13 5.3058880192778e-14 -1.54444660250842e-11)
(1.96284070067621e-13 2.75232443362886e-13 -1.4752464309295e-11)
(-4.43841275701624e-14 -1.05097768646288e-13 -1.39467868124207e-11)
(4.57649903937573e-14 2.63295390420527e-13 -1.3752112422125e-11)
(-1.25263420447451e-14 2.9556391115232e-13 -1.38773398326689e-11)
(-1.00915860284693e-13 3.03028906190745e-13 -1.37947160203368e-11)
(-9.06669813756266e-14 4.69527384319273e-13 -1.44671819938767e-11)
(-8.81140123693893e-14 3.75685126599884e-13 -1.41803574665562e-11)
(-1.66695426817268e-13 7.11769225336594e-13 -1.36956944999598e-11)
(-3.10464473316374e-13 9.17267866525875e-14 -1.54191262129622e-11)
(-2.42398907325728e-13 1.00903445099456e-13 -1.46703115489337e-11)
(-1.46927128329648e-13 7.19957169985442e-13 -1.38715553424482e-11)
(-7.9446903045111e-14 -8.16109455550221e-15 -1.38144491641155e-11)
(1.09806606572819e-13 2.23532969168416e-14 -1.39387636498267e-11)
(2.26103758687735e-13 1.65723201126823e-13 -1.39144278451478e-11)
(8.33180673206136e-14 -1.60647916018082e-13 -1.48580788049406e-11)
(8.31813125196137e-14 1.59487503494299e-14 -1.45359145804077e-11)
(1.23894712936807e-14 -2.40828065817246e-13 -1.39851792718436e-11)
(6.42062193815342e-14 -4.74890264104347e-13 1.84777147737703e-13)
(4.08903752384717e-14 -5.35130867238714e-13 2.80854627329819e-13)
(-8.68824494499106e-14 -3.76212069221554e-13 3.83106102588925e-13)
(2.87700075633566e-13 -1.28782426199649e-14 9.86679357082673e-13)
(3.16177472042046e-13 8.45476244272894e-14 9.51827116998866e-13)
(3.7344673287352e-14 1.89718286084908e-13 5.01675854899891e-13)
(2.37977376749132e-13 5.63296160622085e-13 8.068480354765e-13)
(1.44804570650741e-13 5.59456675011656e-13 6.12385292590985e-13)
(-7.36015978174622e-14 5.28158635274771e-13 4.35673345748063e-13)
(-5.54933743100868e-14 6.74645224836341e-13 2.22608865592927e-13)
(1.08886640884942e-14 7.97300761169376e-13 1.88772047119101e-13)
(8.68776717556663e-14 6.14719304791905e-13 3.39689274727355e-13)
(-3.51929046505781e-13 1.98480853485672e-13 8.64997394625055e-13)
(-3.27089447446152e-13 9.73025498542628e-14 8.04688275004368e-13)
(-1.92016403291045e-14 -1.76951819486591e-14 3.68883869376481e-13)
(-2.07492713178728e-13 -3.96025493753114e-13 5.80403341667483e-13)
(-1.32614847339136e-13 -4.36165177541213e-13 3.85373457262877e-13)
(1.99147201791952e-15 -4.55301840818356e-13 3.21963901684987e-13)
(-10.4870118084534 -18.1640340362817 148.2792829621)
(0.95370265765407 1.65186212607884 123.565529289144)
(0.0437820336680627 0.0758336013919197 110.242567517084)
(-20.9740239318528 3.27194288177437e-10 148.279286037804)
(1.90740284373363 6.74095238636183e-10 123.565529522829)
(0.0875631991417237 -9.50344269653152e-10 110.24256780162)
(-10.4870118080309 18.1640340363515 148.279282963221)
(0.953702658655344 -1.65186212668609 123.565529288795)
(0.0437820351549905 -0.0758336008953755 110.242567514751)
(10.4870118072291 18.16403403697 148.279282963457)
(-0.953702660599052 -1.65186212406582 123.565529288933)
(-0.043782034920779 -0.0758336001542243 110.242567515331)
(20.9740239330764 9.30980892708387e-10 148.279286040036)
(-1.90740284376894 -1.34780047028463e-09 123.56552952582)
(-0.087563198194241 -9.52508209920951e-10 110.242567803745)
(10.4870118076077 -18.1640340380418 148.279282965893)
(-0.953702658866916 1.65186212619002 123.565529293008)
(-0.0437820333950826 0.0758336016205825 110.242567518635)
(-9.50887348702635e-14 1.14291164332035e-13 -3.85481610254595e-15)
(1.22078849598116e-13 2.97326529571917e-13 -1.60731381122092e-13)
(8.76154396512065e-14 1.40153794761767e-13 1.45072411477212e-14)
(2.29023936659175e-13 1.33655416627049e-13 2.57176016700831e-13)
(1.097573305742e-13 8.80866415091745e-15 2.5490285383896e-14)
(1.19289770028578e-13 9.05326922692993e-14 -1.95326416151206e-13)
(1.97351914689139e-13 2.14475235939819e-13 2.72215789431987e-13)
(2.46207765685306e-13 9.84206074062166e-14 2.50950370065363e-14)
(1.49214295121985e-13 2.11251147939708e-13 -1.27366907481566e-13)
(1.25685025456135e-13 2.16499732418213e-13 1.72017381548999e-13)
(1.70911052105709e-14 -1.92023191154984e-15 2.05534797643125e-15)
(1.40367396138818e-13 1.76485313384659e-13 -2.80822399034665e-13)
(1.02325367863812e-13 1.05889149793264e-13 1.4792544187613e-13)
(7.96185483163197e-14 9.91107325664305e-14 1.9053805481055e-13)
(-1.88177311226118e-14 1.70637797679251e-14 -2.78005797560526e-14)
(1.48631060664444e-13 3.127371326437e-13 -1.85677848983978e-13)
(1.04399717716e-13 1.34367508804711e-13 -8.06668700871983e-14)
(1.29028898936257e-13 3.57301395146781e-14 2.6576048819216e-14)
(3.13457213411261e-13 2.83176446416958e-13 1.15483553152459e-13)
(4.90186331108911e-13 6.81605689580393e-13 6.48452190712896e-14)
(2.87482361762489e-13 3.18815607181059e-13 -6.54782237094396e-14)
(3.64957560133345e-13 3.76024391027244e-13 3.65578732443921e-14)
(4.93800920259288e-13 5.25081737212158e-13 -9.56721238399137e-15)
(3.3396550211495e-13 4.27934810137716e-13 2.8924811071784e-14)
(2.95614956533751e-13 4.63592855113067e-13 1.59730255036055e-13)
(3.65610483587461e-13 5.91663858286652e-13 3.02525731614224e-14)
(2.88802242872194e-13 2.91366639071917e-13 -1.03760879300015e-13)
(2.40221890462809e-13 1.83881641213934e-13 2.96732767115652e-14)
(3.50934974263913e-13 4.34774826542533e-13 1.28494060871143e-13)
(1.93667219152853e-13 2.91670529025017e-13 7.8325767559788e-14)
(9.69307022871389e-14 1.09038799561589e-13 -5.77668946163821e-14)
(1.0773459077247e-13 -1.63278989907373e-13 7.39173087070884e-15)
(2.14876986400505e-13 -1.76108880263212e-14 -2.75261836218392e-14)
(1.87101598066985e-13 -1.16825752985291e-14 -8.25397775709157e-14)
(3.02883956924395e-13 3.11031198137429e-13 3.25269429446431e-14)
(2.08526088278728e-13 -2.45628423177505e-15 2.07797838408053e-14)
(2.03282031374952e-13 -5.9536356584621e-14 3.01271705363815e-14)
(8.98544713273008e-14 -2.10706436474141e-13 -2.87192800494471e-14)
(2.18812313552628e-13 1.4629562147378e-13 -7.46061623440471e-15)
(2.72170496203027e-13 1.94944066992164e-13 1.64290208420781e-13)
(1.10172904683496e-13 1.09782157642554e-13 9.7959739509555e-14)
(1.24754009158935e-13 8.10154614112264e-14 -1.25597970048172e-15)
(2.37939777133456e-15 -1.39917691672473e-13 -2.08879449816228e-15)
(1.83865752857162e-13 -2.30192991500666e-14 6.93639401345302e-14)
(-9.77016722549302e-14 -6.05383598822947e-14 4.88900358114119e-14)
(1.63738826654703e-13 5.54927665811269e-14 -2.17570696889142e-13)
(2.32378634002573e-13 -8.86471563738441e-14 -7.37807526282265e-14)
(2.7878716186597e-13 1.05686790092526e-13 -4.7510181062566e-15)
(2.30329212938109e-13 -2.12716227375631e-13 -2.82378616843329e-14)
(1.68253600114597e-13 -5.6083677772707e-14 6.03275869736652e-14)
(1.84122608081213e-13 -7.28021268595089e-14 1.1730483026617e-13)
(8.42463154703886e-15 -1.84403023820225e-13 1.09931566035122e-13)
(-2.09534587532047e-14 -2.74784396931778e-13 -1.5768269394895e-13)
(2.00980610473356e-13 -2.2277735209991e-13 -2.18572605658533e-13)
(1.25847074135735e-13 -6.39080506985556e-14 2.90682118143339e-13)
(-5.43338261697127e-14 8.68625801040401e-14 1.01355747313829e-13)
(6.9391026218556e-14 2.29697548176708e-13 4.07871119027131e-15)
(9.09909981400892e-14 9.75127911410928e-14 -5.65803455537104e-14)
(9.52628544507274e-14 8.21452698660044e-15 5.40344783064096e-14)
(-1.21961351530351e-13 1.77782893021862e-13 9.48409663517891e-14)
(-4.90225192685455e-13 -1.39099796137203e-13 3.74088738097209e-13)
(-3.02831649519395e-14 -1.87354422533104e-13 9.60502573384464e-14)
(6.3155857039771e-15 -4.41064165071204e-14 -1.34258505093459e-14)
(-4.49419319852209e-15 3.43782105038852e-14 1.53984639161822e-14)
(-2.30000639321751e-14 1.2730018439609e-13 2.3875848600431e-14)
(-1.19796189488551e-15 -3.24920510843294e-14 -5.22521774909868e-15)
(2.212366450559e-14 5.1720500180233e-14 1.24284682998694e-14)
(-6.04652810199851e-16 1.16982214970404e-13 3.23576005866712e-13)
(3.98402747345914e-14 -5.31656434872488e-14 -1.4385795196141e-13)
(7.49423200157299e-14 -3.00645937923332e-15 -1.32902155793512e-13)
(-1.48792143944467e-14 -8.43729772463309e-15 -4.36410212297307e-14)
(1.34717924111603e-14 3.28502614658797e-14 -2.26497411425505e-13)
(-4.2189470892713e-14 3.34221837887569e-14 1.0061617238339e-13)
(-3.23565264186483e-14 -3.12324392269178e-14 7.50621830008701e-14)
(-6.27403967262068e-14 -1.62841519488736e-14 -1.84779096218171e-13)
(-5.79774664091515e-14 -1.14939761997313e-13 1.42640957529394e-13)
(5.49709998687279e-13 -1.19130314039688e-13 -3.40461145666672e-14)
(3.23236667676502e-13 -4.86721120585956e-15 -1.39853264818029e-14)
(6.00109354588185e-13 2.31142060926613e-14 4.96560349992811e-15)
(6.48331677614674e-13 7.79805629113135e-14 2.23048646613609e-14)
(7.33548251112976e-13 1.6169894761913e-14 -1.89907761621147e-14)
(5.07481510676151e-13 7.08428297234625e-14 2.20999493675525e-14)
(7.75539313623363e-13 5.82124503195128e-14 1.48398233832648e-13)
(1.03147359629311e-12 -6.10225817667794e-14 -9.8080349070245e-14)
(5.55854616156347e-13 -1.35093414557352e-14 -3.68045302976849e-14)
(7.99988928375702e-13 -1.38472698462114e-14 -1.48079000806654e-14)
(6.21397320567819e-13 6.17321635808078e-14 -1.08383255010984e-13)
(2.85676060953373e-13 4.15120458774426e-14 9.41198773733399e-14)
(3.38270439231556e-13 -4.98366630593767e-14 3.66759467282169e-14)
(3.02276237852682e-13 -1.97814507755936e-14 -1.54842890136663e-13)
(4.31625138565091e-13 -5.38226830466586e-14 1.04793365715982e-13)
(4.33427898696854e-13 -1.94441459853434e-14 3.22022709433874e-14)
(5.58970210353789e-13 1.18103096400761e-13 1.40591379710746e-14)
(3.91521911561431e-13 3.19093329217052e-14 -1.16474828791634e-13)
(7.19927408415006e-13 4.47337824259462e-14 -3.15521911506989e-14)
(5.50639537071911e-13 5.40249674871077e-15 5.79616280248426e-14)
(4.81405360070526e-13 5.74512119908224e-14 5.28901921014836e-14)
(5.05276427962394e-13 2.99982425990737e-14 1.62941822921276e-14)
(6.4158974806679e-13 -2.67404893187138e-14 -4.06504855613299e-14)
(5.81196625986761e-13 8.37406226693236e-15 -6.44487595806752e-14)
(8.13582623454585e-13 -1.39749554172838e-15 -9.94657444233665e-14)
(6.74070620618878e-13 4.08720479779884e-14 6.86220967442522e-14)
(3.37379557307195e-13 -3.00556261022899e-14 2.08409501448804e-13)
(6.35986667628463e-13 -4.38183666033341e-14 -1.95333631440471e-14)
(3.97832186758013e-13 -1.18827082200164e-13 -1.96840635299452e-13)
(2.59473260505614e-13 -1.93465102896217e-14 3.58521607218375e-14)
(6.07101165508175e-13 -8.66915543538682e-15 -9.26085014077186e-14)
(8.49692625245361e-13 6.9908890368355e-14 4.97213318198746e-14)
(5.67760227210387e-13 2.49845568057485e-14 -2.70533176204351e-14)
(5.75363977425097e-13 2.89267665077441e-14 -1.02367156921178e-13)
(5.73402292013568e-13 5.65045225243095e-15 3.01952287416577e-14)
(5.86411882495017e-13 3.89251247926516e-14 4.77976826546985e-14)
(4.73956701245617e-13 1.66644618149108e-15 7.81506997564062e-14)
(6.40295999918321e-13 -1.79328978383914e-14 -1.36752053688759e-13)
(6.49669231393885e-13 3.51773208789378e-15 -8.71632189420911e-14)
(2.78862806320813e-13 6.45468118888447e-15 -8.71454006267016e-14)
(4.1452157923423e-13 4.38483978441593e-14 1.40273702376083e-13)
(5.86444898507994e-13 -6.20882992738451e-15 1.1995726555027e-13)
(8.46912738227981e-13 -5.28250566858282e-14 -5.86175353731491e-14)
(4.07008690752985e-13 -8.89017594616243e-14 7.01109825033994e-14)
(-9.15671371985895e-14 -1.14511048686785e-13 8.06487327768094e-14)
(2.25527480602179e-13 -1.37444820388856e-13 -3.97271239208588e-13)
(2.10065925697645e-13 -2.62766155731001e-13 -4.28200358644976e-13)
(2.5905367216448e-13 -2.06375271255843e-13 6.98880268927477e-15)
(8.13759542407303e-14 -1.00798043913417e-13 2.55733472754375e-13)
(1.95882002077683e-13 -8.25538584898279e-14 -6.46192769641475e-14)
(1.65582534581295e-13 -2.63765618135104e-13 -1.72431850857636e-13)
(2.31997359810557e-13 -2.66840917343869e-13 2.72818177356135e-13)
(2.05423966855778e-13 -9.65411792115152e-14 1.21559931886944e-13)
(8.63078863359326e-14 -9.83761959653844e-14 2.67520711058747e-14)
(4.18233249669012e-14 -1.30823804756885e-14 -5.66895254551203e-14)
(1.59696575091642e-13 -2.58506444821535e-13 -3.35229813309994e-13)
(1.65550998440741e-13 -2.99871636272987e-13 2.47131678835688e-13)
(8.70934863146271e-14 -7.18715885091006e-14 2.90595192579639e-13)
(-3.40112855192085e-15 2.79976752271397e-15 -8.45288589565192e-14)
(4.04632309166365e-13 -7.1357790206943e-13 -1.19256945181218e-13)
(5.80633180258632e-13 -7.26019863143487e-13 -3.28174746046521e-13)
(3.9050183742817e-13 -4.52157963951327e-13 -1.90686988859287e-13)
(3.04393449493556e-13 -2.83966347326703e-13 5.57672593745932e-14)
(3.93438027425091e-13 -4.62976174757239e-13 9.15973940217992e-14)
(4.21824507470815e-13 -4.59749241111638e-13 -1.01124157974735e-13)
(2.92459144605912e-13 -3.39673711436407e-13 -5.22534148497597e-14)
(3.0540293635871e-13 -2.09907728864193e-13 1.16380128848025e-13)
(5.70367206194538e-13 -6.70819187225886e-13 8.07216773935124e-14)
(3.52225485965789e-13 -4.71353951199018e-13 6.18489870244169e-14)
(3.77720872442386e-13 -5.71959001181149e-13 -4.09224556558879e-14)
(2.40413968914314e-13 -2.903958206696e-13 -1.91334056566969e-13)
(1.13616464475614e-13 -1.50083133548653e-14 1.58331540907338e-13)
(4.47524471537828e-13 -5.30423176505755e-13 2.79483156421796e-13)
(1.34447661263757e-13 -2.0484026208812e-13 -4.11600209851473e-14)
(2.42927838620574e-13 -3.97896411459908e-13 -8.70491812239864e-14)
(2.24945406425142e-13 -9.69947417236689e-14 -2.75458814680715e-13)
(1.64995612682258e-13 9.63938564361776e-15 -1.00350601594629e-13)
(1.67461989066588e-13 1.1030966217223e-13 -3.49623529429178e-14)
(3.20273365728016e-13 -2.19706162295572e-13 2.01759623350316e-14)
(2.0956285254684e-13 7.56256482473542e-14 -4.29717337720733e-14)
(7.24941857006126e-14 2.10920972365534e-13 -2.62193585190724e-15)
(3.23237687943686e-14 3.28328052149183e-13 3.24015754216041e-14)
(3.21726916268787e-13 -2.37243285439338e-13 -6.08154621580395e-14)
(3.05910350509885e-13 -1.65034092178921e-13 7.95394997761754e-14)
(9.06403248593667e-14 -9.07524460479815e-14 1.08297664556634e-14)
(1.74261466805529e-15 6.28065857948233e-14 1.76704186995223e-14)
(-7.12244101421178e-14 2.85922772992893e-13 4.38852452590269e-14)
(2.74440509092489e-13 -1.15507851729781e-13 1.24549562029799e-13)
(-1.12164456357675e-15 -1.23868445999294e-15 -4.20879511990794e-16)
(2.72186542336366e-13 -1.23530655243064e-13 -1.81585899174471e-13)
(2.24349270079102e-13 1.52096138187106e-13 -1.46504264801089e-13)
(8.58066219915878e-14 1.61794239123713e-13 8.29281203678885e-16)
(8.66592848481475e-14 4.53968940368686e-13 -7.62754604624201e-15)
(1.27666949367381e-13 9.06605099533788e-14 4.74959974807204e-14)
(2.04469548679445e-13 -1.1686333078697e-14 1.15858084867371e-13)
(-3.67127646888529e-15 1.45391912051344e-13 1.29746157104142e-13)
(-7.35543836714277e-14 3.40039009105264e-13 -1.16232587514371e-13)
(2.4863716755294e-13 2.21937917991697e-13 -2.23524956474015e-13)
(1.2529585138414e-13 1.42343915502155e-14 2.67360401612514e-13)
(-9.31553058810264e-14 -6.81549006510629e-14 9.1755355869834e-14)
(1.3013416456571e-14 -1.82530175273822e-13 4.47601082172186e-15)
(2.33106641922763e-13 -2.98078280520949e-13 1.04936684110834e-14)
(2.24300283905598e-13 -1.93070603058526e-13 1.19135795141971e-13)
(1.98382187463081e-13 -5.63887823741763e-13 9.49961642837922e-14)
(1.21227946379815e-13 -1.61774389585213e-13 -2.1034894642168e-14)
(-1.21597446323581e-13 -2.87553311035824e-13 -3.14286226969552e-13)
(-8.02865771518955e-14 -1.42109984396936e-13 -5.56533038790455e-14)
(-2.30278027777751e-13 -1.68258978038291e-13 7.40404467050754e-14)
(-9.28386138917609e-14 -7.2910485460587e-14 2.27434259115828e-14)
(-1.84350894617571e-13 -2.21908339619968e-13 -3.10670871460464e-14)
(-1.72265895306495e-13 -2.04288991833394e-13 1.74907196670158e-13)
(-1.84171515649965e-13 -1.02432364141595e-13 3.8520639765627e-14)
(-1.22612983507014e-13 -1.74975432520717e-13 -4.48606853516557e-14)
(-1.11080393756997e-13 -1.66011444290798e-13 2.36260441054825e-13)
(-3.01899923910369e-14 1.32823483747868e-15 -8.30469768017423e-15)
(-1.02951057382654e-13 -1.50450367678221e-13 -2.67046174863944e-13)
(-1.00707409961045e-13 -1.14325249394758e-13 1.77024914274798e-13)
(-8.45892259414892e-14 -9.52164791788106e-14 1.95686861727534e-13)
(2.16655446524541e-14 1.80303542094559e-15 -3.00366082376683e-14)
(-2.73695453788999e-13 -5.654541232879e-13 -1.89109742491441e-13)
(-1.41060627569981e-13 -1.93962621321912e-13 -1.39621748035679e-13)
(-1.32753463322747e-13 -2.99345965136813e-14 -1.19322762087728e-14)
(-2.79113766858345e-13 -2.15810542945549e-13 -7.52031739374051e-14)
(-4.10195955399369e-13 -5.52683984285171e-13 2.32546767718287e-15)
(-2.82936183448826e-13 -3.19600249233496e-13 1.02375175203312e-13)
(-3.41319822870042e-13 -3.37515993789798e-13 7.27171422773918e-14)
(-3.89151928629431e-13 -3.70302583804868e-13 -1.26889577436819e-14)
(-2.97538840433107e-13 -3.8667953309382e-13 5.38264414455227e-14)
(-3.30829353898482e-13 -4.62954663325686e-13 1.90880032863231e-13)
(-3.70914953727335e-13 -5.46526108600337e-13 3.00650062505706e-14)
(-2.5729805269034e-13 -2.72620166463905e-13 -1.05387436600594e-13)
(-2.33520336599195e-13 -1.82726881727487e-13 5.41716850966967e-14)
(-3.46860532127181e-13 -4.48193832200672e-13 1.82014248838963e-13)
(-1.92867422153857e-13 -3.04843228939005e-13 6.54014661812026e-14)
(-1.31951981146023e-13 -2.56821983975249e-13 -2.89908397469058e-14)
(-1.23836969506594e-13 1.56732397897368e-13 -8.72934634667015e-15)
(-2.43196224993121e-13 3.35504521195389e-14 -5.21662291470449e-14)
(-1.67528328697947e-13 1.09332308984383e-13 -1.92798150502095e-13)
(-1.84695992542241e-13 8.94887104106561e-16 -1.85575729515216e-14)
(-9.49213300209863e-14 1.64667060604074e-13 1.23738177718531e-13)
(-1.79938278196228e-13 9.7146384775494e-14 1.14241856189209e-13)
(-4.45475841387764e-14 2.8616899751542e-13 -1.95665311316481e-14)
(-1.87006337251274e-13 -7.99886333621115e-14 -2.35118460036315e-14)
(-2.69676037069325e-13 -1.39899825286818e-13 1.72806045551831e-13)
(-1.00006414323681e-13 -1.20612043644855e-13 1.03325573112383e-13)
(-1.03557591600201e-13 -6.09522994829246e-14 -1.16621869441962e-14)
(9.76336962100905e-15 1.44480757652175e-13 1.90933243093605e-14)
(-1.96543449230412e-13 1.42200253991402e-14 1.00135741319187e-13)
(2.62995981270443e-14 -7.00655408204547e-14 3.22142764462093e-14)
(-1.17547592519095e-13 1.0429601910816e-13 -1.94218861981137e-13)
(-2.11453605282962e-13 1.94082904300532e-13 -1.18743824505202e-13)
(-3.28439181224971e-13 -6.89351589708359e-14 -2.38413369075438e-14)
(-1.814037904705e-13 2.54361339228281e-13 -6.27211899828866e-14)
(-7.16740878156928e-14 1.95375407232311e-13 4.0176991333283e-14)
(-9.51260017046323e-14 2.03881658169179e-13 1.48612960999476e-13)
(-2.13555498674561e-14 1.32098161212515e-13 1.27435225071746e-13)
(1.9276219923829e-14 2.73686143322231e-13 -1.49696055240308e-13)
(-2.24278255128946e-13 2.434175964987e-13 -2.25491939541755e-13)
(-1.1821159545988e-13 9.56023102853951e-14 2.87971728077104e-13)
(6.95479881275239e-14 -8.02050850322631e-14 1.02293852300971e-13)
(-4.73637582611928e-14 -2.07153954203746e-13 -6.22737100252398e-15)
(-8.09385869633554e-14 -8.07484747132216e-14 -5.26618230217641e-14)
(-2.04467483565266e-13 -1.28377640592979e-14 5.57208150762647e-14)
(4.99783466201963e-14 -2.58784626299334e-13 9.08889199237447e-14)
(4.52102979862252e-13 8.05732010186583e-15 3.65076486274546e-13)
(2.43941465185409e-14 1.51799067334344e-13 7.04472638645478e-14)
(-1.20139025900428e-14 4.47587388424029e-14 -2.22930240786632e-14)
(4.17762472233428e-16 1.527819955697e-14 -5.5906589491988e-15)
(1.10297651572628e-15 -8.88559441570274e-15 2.09370148479162e-14)
(-2.65485932627846e-15 7.61955411198311e-14 -6.4644023641108e-15)
(-1.44419980025533e-14 -2.00143843044454e-14 6.926624838815e-15)
(-1.20972267221427e-14 -3.64427336357482e-14 3.25911713239818e-13)
(-4.5557549856025e-14 7.71540052027095e-14 -1.45692059617598e-13)
(-7.07487080859662e-14 1.80993244715675e-14 -1.25138839806707e-13)
(1.62628249656526e-14 2.96486828350959e-14 -4.32092883105228e-14)
(-2.22806865043123e-14 1.09650200990217e-15 -2.33219247815255e-13)
(4.34083103245761e-14 -3.17174106277657e-14 1.04824992022103e-13)
(2.4069239435021e-14 2.25908100242632e-14 8.11879986378753e-14)
(5.45895086447805e-14 5.50258580851551e-15 -1.69484307636926e-13)
(-5.9915610930472e-14 5.17574701264018e-14 1.37840724668736e-13)
(-5.93349586325836e-13 1.09884443570763e-13 -4.28877504806984e-14)
(-2.95398687956408e-13 3.21094293458464e-14 -2.46270382127703e-14)
(-6.03286604043369e-13 1.13438894283889e-14 -2.14211105472584e-14)
(-6.75371676074986e-13 6.28143964400534e-14 1.66660492629582e-14)
(-7.43533691336759e-13 4.29342301026283e-14 -1.38489818909946e-14)
(-5.11616591545643e-13 -4.96965379505495e-14 2.56293077128538e-14)
(-7.59303965079259e-13 -4.20163382422151e-15 1.48400315220151e-13)
(-1.03207110360955e-12 7.1605563996597e-14 -9.91594537578571e-14)
(-5.45945670698118e-13 3.92751675663879e-14 -3.37301442025903e-14)
(-8.06950853198758e-13 2.09921302579992e-14 -1.55618519470665e-14)
(-6.31341273662561e-13 -3.26449549755612e-14 -1.15094152088293e-13)
(-2.87956638633781e-13 -4.54205700931113e-14 1.0571927726154e-13)
(-2.74442382992531e-13 4.83590344219927e-14 5.21503130727599e-14)
(-2.88626113603501e-13 -9.07268229957079e-15 -1.49109397189891e-13)
(-4.70896641121206e-13 4.55656192621209e-15 1.14332759376517e-13)
(-4.38999983954602e-13 2.78975482703019e-14 6.34418301925359e-14)
(-3.50551248527597e-13 -9.34791008300955e-14 1.88709603277796e-14)
(-3.73219677004393e-13 2.59611024152138e-15 -1.48615219925691e-13)
(-6.83916306174483e-13 2.97256290265353e-14 -2.01291809021408e-14)
(-5.3874562617385e-13 3.8966376614403e-14 7.01500600437976e-14)
(-4.91720731511587e-13 -4.3704758081732e-14 6.22873038025403e-14)
(-5.00597658871997e-13 -3.88763150464255e-15 2.16081045509219e-14)
(-6.20090217122525e-13 3.26148446524129e-14 -4.07036941997865e-14)
(-5.74953019604992e-13 2.42157415253364e-15 -6.94381501484272e-14)
(-8.38261164414498e-13 -1.71114020478219e-14 -1.03231066426709e-13)
(-6.80591267363172e-13 -2.43663503159173e-14 6.36533894649118e-14)
(-3.17795708022148e-13 3.01831013582519e-14 2.40035934638472e-13)
(-4.36626751047219e-13 2.61975122503021e-14 -4.15514388113832e-14)
(-3.88563570037784e-13 8.88015050107664e-14 -2.04897774178525e-13)
(-1.72526293346854e-13 2.53744763072979e-14 4.05590156737357e-14)
(-6.032765175375e-13 2.18147075704317e-14 -2.52701054409123e-14)
(-9.06935156836886e-13 -5.75234193029588e-14 4.25158972435167e-14)
(-5.84479422749794e-13 -1.01181355685451e-14 -1.21215163375474e-13)
(-5.6372366744129e-13 1.20122084287557e-14 -1.07629775386604e-13)
(-5.60784516488611e-13 1.15708156828853e-15 3.29576742134725e-14)
(-5.84541872967617e-13 -4.72076248097934e-14 5.28470472647828e-14)
(-4.84356854611466e-13 -9.5637377105427e-15 7.73776883340927e-14)
(-6.16537333275568e-13 2.8846737630244e-14 -1.51881126267511e-13)
(-6.33285886803097e-13 5.45830611004884e-16 -9.9896357209651e-14)
(-2.78898554237029e-13 -1.90553349089115e-14 -9.29334116507675e-14)
(-3.95437260741201e-13 -3.51395328676709e-14 1.3546393369522e-13)
(-4.5994897537979e-13 7.95756549382275e-15 2.39840363968363e-13)
(-8.56349206849535e-13 4.00483500234591e-14 -6.26413302407117e-14)
(-4.07009951004677e-13 8.18347773089281e-14 -3.508296503849e-14)
(2.42673858596998e-14 1.4648802169888e-14 5.01353292948882e-14)
(-2.57347014634859e-13 9.17372127536774e-14 -2.96388895978607e-13)
(-2.45365510591103e-13 3.21909958765211e-13 -3.73182404787156e-13)
(-2.62985522061043e-13 2.21819529225422e-13 9.57677615799837e-15)
(-4.09380882296782e-14 1.96933485062396e-13 2.21341053896034e-13)
(-1.47882159187067e-13 1.12851660517586e-13 -7.32030481154791e-14)
(-1.44986474728268e-13 2.48656303703175e-13 -1.64021029819705e-13)
(-1.67668382689913e-13 2.49177896612251e-13 2.60100996060123e-13)
(-1.73804011896901e-13 9.42984507719991e-14 1.07671576316567e-13)
(-6.24404069924099e-14 8.8099640022867e-14 6.5828586760899e-14)
(-5.16479824480002e-14 -5.58056573587403e-16 -6.59869850689917e-14)
(-1.4515384734445e-13 2.64370308087138e-13 -4.09699092171595e-13)
(-1.79233600778983e-13 2.92364732595182e-13 2.5295332380716e-13)
(-9.46537027188354e-14 7.45006213248993e-14 2.9243212123972e-13)
(-3.0272293254099e-16 -9.04542566601423e-15 -7.72784903123342e-14)
(-4.47882763008445e-13 5.63393656245259e-13 -9.84432588273504e-14)
(-6.06388895498842e-13 7.08662969234479e-13 -3.16027874210191e-13)
(-3.55814611661459e-13 4.03187397147217e-13 -1.81681082608515e-13)
(-3.02783043450305e-13 3.08676776018985e-13 5.18463022907704e-14)
(-2.83329783755675e-13 4.4986879985577e-13 7.65877090950307e-14)
(-3.61850833289757e-13 4.88941329839494e-13 -1.31158509199064e-13)
(-2.83232056203549e-13 3.47172412322911e-13 -5.69432976000487e-14)
(-2.66015227760631e-13 2.27839574964664e-13 1.15257318927046e-13)
(-5.55290830084095e-13 6.83200518999145e-13 8.54169129388835e-14)
(-3.68019608925518e-13 5.08504957679692e-13 9.01078533569279e-14)
(-4.20560646542532e-13 6.38437813302623e-13 -6.50423366091968e-14)
(-2.25713334872673e-13 3.0158283233921e-13 -2.26714205605053e-13)
(-8.54774052500597e-14 -1.27530353626439e-14 1.64629115870511e-13)
(-4.40843550189829e-13 5.24464816584807e-13 2.82619358746295e-13)
(-1.6506770981854e-13 1.96367435148769e-13 -3.34363825519905e-14)
(-2.99649100189652e-13 4.65276985684551e-13 -9.28872200348452e-14)
(-2.54605364853411e-13 1.13885008293366e-13 -2.11825480246124e-13)
(-1.60761252296568e-13 -5.08994504834787e-15 -7.38322713325797e-14)
(-1.49342692632659e-13 -7.61431107293798e-14 -4.46814795818211e-14)
(-2.69474608199321e-13 2.468748998376e-13 7.6079865993263e-15)
(-1.6865093951998e-13 -5.67005234994537e-14 -7.07830695849703e-14)
(-4.73926133099084e-14 -2.14538358877075e-13 -9.06363413748888e-15)
(-1.53676236219958e-14 -3.1123537864191e-13 3.1594559166147e-14)
(-3.16107908980658e-13 2.53876537700327e-13 -4.80367044249049e-14)
(-3.3519364092828e-13 2.6174219854274e-13 6.73223564800088e-14)
(-1.25394010683638e-13 1.64689494181299e-13 -5.67535167867329e-15)
(1.44826728737622e-14 -5.33142276633401e-14 3.09479188168121e-14)
(6.34109051279802e-14 -2.79892841557194e-13 4.4237392169156e-14)
(-2.90314244895913e-13 9.22748707176909e-14 1.28250924419275e-13)
(-2.06578420713566e-14 -1.53455932339824e-14 2.20215843479499e-15)
(-1.95240020079492e-13 -1.65870883068231e-14 -1.81705146545281e-13)
(-2.44014843204764e-13 -1.66038526450445e-13 -1.58938407061972e-13)
(-1.80711378984938e-13 -2.01436083635629e-13 -1.37313638969119e-14)
(-1.5756923521319e-13 -3.56602512261409e-13 -1.06937208070922e-14)
(-1.39850310421997e-13 -5.3385673787356e-14 3.90468602267208e-14)
(-1.89599836777184e-13 -2.00961635209379e-15 1.17987101693949e-13)
(-1.06701432980099e-14 -1.45528246150506e-13 1.28282418057385e-13)
(1.03713950974841e-14 -2.47035334436005e-13 -1.04705752316209e-13)
(-2.3805145497914e-13 -2.23630698824135e-13 -2.29225199359662e-13)
(-1.42986191350218e-13 2.77680850728955e-14 2.37001892330211e-13)
(-3.54117292403372e-14 2.53986973121619e-13 6.72862810762301e-14)
(-1.31537606965719e-14 1.93991529849884e-13 2.73820058802846e-14)
(-2.02832571843384e-13 2.57366608238497e-13 2.07071121596606e-14)
(-2.84401458875667e-13 1.18177847564844e-13 1.10012326413694e-13)
(-2.06989089764787e-13 5.53166438542932e-13 9.09053032987896e-14)
(-3.17134450904018e-14 -4.73688946011473e-13 -1.40495005637011e-13)
(4.5633950998553e-14 -3.95855133453745e-13 -4.62969426939242e-14)
(-2.39197305743393e-14 -2.68902197125774e-13 -9.20733165580707e-15)
(-1.31038348423639e-14 -4.48039787169998e-13 -6.17432015171605e-14)
(1.31504763927652e-15 -2.61534363221658e-13 -7.68866045506304e-16)
(1.68069933144796e-13 -1.49093676886859e-13 1.27392051363859e-13)
(1.0129394703014e-14 -1.59366837713458e-13 1.35780444578644e-13)
(1.44465077517814e-14 -1.71155157112343e-13 -1.06657464284024e-13)
(-1.07217283755284e-13 -7.02499388156583e-13 -1.70849852014794e-13)
(-8.61946371195451e-14 -3.44742136064817e-13 1.35680037906501e-13)
(1.312499592517e-13 3.57795724269672e-13 4.84018551286381e-14)
(-6.35627840253219e-15 1.37047472334849e-13 -9.47475331048488e-15)
(1.12058967114872e-13 2.38870033848233e-13 2.05423287578715e-15)
(-1.10570855883445e-13 -2.28668923126112e-13 6.88297219887267e-14)
(-1.95000729454768e-14 3.22578162751088e-13 6.09991242378484e-14)
(1.29325179068306e-13 -4.54179152126558e-13 -1.35600531312837e-13)
(-3.3004351892416e-14 -3.41287661105099e-13 -9.4778760829192e-14)
(1.2284753987194e-14 -5.77286277312202e-14 1.82498673754055e-14)
(-8.33037668894895e-14 -4.96982154524719e-13 -7.88456101668629e-14)
(1.06376918509072e-13 -1.92500003594637e-13 -5.78412595521018e-14)
(1.39904837090074e-13 -2.21835787082413e-13 1.46921083359405e-13)
(5.01953066012948e-14 -2.2176202386959e-13 1.403036868001e-13)
(2.67505329858091e-14 -1.98202480227749e-13 -6.35831571818822e-14)
(6.36321691953673e-14 -5.83592594108142e-13 -1.46417876703632e-13)
(5.61594281386501e-14 -2.67336550222768e-13 8.67926169485367e-15)
(2.44873593080338e-13 3.81041633784113e-13 1.92168763633977e-14)
(-1.04878092263882e-13 5.68578447623112e-14 4.63158619271935e-14)
(-6.43813587535716e-14 -8.00558521049946e-15 4.11423071832336e-14)
(-1.1659251628728e-14 -2.36802988244715e-13 8.34699247062778e-14)
(4.41213354452986e-14 9.117453564516e-14 3.85304806899367e-14)
(-1.01388550418311e-14 -4.85057619999236e-13 -1.14874655183126e-13)
(-1.78787829271037e-13 -3.25599182587501e-13 -1.23430495328645e-13)
(-1.67482016216512e-13 -5.26065064193352e-14 2.64385897770715e-14)
(-2.00601457146624e-13 -2.63271261669761e-13 -5.10004352526937e-14)
(-1.5542142312457e-13 -3.83231088458287e-13 -8.39302873978141e-14)
(-1.74086569909045e-14 -2.76939390829663e-13 1.34576600190433e-13)
(-7.21031522978629e-14 -9.98793048813539e-14 1.36493842370241e-13)
(-5.77432820845999e-14 -1.53678805475179e-13 -5.19007730386844e-14)
(-6.75600247547231e-14 -4.87925091188132e-13 -1.24334508453741e-13)
(-1.02518666319508e-13 -2.18509647832764e-13 -5.45278512675595e-14)
(1.38285423311e-14 8.58898895422336e-14 2.16145649455702e-14)
(-2.93840078033064e-13 2.26042060533685e-14 8.74871184662074e-14)
(-2.82672325770419e-13 -6.33212227873911e-14 3.16205285598027e-14)
(-1.35964647981109e-13 -1.95919244051239e-13 4.86828278666843e-14)
(-4.97543264052905e-14 2.47446392392657e-14 8.19417300717073e-15)
(-6.9297131700171e-14 4.66041557075358e-14 -1.04462652150961e-13)
(4.33090585740174e-13 5.18319651370392e-14 -1.5687939466208e-13)
(1.55480226133349e-13 1.10915786368219e-13 3.82249915734092e-14)
(3.43216422903792e-13 -7.88765072725875e-14 -7.85130981171875e-15)
(1.81402238903626e-13 1.80532309662236e-14 -4.52684768302744e-14)
(4.17656547432201e-13 6.37330877378147e-14 2.75643814432529e-14)
(-1.19331685274885e-13 9.2708881951422e-14 5.33703502838186e-14)
(-4.20374266792177e-14 -2.19250994645681e-14 8.18512953462912e-14)
(1.06518479805113e-13 1.4363195965142e-14 -1.64190442493353e-13)
(-7.316831945873e-14 1.52782299939172e-14 -5.81237560702013e-14)
(-1.09617250735942e-13 3.74145679020856e-14 -4.04476318359206e-14)
(-1.97319034772953e-13 7.98477523751046e-14 9.32725442236886e-15)
(2.80696133987343e-13 9.09772606976081e-14 9.12348691989679e-14)
(-8.33868413684641e-14 -1.61617659901786e-14 -5.09356032173629e-15)
(-2.77738966852648e-13 3.57815172127059e-14 7.5185549849763e-14)
(1.05692780630874e-13 9.81688216261343e-14 -1.30617853833858e-13)
(6.05275361423957e-15 6.22212183631101e-14 -2.21537769757712e-13)
(-1.72184908404888e-13 4.85815118326435e-14 7.74394621422394e-14)
(7.35261126283549e-15 -6.70318688083072e-14 -2.7473986007398e-14)
(8.91156805686595e-14 7.80864077758491e-14 -1.22188643865923e-13)
(2.40159830849449e-13 1.6977916601097e-13 1.63075030547708e-13)
(-2.29324946989032e-13 1.25289710793067e-13 1.41159991084158e-13)
(-2.86630490889594e-14 3.72309562838398e-14 1.19741221510408e-14)
(8.85132207234601e-14 -2.87112574869945e-15 -1.06101503825534e-13)
(-1.19527512351798e-13 8.38081944576722e-14 -1.22118343051013e-13)
(2.46455155589698e-14 1.0284935093077e-13 -7.66033371138825e-14)
(-4.52533221684141e-13 1.15092621312281e-13 4.43109228831938e-14)
(-1.43070288007007e-13 1.8828328821671e-13 1.48351956969009e-13)
(-1.618529918658e-13 4.06080899424278e-14 9.55993992970248e-14)
(-2.91953545339303e-13 6.45245424692397e-14 4.45849266776506e-15)
(1.00099111314773e-13 4.11568164140681e-14 -1.39435325325812e-13)
(-3.78932790498433e-13 9.48020573593092e-14 -1.60074026024094e-13)
(-4.41857200707735e-13 -4.266149038897e-15 3.56313312887288e-14)
(-2.04438515717594e-13 -3.93521275557037e-14 -4.53000394145283e-14)
(-3.25881581342067e-13 4.17443171239735e-14 -9.45802107626973e-14)
(-2.5405437197312e-13 2.68198021455748e-13 1.11319511574854e-13)
(-1.63750347739189e-13 7.47116441429601e-14 1.23494074747666e-13)
(-1.10299073110779e-13 3.81243189968098e-14 -1.11307198069476e-14)
(1.18984328462155e-13 -3.06388019744571e-14 -1.11324228013436e-13)
(-9.08604845358475e-14 -1.28063417368746e-14 -1.05748923277137e-13)
(-1.91879070878736e-13 5.78752335823584e-14 -2.7391266820663e-14)
(-6.59483769905276e-13 8.52020719038191e-14 6.15808967452014e-14)
(-4.93683993151426e-13 2.69091196683116e-13 6.92905588887529e-14)
(-1.7290538486574e-13 -7.64599355305412e-15 6.64757907877325e-14)
(-9.70138651025172e-14 3.36531449280942e-14 2.33692204078963e-14)
(-5.57891639320194e-14 4.81456669495117e-13 -5.96225061067966e-14)
(-5.73259200575701e-14 3.8560350185302e-13 -1.04639252799784e-13)
(-2.20436122349123e-13 4.27830655778542e-13 7.43229032475883e-14)
(-1.99212010803714e-14 5.11424229983062e-13 -3.50473442222303e-14)
(-1.87150853330194e-14 2.02564732788508e-13 -1.39110456808388e-13)
(1.59633971817579e-13 6.01733631997785e-14 6.3715337395303e-14)
(-1.38549455310524e-13 2.01782840663831e-13 1.9770201567777e-13)
(1.57920131085163e-14 1.15227283727857e-13 -6.02615660056892e-14)
(-1.2533460302465e-13 7.4055445976776e-13 -2.03964182570973e-13)
(-1.50384400685161e-13 2.98198295576816e-13 1.73641697958164e-13)
(1.62552387039378e-14 -3.54045540875206e-13 3.5175090002296e-14)
(-1.2960726497269e-13 -1.21337742976043e-13 -7.40221897557291e-14)
(1.1475358072468e-13 -3.47744523436308e-13 2.06839568616255e-14)
(-4.99682593453529e-14 8.47544394404288e-14 1.01663791229495e-13)
(8.32050476581346e-14 -5.23478728586392e-13 6.05432118390277e-14)
(-1.23986325706299e-13 5.47214386930098e-13 -5.70886570732559e-14)
(-2.22694055015043e-13 4.33490584092646e-13 -1.13841597116371e-13)
(-1.58539528165792e-13 2.41344820006785e-13 5.55217079273325e-14)
(5.64907248741565e-14 3.04690604075537e-13 -9.77650907809367e-14)
(-5.28957312594964e-14 3.05632672049322e-13 -1.68421765869405e-13)
(-1.20416357448362e-13 3.74932798914217e-13 1.43153808233976e-13)
(-1.68553064943551e-13 4.51431533243803e-13 1.88748623015801e-13)
(-1.47967931001026e-14 1.6294094170872e-13 -2.97970025001857e-14)
(-3.44784412373211e-14 6.54186834640893e-13 -1.62208187303962e-13)
(-9.36237847120715e-14 3.56203147152757e-13 -1.5852942010984e-14)
(5.91656674008881e-14 -3.97927224321855e-13 1.69476972881698e-14)
(-2.4808642713203e-13 -4.1403166177195e-17 -7.71582316939885e-15)
(-1.37850533155953e-13 1.56930253992438e-13 2.46247589896145e-14)
(-3.87024971659227e-14 3.12004384891504e-13 1.52351162555242e-13)
(-7.25396469222168e-15 4.54082028999663e-14 5.5465515656765e-14)
(-1.73818732387322e-13 4.50637634685742e-13 -1.28315121134952e-13)
(-3.0757750730497e-13 3.64894896079543e-13 -1.22972048978654e-13)
(-1.93532225123418e-13 1.41401662307768e-13 2.88147286183222e-14)
(-6.45282898362238e-14 1.44787726409302e-13 -4.28716467188929e-14)
(-2.91564763118408e-13 4.70595596616499e-13 -1.30047708205829e-13)
(-4.38636490235127e-13 6.04764832107996e-13 1.05886991597602e-13)
(-1.47822269659621e-13 2.29898017539163e-13 1.58408722791697e-13)
(-1.55097599047501e-13 2.01641378157237e-13 -2.99425698250771e-14)
(-4.26924972232061e-14 4.17549844223043e-13 -9.81412431473043e-14)
(-1.50264400372445e-13 2.69170003842866e-13 -6.77810030668197e-14)
(-1.42560044174122e-13 -3.12001667472927e-14 2.71482921396607e-15)
(-3.29209846470191e-13 1.26980212490129e-13 3.9400902637087e-14)
(-3.37842884179053e-13 4.9683008831515e-13 5.91313934628891e-14)
(-1.21041017213768e-13 3.00930964449297e-13 1.07763337227261e-13)
(-1.19072585956604e-13 7.21510605268227e-14 2.7884918267291e-15)
(-5.91009946687719e-14 5.34072155334176e-13 -4.18179554874231e-14)
(-7.45305456018536e-14 3.82711768912458e-13 -1.33187212220531e-13)
(-1.40835192480259e-14 2.79064770422513e-13 -3.92140440133421e-14)
(9.20335504515529e-14 4.6797038315494e-13 -6.66521691436311e-14)
(2.90796028901778e-14 3.03577961059989e-13 -2.38400021869774e-14)
(-1.63979188682432e-13 2.05816677452814e-13 1.10046842500924e-13)
(-1.59516122644614e-14 9.87651485008275e-14 1.63800793872055e-13)
(4.51662111803531e-14 1.69277963035142e-13 -1.02480016712723e-13)
(8.93048249852314e-14 7.43152286412833e-13 -1.87839036460255e-13)
(9.1877983591387e-14 3.49398896534781e-13 1.73268814617515e-13)
(-3.95661645427594e-14 -3.84619603466229e-13 4.10049879047473e-14)
(2.99584209333271e-14 -1.51628205989973e-13 -2.01407659435383e-14)
(-1.83953970515542e-13 -1.95924766404095e-13 -2.34881460537742e-14)
(6.91484420608803e-14 2.73513691289685e-13 5.69946774228842e-14)
(2.59976651138712e-14 -2.9281081773517e-13 7.16795450324994e-14)
(-2.40724692864949e-13 2.92682159373743e-13 -9.10444036173104e-14)
(-6.94352066780099e-14 2.329008778956e-13 -1.36704449726114e-13)
(-1.29514521191286e-14 8.43802534619359e-14 -2.32197548389654e-15)
(1.0079446939304e-13 4.78215596948486e-13 -6.97584504204271e-14)
(-6.15909936376708e-14 2.62510283475136e-13 -6.90206674409907e-14)
(-1.34724168932195e-13 3.1406435053946e-13 1.17841292947813e-13)
(-1.78230536903879e-14 2.43235407768962e-13 1.49881823225573e-13)
(-3.76127171573322e-14 1.93392722421228e-13 -5.432625880243e-14)
(9.75874251045033e-15 5.90375593002479e-13 -1.5658669894623e-13)
(-4.61280889409157e-14 2.59713153395824e-13 1.90319016901453e-14)
(-1.59086600968773e-13 -4.3837049602758e-13 5.62484087349309e-15)
(8.05471714347082e-14 -1.13091883319617e-13 1.38367020703533e-14)
(-1.5561454167093e-13 2.89136537694232e-15 4.37464906945798e-14)
(2.15449124551349e-14 2.92744548151508e-13 9.45295406156301e-14)
(1.96610226777428e-14 1.40645652631194e-14 4.33943643718742e-14)
(-8.05375755199101e-14 3.57936616589719e-13 -1.20021056291892e-13)
(8.84570688972777e-14 2.74316145368339e-13 -1.56167816779827e-13)
(1.72451145035322e-13 1.34449320570179e-13 2.27471650138429e-14)
(2.34535981056034e-13 2.40399611731979e-13 -2.74986744762786e-14)
(1.24483322806096e-13 4.09660959951652e-13 -9.25633443809013e-14)
(-3.35055464182724e-14 3.61105291226138e-13 9.72043439442262e-14)
(1.2709945302238e-13 2.07818082891341e-13 1.43352491401606e-13)
(6.84300686021883e-14 1.32338218234722e-13 -4.75747409329979e-14)
(7.88713127275521e-14 4.64668567456948e-13 -9.48507470439372e-14)
(8.01021573659454e-14 2.13295983981042e-13 -3.6527063569318e-14)
(2.63252639237914e-14 -1.66483321855534e-13 1.06723393975908e-15)
(2.79052198245592e-13 4.28985712244115e-14 4.00761375645183e-14)
(8.1130290224624e-14 3.19408292293377e-13 6.21533033640771e-14)
(1.27630487236247e-13 2.66815373941491e-13 9.41506105066325e-14)
(7.16896645107546e-14 7.53087035236862e-16 3.09689483631145e-15)
(7.57212097491289e-14 -2.65182218743514e-14 -1.21080000515431e-13)
(-4.36713538932112e-13 -8.58570931905244e-14 -1.59577234074564e-13)
(-3.99124129488316e-13 -1.12319873901827e-13 3.66684795450857e-14)
(-3.53586495232507e-13 1.46935573794682e-14 -4.0652109469782e-14)
(-1.57740093267572e-13 3.83782822078275e-16 -4.90502983397666e-14)
(-3.94442175289845e-13 -3.25639290381625e-14 3.26325079798716e-14)
(1.15527224815542e-13 -7.23609563532184e-14 6.05367111228202e-14)
(8.39208625124986e-15 -2.00382780396266e-14 1.12436106502193e-13)
(-1.65718453565284e-13 1.87639078774946e-14 -1.67775237443169e-13)
(6.83517023301335e-14 -2.26998015667309e-14 -7.78097951625158e-14)
(9.43761322767565e-14 -1.44510110971571e-13 -4.56073851639005e-14)
(2.15113815103844e-13 -1.00000375312415e-13 6.8644030149721e-14)
(-2.90928257067065e-13 -6.93474201922558e-14 1.57601582607758e-13)
(-1.93970986564102e-13 2.79190416971132e-14 -8.15584572633824e-14)
(2.48724475666267e-13 1.48502386726143e-15 2.51368150606213e-14)
(-2.63711852742179e-13 -1.76468060573111e-13 -1.68085888215621e-13)
(-6.87069189838848e-14 -1.15208183073335e-13 -2.04239445036125e-13)
(8.63801736965807e-14 -1.12587685660144e-14 7.07872056892318e-14)
(-1.73465496464853e-14 2.30395777427807e-14 -4.19174666872238e-14)
(-3.29225235437194e-14 -7.62948426655144e-14 -1.13234465682379e-13)
(-2.26964811003099e-13 -1.10676115870866e-13 1.38932870223193e-13)
(2.30010986053195e-13 -3.44282017301836e-14 1.4351345857402e-13)
(3.20403444673365e-14 -7.19090440590659e-14 -2.69453592498461e-15)
(-1.42578905278352e-13 -3.56440043114447e-14 -9.84889354399424e-14)
(1.05864025696703e-13 -9.58239436759809e-14 -1.21769285687326e-13)
(-4.82608374508528e-15 -1.7146966139446e-13 -8.90117812125539e-14)
(4.37605782083549e-13 -5.89580665619656e-14 6.20492348116404e-14)
(-1.71592514639688e-14 2.37513562617107e-14 1.82114582014268e-13)
(9.30866145601332e-14 -3.32174054113325e-14 7.58947011755208e-14)
(3.07274224071318e-13 -2.17471766057082e-14 -2.97210147051435e-15)
(-1.53603455165976e-13 -1.77999383008153e-13 -1.61466920880839e-13)
(3.1402926970378e-13 -4.87969955627066e-14 -1.74190585465848e-13)
(3.35086856139757e-13 1.07456022807115e-13 2.90836286831961e-14)
(1.57711357077557e-13 6.37808737404837e-14 -2.34292831391546e-14)
(3.03611325463358e-13 -8.51204051159732e-14 -9.0010130303901e-14)
(2.16298781048044e-13 -1.31236798779517e-13 9.74371006866102e-14)
(1.54250423412488e-13 1.07255279198252e-14 1.1833869594978e-13)
(8.49324470420428e-14 -7.75706486229829e-14 -1.35599633682679e-15)
(-8.1576092847993e-14 4.09309927535083e-14 -1.06070422216532e-13)
(5.43675183844193e-14 -2.00401954784901e-14 -1.15807403724484e-13)
(2.00159135440465e-13 -1.40059436023159e-13 -3.15415760805121e-14)
(6.47249390731787e-13 6.81158103161943e-14 6.99517586147938e-14)
(2.8519738374212e-13 1.64407926367893e-13 9.15748628237083e-14)
(1.14903407967539e-13 6.83148791982652e-15 6.95601862350137e-14)
(1.05161337078121e-13 -2.68614911856693e-14 6.14978373340161e-15)
(-1.32386390752855e-13 -3.34755804900285e-13 -1.56940709059565e-13)
(-3.97321713669568e-15 -3.90858825357081e-13 -1.42315565847124e-13)
(1.58071570451501e-13 -4.38079469046186e-13 3.25152638907387e-14)
(-6.50618793891054e-15 -5.07627098291608e-13 -3.17889510415012e-14)
(2.20309520365883e-14 -1.99414048933052e-13 -8.70467333378931e-14)
(-9.91038821491191e-14 -1.09096049713565e-13 6.69614858431126e-14)
(1.44227849204205e-13 -2.2564957962347e-13 1.62926724217197e-13)
(6.13247235340113e-15 -1.50134367093103e-13 -5.37338592700072e-14)
(9.5890616782232e-14 -7.0065457947004e-13 -1.70441634582032e-13)
(1.30954470746126e-13 -3.02800495766821e-13 8.44664296124272e-14)
(-1.77075655600955e-14 3.88080530491408e-13 2.61511784880283e-14)
(1.53293005755183e-13 7.28460445280796e-14 1.28402669995025e-14)
(-2.39726477985266e-14 9.95924086277961e-14 4.10704876543741e-14)
(1.03503796288041e-14 -1.19818756166604e-13 7.76377608143372e-14)
(-8.75109500285288e-14 5.42625245838839e-13 6.69846903738667e-14)
(-4.96730095009859e-14 -3.72150726266433e-13 -1.17044573355613e-13)
(1.53056913044194e-13 -4.65224347268866e-13 -7.04730914713843e-14)
(1.11309342853426e-13 -2.964140288262e-13 4.46876795963389e-14)
(1.66569011329664e-15 -4.3535546872138e-13 -1.03179109501306e-13)
(-1.68079903533769e-14 -3.0575475982608e-13 -1.335845122709e-13)
(1.18893510970937e-13 -3.75225755729315e-13 1.51381913112273e-13)
(1.52335964949439e-13 -4.1771489302993e-13 1.62697229492297e-13)
(9.82628437516231e-14 -2.7448111714981e-13 -5.32627184655117e-14)
(-2.58488500710558e-15 -6.15921632802151e-13 -1.40085434108792e-13)
(6.27796581773768e-14 -3.79282920605788e-13 -3.76086371432823e-14)
(1.43317948542618e-13 1.31512304181455e-13 2.03897213088325e-14)
(2.64337384099909e-13 -5.01982742020152e-14 9.68170489969177e-14)
(1.01520841203996e-13 -1.57077840417381e-13 4.63844540425305e-14)
(-1.49396643189399e-14 -2.77454275091025e-13 6.00009237453146e-14)
(3.2084679678054e-14 3.44328011804031e-15 7.7976465389537e-14)
(1.60745006053439e-13 -6.3855165158407e-13 -1.20438048056432e-13)
(2.44308535142208e-13 -4.03543222044717e-13 -1.13322300844437e-13)
(2.18571658810157e-13 -7.78058188449857e-14 3.84728909278763e-14)
(1.14000985983153e-13 -2.09433552751701e-13 -5.12428822491203e-14)
(1.85543560378309e-13 -5.46573848350317e-13 -1.15314489668653e-13)
(3.63665073429055e-13 -5.17946361765718e-13 1.20619045130259e-13)
(2.03052718172101e-13 -1.6664148724577e-13 1.42483773519215e-13)
(1.92649350968351e-13 -2.40573812503729e-13 -3.49096156219918e-14)
(7.73828400886642e-14 -5.05080667854689e-13 -1.12337777864336e-13)
(1.14298594171634e-13 -2.70500338501198e-13 -8.12400194167378e-14)
(2.64588215196799e-13 -1.61276339786387e-13 9.12812108202565e-15)
(3.65348103154003e-13 -6.17007927254645e-14 1.05806702343104e-13)
(2.12913302047405e-13 -1.95533989122144e-14 4.69086836292354e-14)
(1.27810081349274e-13 -2.77460810401233e-13 4.60192015778712e-14)
(1.58044920031758e-13 -6.80401487974398e-14 5.52859508410089e-15)
)
;

boundaryField
{
    inlet
    {
        type            zeroGradient;
    }
    outlet
    {
        type            freestreamVelocity;
        freestreamValue uniform (0 0 0);
        value           nonuniform List<vector> 
156
(
(-6.46886214714309e-14 7.77519847865407e-14 -2.62242146811392e-15)
(1.15540131425946e-13 2.8140129446051e-13 -1.52122377956999e-13)
(8.73863399456743e-14 1.39787316053939e-13 1.4469307141018e-14)
(1.85334829991116e-13 1.08159017259533e-13 2.08116557720218e-13)
(8.53090341132045e-14 6.84654616335048e-15 1.98123589011672e-14)
(9.36448301204092e-14 7.10699550000876e-14 -1.53335102030342e-13)
(1.68939437264244e-13 1.83597538052074e-13 2.33025265316124e-13)
(2.1853526239096e-13 8.73586306440328e-14 2.22744822108654e-14)
(1.40897857768403e-13 1.99477095485307e-13 -1.20268131147007e-13)
(1.14291030800613e-13 1.96872917010869e-13 1.56423120268366e-13)
(1.3065743536661e-14 -1.46797163659754e-15 1.57126465537385e-15)
(1.13084670868463e-13 1.42182473467587e-13 -2.26239920671614e-13)
(8.6543940654102e-14 8.9558087959364e-14 1.25111210740999e-13)
(6.1676401090483e-14 7.67759953353206e-14 1.47600047225266e-13)
(-1.10829599164808e-14 1.00499462958274e-14 -1.63735313829106e-14)
(-5.60901491512816e-14 -1.59153964925966e-14 4.28021518044471e-14)
(-1.29847578409884e-14 -8.03334727691588e-14 4.11842465635175e-14)
(3.59831973519779e-15 -2.51297340271198e-14 -7.64940974819994e-15)
(-1.98016379170073e-15 1.51472098897852e-14 6.78463949984647e-15)
(-9.49370207194678e-15 5.25455071744262e-14 9.85519840274479e-15)
(-6.01161852287839e-16 -1.63051777338488e-14 -2.62212144982764e-15)
(1.53333848722434e-14 3.58462466671407e-14 8.61387532640546e-15)
(-3.00634077150915e-16 5.81636926967613e-14 1.60882364674308e-13)
(2.48116922052139e-14 -3.31104539535822e-14 -8.95917322136296e-14)
(5.55193903271625e-14 -2.22727014246929e-15 -9.8457676000324e-14)
(-4.87537381701771e-15 -2.76459356808596e-15 -1.42995649239891e-14)
(7.17230953673848e-15 1.74893018245215e-14 -1.20585998836202e-13)
(-1.29206687880289e-14 1.02356573279933e-14 3.08140446082142e-14)
(-1.01388608195937e-14 -9.78663006903101e-15 2.35206034298564e-14)
(-2.15554721827853e-14 -5.59468225688753e-15 -6.34838298181703e-14)
(-6.00328330202677e-14 -7.50752166673109e-14 5.28745580151322e-14)
(1.67260463104227e-13 -1.0193473650366e-13 -2.94632704052725e-13)
(1.68825168932805e-13 -2.11179135710763e-13 -3.44134812179758e-13)
(2.49834790065842e-13 -1.99031043019719e-13 6.74009381182578e-15)
(5.88818982232464e-14 -7.2935306481991e-14 1.85043265612037e-13)
(1.72931181391918e-13 -7.28813067340692e-14 -5.70480584615934e-14)
(1.55002711596243e-13 -2.46912430348913e-13 -1.61414393831316e-13)
(2.0600770896385e-13 -2.36947894944626e-13 2.42255548626606e-13)
(1.76416183259894e-13 -8.29086626287487e-14 1.04394533651876e-13)
(8.45890842663617e-14 -9.64170562343559e-14 2.62193096499503e-14)
(2.9938818575989e-14 -9.36489425251738e-15 -4.05806429570802e-14)
(1.33185576086907e-13 -2.15592161296992e-13 -2.79578793606418e-13)
(1.49611707161659e-13 -2.70999920596799e-13 2.23337779370559e-13)
(5.84538167080864e-14 -4.82374611351894e-14 1.95036378058602e-13)
(-1.61925731025137e-15 1.33295285930859e-15 -4.02436928516709e-14)
(8.40872366741763e-14 -1.12211431366267e-13 -1.45904159644071e-14)
(-1.03449633083455e-13 -2.44637411540934e-13 -2.6738057291651e-13)
(-7.83242763593393e-14 -1.3863664495584e-13 -5.42930699995565e-14)
(-2.17197541256335e-13 -1.58701360598293e-13 6.9834726018167e-14)
(-8.88040748665042e-14 -6.97419741417504e-14 2.17550522644354e-14)
(-1.82498643850474e-13 -2.19678733448873e-13 -3.07549430899131e-14)
(-1.57112235040462e-13 -1.8631836582628e-13 1.59521189871146e-13)
(-1.69459798470454e-13 -9.42500132174493e-14 3.54435908755978e-14)
(-1.21058668352738e-13 -1.72757339798283e-13 -4.42920046044878e-14)
(-9.07408218729397e-14 -1.35613625283101e-13 1.92999555297558e-13)
(-2.12731426448926e-14 9.35930317491185e-16 -5.85184044052642e-15)
(-8.02972622404493e-14 -1.17344619227442e-13 -2.08284181615137e-13)
(-8.24757325445096e-14 -9.3628251345295e-14 1.44977013003219e-13)
(-6.49875318139845e-14 -7.31521526645572e-14 1.50340732056036e-13)
(7.3385357353998e-15 6.10722697308329e-16 -1.01739756123493e-14)
(5.14647107233855e-14 9.17197334940341e-16 4.15581329805746e-14)
(1.03492931943217e-14 6.44012305687207e-14 2.98874727147273e-14)
(-7.26084085205207e-15 2.70508335686524e-14 -1.34732322601229e-14)
(2.03488194204557e-16 7.44186815518352e-15 -2.72315770228003e-15)
(5.2519289991914e-16 -4.2309614322254e-15 9.96936143865823e-15)
(-1.37397262037292e-15 3.94335723391796e-14 -3.34553012562544e-15)
(-1.13017638538767e-14 -1.56625035573047e-14 5.420515791433e-15)
(-6.27145210763489e-15 -1.8892665560244e-14 1.68959361335233e-13)
(-2.87039585071171e-14 4.86115994164595e-14 -9.17946388095076e-14)
(-5.22919405095281e-14 1.33776124559029e-14 -9.24928941268077e-14)
(5.71278949700997e-15 1.04149607622441e-14 -1.51785171982711e-14)
(-1.22687671613277e-14 6.0378426171087e-16 -1.28421206789636e-13)
(1.37431887819279e-14 -1.00418182295504e-14 3.31878767833131e-14)
(8.68435912716278e-15 8.15093089060211e-15 2.9293228765718e-14)
(1.8792929018165e-14 1.89431462350562e-15 -5.83464962808037e-14)
(1.23211206889259e-14 7.4375402660541e-15 2.54548819799826e-14)
(-1.95373169489922e-13 6.96452221965256e-14 -2.25013055197555e-13)
(-2.11552617907084e-13 2.77548765281159e-13 -3.21755549504057e-13)
(-2.54871838718024e-13 2.14975907548731e-13 9.28131149293234e-15)
(-3.33971784017946e-14 1.60657788830206e-13 1.80569415531429e-13)
(-1.37428735801707e-13 1.04874456278642e-13 -6.80285060391623e-14)
(-1.3530721974041e-13 2.32056081010733e-13 -1.53071033456448e-13)
(-1.4680663399931e-13 2.18174516159829e-13 2.27738534354884e-13)
(-1.51945803832035e-13 8.24391436439704e-14 9.41304175589907e-14)
(-5.75716773019536e-14 8.12301567225743e-14 6.0695667065444e-14)
(-3.32406405448259e-14 -3.59165200402021e-16 -4.24692223655307e-14)
(-1.15165033699606e-13 2.09751350012664e-13 -3.25055178487102e-13)
(-1.61710802524472e-13 2.63781653285647e-13 2.28223306435325e-13)
(-6.41205483335493e-14 5.04683974670551e-14 1.98100099897123e-13)
(-1.39457668711993e-16 -4.16702482795605e-15 -3.56004680916639e-14)
(-2.44271472261294e-15 2.21503569112269e-15 -3.60877116506804e-15)
(1.17968016222246e-13 1.77664520872878e-13 4.77103737975411e-14)
(-6.81651210124687e-14 -4.22367860450286e-14 3.4109909589809e-14)
(-8.52949544279792e-14 1.24334336805052e-13 6.63280277020236e-14)
(-1.15653150094735e-14 1.91318159569188e-13 3.61780229789532e-14)
(2.97370478940556e-14 6.14501239782238e-14 2.59689045694949e-14)
(-2.89594103391287e-14 1.44025698506373e-14 4.76940269618919e-15)
(-1.6864278706338e-15 -4.37709181471356e-16 -4.96676199120504e-15)
(8.22122147726078e-14 -5.38010162899229e-15 -4.2113720318733e-14)
(1.127188684937e-13 -3.36675982935424e-14 -5.57713891008805e-14)
(2.3813718542241e-13 -5.20156332242545e-14 4.10213158094263e-14)
(-1.72558019337218e-13 2.22309019475142e-14 4.67124570667031e-14)
(-1.47336301008854e-13 3.25627400779047e-14 2.25000801747472e-15)
(-5.95351985172714e-14 2.06521682432443e-14 1.43411580881533e-14)
(-2.21796052332504e-18 1.82579803881863e-18 -5.51233713707724e-17)
(5.62110353915889e-14 -8.56413798025771e-14 -1.72085358314696e-14)
(-8.75572730628334e-16 -9.66935846026313e-16 -3.28544920152046e-16)
(1.14788398158347e-13 -3.26278184831281e-13 5.49669184959107e-14)
(4.61580628679117e-14 -2.90400219027372e-13 3.35863923757747e-14)
(-6.28439151056396e-15 3.93388907889922e-14 4.8051931669338e-14)
(-6.06685031131112e-14 3.67615837433909e-14 1.4207604858137e-15)
(1.90054675899041e-15 1.58166027237856e-16 -2.6348739139913e-15)
(-1.13638165524808e-13 -1.79614705907422e-13 3.8534774595244e-14)
(1.83128544095051e-14 -4.87878195693337e-14 2.24313448295752e-14)
(3.30476671871642e-14 -1.71118670012967e-13 6.00993626193098e-14)
(1.59933243488345e-14 -1.80132268046925e-13 4.40960450817556e-14)
(1.89371832144558e-14 1.35467647632021e-14 4.17967591032442e-14)
(3.7187608485267e-14 3.90649140470138e-16 1.60645350314784e-15)
(1.37135941902832e-15 1.38232108418891e-16 -4.25766612349998e-15)
(-7.84098915258395e-14 -2.46473898732191e-15 -4.05079482004323e-14)
(-1.04698452293422e-13 2.39275651473187e-14 -5.52097043806052e-14)
(-1.85767002727983e-13 3.73509327279735e-14 -1.60125256051442e-14)
(1.36011058821228e-13 8.12061893064488e-16 1.37456710789326e-14)
(1.51970003910915e-13 -1.07555995749705e-14 -1.46992567782995e-15)
(5.50388134880555e-14 -1.40586326159093e-14 3.21864298514125e-15)
(-7.37482305055851e-19 -2.20361282655065e-17 -1.88262972641029e-16)
(-7.17550429973623e-14 8.53610543689696e-14 -1.45348176837967e-14)
(-1.14583202713006e-14 -8.51176620581687e-15 1.22147495110413e-15)
(-1.1926012559248e-13 3.18715827047411e-13 5.23765668072446e-14)
(-4.88742632555829e-14 3.03052464927041e-13 3.74104885201085e-14)
(3.10775778310243e-14 3.33519944522341e-15 7.55288722358375e-14)
(8.15677068861283e-14 -3.51158323373058e-14 2.85333323729364e-15)
(-4.93054779670186e-14 5.92623352543975e-14 -1.99880196818588e-15)
(1.09523216154953e-13 2.30449654500852e-13 -1.36822243604723e-13)
(6.65832324543465e-14 7.49004759734988e-14 -3.9680993551603e-14)
(1.46557611350069e-13 4.96698766169112e-14 -1.94740870490577e-13)
(-9.88805065181834e-14 -2.8057020536372e-14 7.54552896459039e-14)
(-7.31309525790294e-15 -1.44981400614353e-14 1.79922817380355e-14)
(1.64319139043539e-13 -2.04902267014424e-14 3.98947005013889e-14)
(1.12575908871604e-13 -8.39373959036861e-15 1.5554934525457e-14)
(-2.36469431943335e-14 -2.95721406856615e-14 2.08272974455029e-14)
(2.31623468150543e-13 -4.08473037690507e-13 -6.82661928327522e-14)
(1.43815072820278e-13 -2.35557611321816e-13 -5.15337575461099e-14)
(2.07075893959186e-13 -9.39804762066802e-14 -1.38148132083135e-13)
(6.72125025056964e-14 -8.96926978477963e-14 -1.16623926335782e-14)
(-1.75901406212528e-13 -3.6341186548058e-13 -1.21538992234699e-13)
(-7.29124770526669e-14 -1.41911677646532e-13 -1.6019417968758e-14)
(-1.04456244676854e-13 9.26805071657595e-14 -1.72588587594137e-13)
(8.24864471081105e-14 1.47006265833101e-15 6.66084136067304e-14)
(-3.97802273404971e-15 3.43637308578308e-15 9.15176408776704e-15)
(-1.78282777332378e-13 1.72512701164706e-15 4.32867005234668e-14)
(-6.66027576291076e-14 9.79566686721096e-15 1.56575686997582e-14)
(1.53723600302725e-15 9.2793950806921e-16 3.17586054226453e-15)
(-2.54622017338567e-13 3.20290132054522e-13 -5.5965139153011e-14)
(-1.74694272148607e-13 2.71254691938725e-13 -5.41528917845058e-14)
(-1.6429714311589e-13 -1.39582613252777e-14 -1.52907362203142e-13)
)
;
    }
    sides
    {
        type            zeroGradient;
    }
}


// ************************************************************************* //
