/*--------------------------------*- C++ -*----------------------------------*\
  =========                 |
  \\      /  F ield         | OpenFOAM: The Open Source CFD Toolbox
   \\    /   O peration     | Website:  https://openfoam.org
    \\  /    A nd           | Version:  11
     \\/     M anipulation  |
\*---------------------------------------------------------------------------*/
FoamFile
{
    format      ascii;
    class       surfaceScalarField;
    location    "0.0000800073";
    object      phi;
}
// * * * * * * * * * * * * * * * * * * * * * * * * * * * * * * * * * * * * * //

dimensions      [1 0 -1 0 0 0 0];

internalField   nonuniform List<scalar> 
2478
(
0.000831907870353422
-0.000175493018058198
2.17949077839161e-11
-2.57190189284495e-12
-0.00105235192017106
0.000636902527266906
-0.000155207535502911
1.93345724630242e-12
-8.40793428803777e-12
-0.000134682951185606
1.92662298170287e-10
1.71773387695881e-10
0.000467706939012205
0.000499086119785518
-4.38017414440116e-05
1.98870344562778e-11
-4.19647481911603e-12
-0.000631206387539253
0.00038215778246864
-3.87853608053542e-05
3.57922065466823e-11
2.35457217417044e-11
-3.36426909326157e-05
5.38704223915741e-11
3.97623916756872e-11
0.000280659886837646
0.000166278668671453
1.6273575965519e-11
-7.80786492318025e-12
-0.000210224210361575
0.000127327526475048
9.65460692078576e-12
-1.73961008358842e-12
7.0995337511431e-11
6.21190232770203e-11
9.35330039376226e-05
0.000831907905845278
-0.000175493092980161
-1.89506054620349e-11
-0.001052351990506
0.000636902689405758
-0.000155207644228335
-2.1568208915905e-12
-0.000134683651170159
-1.88520471098002e-10
0.000467706953393145
0.000499086224686168
-4.38017783785057e-05
-1.7501137583413e-11
-0.000631206432716451
0.000382157763791551
-3.87853842876823e-05
-3.44944289061219e-11
-3.36429369405528e-05
-5.17302602392588e-11
0.000280659741749951
0.00016627868138465
-1.42702756620976e-11
-0.000210224219130395
0.000127327539789321
-8.2221368927736e-12
-6.8450517118606e-11
9.35330496126865e-05
0.000831907870580154
-0.000175493021270896
-2.88065052497441e-12
-0.0010523519213954
0.000636902527595294
-0.000155207536424185
-7.72001337639647e-12
-0.000134682960481416
1.71308840810763e-10
0.000467706936824476
0.000499086121352184
-4.38017435045503e-05
-4.38493620753821e-12
-0.000631206387798343
0.000382157783707868
-3.87853615521253e-05
2.37844405086805e-11
-3.36426933770516e-05
4.01079596509639e-11
0.00028065988496393
0.000166278668857242
-7.9205185704416e-12
-0.000210224210380037
0.000127327526759571
-1.34557084441669e-12
6.22238481172346e-11
9.35330044540433e-05
0.000831907908005571
-0.000175493054526181
-2.42270378563413e-11
-0.00105235198922706
0.000636902694880186
-0.000155207622560105
2.50972539191791e-12
-0.000134683632331454
-2.055644742155e-10
0.000467706960301267
0.000499086226107323
-4.38017583174916e-05
-2.12762931188146e-11
-0.000631206432569142
0.000382157760812585
-3.87853740705104e-05
-3.71046391853778e-11
-3.36429359402974e-05
-5.61858681325314e-11
0.000280659745849458
0.000166278680581497
-1.75441553645905e-11
-0.000210224218861313
0.000127327539365272
-8.93588935485523e-12
-7.65345277388071e-11
9.35330490033401e-05
0.000831907869108579
-0.000175492976365852
2.16545308160537e-11
-0.00105235191115569
0.000636902526761208
-0.000155207519924214
-3.00887027966656e-12
-0.000134682883215303
2.01862878273845e-10
0.000467706954630513
0.000499086112038295
-4.38017185982716e-05
1.90362597646959e-11
-0.000631206384576172
0.000382157778914713
-3.87853533743515e-05
3.55361244987543e-11
-3.3642674543462e-05
5.36745288514696e-11
0.000280659904625881
0.000166278666418764
1.56278825600917e-11
-0.000210224210280493
0.000127327524436187
7.09262835095481e-12
7.38731113498863e-11
9.35329994310129e-05
0.00083190790742395
-0.000175493051371701
-0.00105235198853587
0.000636902694190951
-0.000155207619352423
-0.00013468362442986
0.000467706960471401
0.000499086225435134
-4.38017566763726e-05
-0.000631206432353206
0.00038215776070091
-3.87853721617276e-05
-3.36429331129267e-05
0.000280659746940836
0.000166278680501258
-0.000210224218819047
0.000127327539171205
9.35330487193279e-05
0.000466940698669558
3.04309127529255e-07
-7.66873573215636e-10
-6.80543376372408e-10
0.000465946231911757
1.9431985209253e-07
7.70952078056348e-10
7.18675970080504e-10
3.85332253661531e-08
-9.40678175870117e-10
-7.94628018171029e-10
0.000465300939751904
0.000280199258215577
9.4326420195794e-08
-3.61529719410201e-10
-2.43525692992207e-10
0.000279604575067989
5.01715809244642e-08
5.29684620871693e-10
4.89887178945544e-10
8.43214694086231e-09
-1.00087348332183e-09
-9.79135055857467e-10
0.000279196882614299
9.34047766248964e-05
-4.14151708533119e-10
-2.51454097886621e-10
9.32082063974716e-05
3.2684858763737e-10
1.32557500186984e-10
-1.053221005689e-09
-2.86099819941758e-10
9.30714365883147e-05
0.000466940711955913
3.075392799465e-07
7.42662259922873e-10
0.000465945719933739
1.90370917414577e-07
-7.58531176834731e-10
4.79903283985865e-08
9.09975751922729e-10
0.000465298496846099
0.000280200006859031
9.54144726901421e-08
3.38458799669598e-10
0.0002796041622385
4.92971262407247e-08
-5.21755279606073e-10
1.21149841485852e-08
9.94768352652158e-10
0.000279198089956303
9.3404450917492e-05
3.82079181932438e-10
9.32081152852348e-05
-2.93879355312693e-10
9.46043885699695e-10
9.30717490942735e-05
0.00046694069951771
3.04390211133604e-07
-6.68253531395206e-10
0.00046594621529629
1.9425912548617e-07
7.17350394038342e-10
3.87249394678867e-08
-7.74595150336826e-10
0.000465300913461957
0.000280199264777157
9.43668927946991e-08
-2.35971998018003e-10
0.000279604566032286
5.01382698784312e-08
4.90247585203333e-10
8.55875346045558e-09
-9.64612493830827e-10
0.000279196899847736
9.34047748413059e-05
-2.40895084479067e-10
9.32082084031036e-05
1.39044970090714e-10
-2.65780706037305e-10
9.30714390972843e-05
0.000466940729544263
3.07440571406677e-07
8.62908390412715e-10
0.000465945761806103
1.90470779291158e-07
-8.30748188990205e-10
4.75211017788961e-08
1.05619330843148e-09
0.000465298453435207
0.000280200064484674
9.53138975913286e-08
4.18953444636036e-10
0.000279604212635145
4.93858904207045e-08
-5.66462318458277e-10
1.16200724796468e-08
1.0467833071702e-09
0.000279198155052473
9.34044126254551e-05
4.94979323533481e-10
9.32080635420511e-05
-3.62133973361763e-10
1.16666295840642e-09
9.30717789206843e-05
0.000466940699238588
3.03733036540648e-07
-8.50963961243015e-10
0.000465946336667015
1.9474134537172e-07
8.18856182784478e-10
3.72033859369304e-08
-1.04562533192456e-09
0.000465301082539999
0.000280199211122329
9.40429016146774e-08
-4.03428843825417e-10
0.00027960463322759
5.03719023992586e-08
5.57426124410485e-10
7.53154011498471e-09
-1.05568307155919e-09
0.000279196765371681
9.34047926785754e-05
-4.73678012883217e-10
9.32081905009988e-05
3.27759140249413e-10
-1.07870233280677e-09
9.30714260501829e-05
0.00046694072824269
3.07421637632858e-07
0.000465945765818459
1.90520543945361e-07
4.74869465525059e-08
0.000465298447229896
0.00028020007068541
9.52977923973273e-08
0.000279604222564536
4.94234484053674e-08
1.15619471903429e-08
0.000279198167565223
9.34044072136355e-05
9.3208057271777e-05
9.30717833938704e-05
4.01853462964499e-05
-1.50484272200442e-09
-1.18127899985648e-09
0.000515240070399446
1.00451354605577e-05
-2.06228943666099e-09
-1.74057543492244e-09
0.000309156245491604
-1.26282300745963e-09
-6.89570924016294e-10
0.00010305708311532
4.01970152131702e-05
1.4324159592293e-09
0.000515238315096995
1.00493479994232e-05
1.97354524898979e-09
0.00030915715074691
1.16607984325303e-09
0.000103057178493993
4.01856036753421e-05
-1.14403627494769e-09
0.00051524006110846
1.0045255192817e-05
-1.6892709005711e-09
0.000309156256103282
-6.67188671064217e-10
0.000103057086265727
4.01964820045221e-05
1.64772695737236e-09
0.000515238299403418
1.00489283322169e-05
2.30253252927895e-09
0.000309157160587352
1.36425353604091e-09
0.000103057188991445
4.01839003756204e-05
-1.6131635353152e-09
0.000515240106205605
1.00444337529148e-05
-2.26578213705303e-09
0.000309156187402038
-1.2900007900535e-09
0.000103057070743457
4.01964291215884e-05
0.000515238300357848
1.00488732579952e-05
0.000309157162924496
0.000103057190078279
3.36452915393192e-05
-1.73308279516728e-09
-1.2025023164719e-09
0.000558173709158473
8.40940447507476e-06
-2.02292425898528e-09
-1.4452867722059e-09
0.000334911342405196
-1.15374773715935e-09
-5.00251848517368e-10
0.000111640064710932
3.36568516540334e-05
1.6352323287225e-09
0.000558175269005953
8.41349505974355e-06
1.9202673571801e-09
0.000334912321524487
1.04777235807952e-09
0.000111640382868294
3.36455408498611e-05
-1.16054683246304e-09
0.000558173713032602
8.40952627485331e-06
-1.41341325487132e-09
0.000334911351925182
-4.82223174586016e-10
0.000111640067526455
3.36558716365846e-05
1.74986895237544e-09
0.000558175220086232
8.41297103675314e-06
2.06828286263136e-09
0.000334912316449892
1.20622080233184e-09
0.000111640379397769
3.3644073214003e-05
-1.69432712402318e-09
0.000558173681016863
8.40874114613015e-06
-1.99790526489311e-09
0.000334911299508142
-1.11847316922476e-09
0.000111640054812645
3.3655762976378e-05
0.000558175213768237
8.41290043128624e-06
0.000334912315622146
0.000111640378025951
2.32591885586877e-05
3.59304941474538e-09
4.11398256422706e-09
0.000588731723240263
5.81450915727156e-06
2.62901562900295e-09
3.19587260756878e-09
0.000353247007884038
6.3622509929688e-10
1.26394632374337e-09
0.000117751607243152
2.32408553649363e-05
-3.68242631862675e-09
0.000588733028285834
5.81038448021473e-06
-2.72450628149758e-09
0.000353245462512377
-7.27401323094394e-10
0.000117751045194475
2.32593988341091e-05
4.1356977043298e-09
0.000588731731055919
5.81460514116936e-06
3.21595334504309e-09
0.000353247016473701
1.27046365815857e-09
0.000117751608738663
2.32399018346601e-05
-3.48079484533597e-09
0.000588732941456227
5.80986856456994e-06
-2.52916992720103e-09
0.000353245419758342
-6.0350728223451e-10
0.000117751036744695
2.32578927910445e-05
3.54812052286678e-09
0.000588731678505726
5.81390305006617e-06
2.60422566882501e-09
0.00035324696841149
6.87627619720601e-10
0.000117751601232766
2.32397602970807e-05
0.000588732926201556
5.80979082607564e-06
0.000353245411546679
0.000117751034793784
2.88699544563663e-06
-1.17165617675064e-08
-1.11968207641244e-08
0.000594035211834454
7.20451301068625e-07
-6.04940012655358e-09
-5.52027503217386e-09
0.000356416255279613
-3.47204170487092e-09
-2.90519484950078e-09
0.00011880873113297
2.93111931663553e-06
1.16278306764011e-08
0.000594038284367051
7.33637965373557e-07
5.96000506906209e-09
0.000356424055103341
3.38353620636797e-09
0.000118808156315487
2.88718181921065e-06
-1.11876337478508e-08
0.000594035219058266
7.20543690691325e-07
-5.51047688436643e-09
0.000356416259669359
-2.90107774023225e-09
0.000118808732290182
2.93029543120646e-06
1.18202477283652e-08
0.000594038207943985
7.33188928879263e-07
6.13394294976229e-09
0.000356424010065843
3.50634944121025e-09
0.000118808146973566
2.88584888701081e-06
-1.17408587845956e-08
0.000594035177071986
7.19901320179182e-07
-6.05447333842371e-09
0.000356416233466898
-3.42214746243321e-09
0.000118808725912073
2.93014419215404e-06
0.000594038192817015
7.33108879193633e-07
0.000356424001221025
0.000118808145163758
7.70888868751312e-05
1.19334710275368e-08
1.26015779881882e-08
0.000692236149047209
1.92702895909015e-05
8.12133877232642e-09
8.83440546216828e-09
0.000415343723752222
3.94539686045334e-09
4.7061168536363e-09
0.000138444759871642
7.70291527196121e-05
-1.20383119154069e-08
0.000692227752123012
1.92540172617339e-05
-8.22812202904257e-09
0.00041533570618818
-4.05460963480257e-09
0.000138443917156023
7.70891057246558e-05
1.26080525796133e-08
0.000692236158132497
1.92703995936039e-05
8.83796272971304e-09
0.000415343727820459
4.7072392907405e-09
0.000138444760753468
7.70279904099262e-05
-1.18247231640665e-08
0.000692227673645105
1.92533892959571e-05
-8.05982821591245e-09
0.00041533566911805
-3.92687987433183e-09
0.000138443911084465
7.7087473353572e-05
1.19231383135772e-08
0.000692236103707505
1.92696012960101e-05
8.16308017552057e-09
0.00041534370284109
4.03497558499125e-09
0.000138444754987141
7.70277876290126e-05
0.000692227657739689
1.92532834325196e-05
0.000415335661692403
0.000138443909924958
0.00111301798129361
-7.71120536104423e-09
-6.89051504374448e-09
0.00208611606641888
0.00027826151254242
-9.67836865983568e-09
-8.81252825064589e-09
0.00125169948814
-5.53706906242452e-09
-4.63594788691632e-09
0.00041724534188423
0.00111306662367281
7.5955674407437e-09
0.00208612674483208
0.00027828170210646
9.56150150483066e-09
0.00125169266930049
5.41787484076598e-09
0.000417244601804487
0.00111301822664841
-6.89132056475895e-09
0.00208611609458273
0.000278261633499823
-8.81543748556483e-09
0.00125169950406198
-4.63768567749183e-09
0.000417245346204342
0.00111306508219308
7.84782085686995e-09
0.00208612652365634
0.000278280912691051
9.75096142632331e-09
0.00125169255160605
5.55827094452562e-09
0.000417244570326108
0.00111301618837361
-7.73135580041254e-09
0.00208611591096517
0.00027826066996895
-9.63116331310779e-09
0.00125169940258655
-5.43731777544144e-09
0.000417245318146751
0.00111306481675522
0.00208612647959726
0.000278280784379799
0.00125169252849217
0.000417244564072511
0.000735772433330897
2.10469789894974e-08
2.19638922674403e-08
0.00300815979257052
0.000184010963785557
2.33009899977196e-08
2.4269615364809e-08
0.00180505722089847
4.67691674515928e-09
5.66435876621276e-09
0.000601773377224955
0.000735788114698409
-2.11676255031101e-08
0.00300829386360041
0.000184001336628837
-2.3423847941048e-08
0.00180514702330694
-4.80008319452951e-09
0.000601781178464603
0.000735772678793552
2.19609136853241e-08
0.00300815983242096
0.000184011086427284
2.42650728038201e-08
0.00180505724226532
5.66226582364004e-09
0.000601773383131312
0.000735786495009407
-2.08960127233166e-08
0.00300829356676564
0.000184000491396718
-2.32204499308079e-08
0.00180514688017177
-4.65023269901905e-09
0.000601781140461455
0.00073577048187384
2.1019719185166e-08
0.00300815957896524
0.000184010039762797
2.3347921840138e-08
0.00180505710741934
4.77557674568446e-09
0.000601773345994541
0.000735786231140338
0.0030082935091501
0.000184000362475927
0.00180514685230551
0.000601781133037136
-0.00171785870342136
-6.81180062717872e-08
-6.71710813755994e-08
0.000859628832393476
-0.000429532245905992
-5.7150613868304e-08
-5.62688513036473e-08
0.000515772366597563
-1.47939857769773e-08
-1.39771891912604e-08
0.000171927941999599
-0.00171769384440031
6.80240688866272e-08
0.000859622369399141
-0.000429481852066629
5.70564769813791e-08
0.000515769055329335
1.46986050501147e-08
0.000171930765897052
-0.0017178585369106
-6.71733652783755e-08
0.000859628842415418
-0.000429532156259717
-5.62710023776711e-08
0.000515772372065148
-1.39782858951513e-08
0.000171927943468029
-0.00171769548565904
6.77855363212911e-08
0.000859622297481099
-0.000429482614139008
5.69481631667017e-08
0.000515769018749239
1.4726354388261e-08
0.000171930756703403
-0.00171785956575728
-6.7689235746138e-08
0.000859628778831912
-0.000429532807387107
-5.68517987831608e-08
0.000515772337651324
-1.4629799760578e-08
0.000171927934679737
-0.00171769565518519
0.000859622283505121
-0.000429482706521087
0.000515769011675054
0.000171930754930676
1.97797297936896e-06
4.04455677391509e-11
8.36170092584701e-12
5.17957554692556e-07
3.16180508966486e-11
3.03395926003897e-13
1.57256699524246e-11
-1.53164331261404e-11
1.97785469380695e-06
-3.76476965379367e-11
5.17928983263425e-07
-2.89503406056962e-11
-1.33101513751649e-11
1.9779678874848e-06
8.26329515880506e-12
5.17955129309257e-07
2.2424423429257e-13
-1.53054114521156e-11
1.97791228441447e-06
-4.05188102037615e-11
5.17958106925024e-07
-3.19596801822732e-11
-1.51382529016593e-11
1.97802925581394e-06
3.77657958074498e-11
5.17985226325553e-07
2.93124001091681e-11
1.26779904933635e-11
1.97791716580588e-06
5.17960545846864e-07
-3.63396124485724e-05
0.000164785574540455
-3.67694756538944e-06
-3.67689273085889e-06
0.000117290081563795
-4.00104202049464e-05
5.33106676292756e-06
5.33116965318974e-06
0.000245976237524443
3.22179122962823e-05
2.93114903264857e-06
2.93129271990397e-06
0.000405698096154647
0.000171531324752626
-3.67847144923274e-05
-3.67847532394792e-05
0.00047329868001234
0.00020777349685641
-3.6119009430635e-05
-3.6119262566201e-05
0.000488770514166463
0.000153434864266599
-2.50394047132042e-05
-2.50401301596106e-05
0.000335637118427765
4.01279956340058e-05
4.43023268523949e-06
4.43005063802967e-06
0.000223796739207341
-0.000895181651577353
-1.73566221122005e-06
-1.73588279926912e-06
0.000632027444388817
-0.00222072086009865
-3.36961051347135e-06
-3.36955653615372e-06
0.000592366703282194
-0.00219325526853811
-1.09957998457627e-06
-1.09948881141567e-06
0.000210931482418522
-0.00126931542125942
-4.85870261253255e-06
-4.85861404804055e-06
2.03149060873578e-05
-0.000262276822318501
-9.50641817256401e-06
-9.50636659114676e-06
3.99898181033123e-07
-1.79531472575046e-05
-9.6669352285685e-07
-9.6669387441862e-07
7.81852075595023e-10
-2.31784920783594e-07
-1.17014422981905e-08
-1.17014657811422e-08
-3.16452854589103e-10
-1.39029610306957e-11
-1.39030362743264e-11
0.000175931219377759
7.32270980765472e-05
-1.01619273744046e-05
-1.01619253252412e-05
0.000426640039109467
-0.000321557672221526
2.91229599423408e-05
2.912309081776e-05
0.000501237405907635
-4.99805439181869e-05
1.60253958283636e-05
1.60255292839473e-05
0.000550164629391769
0.000159306231768712
-1.44286588168854e-05
-1.4428705136699e-05
0.000591849753182689
0.000164997739173366
-1.28102458536395e-05
-1.28104677168742e-05
0.000601475950536032
0.000110600596078282
-9.56848644215864e-06
-9.56889578098853e-06
0.000497962065025292
-5.48104180303987e-07
-1.02772460021899e-05
-1.02773666516583e-05
0.000269040528239021
-0.000337518251898226
-6.87806553213407e-06
-6.87825120795579e-06
0.000487874735398593
-0.00123940821038909
3.31678075753377e-07
3.31286219807682e-07
0.000601012128903207
-0.00180440237929363
9.09114960726394e-06
9.09087818027764e-06
0.000305442913065073
-0.00112150165631611
2.84610212124286e-05
2.8461010197855e-05
6.05766889994275e-05
-0.000277660833149741
-8.80517155335244e-07
-8.80227228958067e-07
1.81378965457321e-06
-2.49280388520167e-05
-1.53726233812515e-06
-1.53725906365786e-06
4.68496026034045e-09
-4.48146727260882e-07
-2.569844083372e-08
-2.56984711638963e-08
-8.64393206317926e-10
-4.52445329465756e-11
-4.52445190687878e-11
0.000328894095764493
-0.000327346406179865
4.13406112409753e-05
4.13406035867969e-05
0.000509037650414712
-0.000470077996542486
-1.15521881880773e-05
-1.15519378273464e-05
0.00056186919896119
-7.13978514232079e-05
-1.32332091152299e-05
-1.32328523793653e-05
0.000564330031458526
0.000131252674557347
1.07549525021427e-05
1.07549639891613e-05
0.000558560337449319
0.000166090903353058
-2.53049043690467e-07
-2.52956054775587e-07
0.000599044398200167
9.05625396238642e-05
-8.55283389178938e-06
-8.55391935290041e-06
0.000593768861837272
-5.48311974907256e-05
-4.88473117746724e-06
-4.88483708724197e-06
0.000483420164151313
-0.000125197040064684
-2.12406682330693e-05
-2.12408182068516e-05
0.000488173354952721
-0.000483314068409317
-1.09240206271534e-05
-1.09243603669175e-05
0.000689231404338144
-0.00112891064616875
3.54588517549354e-06
3.54572734356567e-06
0.000426674611932328
-0.000865525369333494
2.73632165446561e-05
2.7363180132633e-05
9.56799425813873e-05
-0.000266383480269222
1.36972672947269e-06
1.36971793878555e-06
3.33841786458731e-06
-2.74000551825631e-05
-1.82707399974528e-06
-1.82707185298074e-06
1.04183017558043e-08
-5.61756227325386e-07
-3.80121713209193e-08
-3.80122540833295e-08
-1.24533704160511e-09
-8.13078266282026e-11
-8.13079522872344e-11
0.00037214361878023
5.58609002662347e-05
5.58609184243527e-05
-0.000713113340348768
0.000296920508376128
-1.80463531902349e-05
-1.80461596506261e-05
-0.000353533359766816
0.000377548911103819
-1.57373841254585e-05
-1.57372592294747e-05
-0.000117782357125534
0.000493341975625916
-2.42103133021263e-05
-2.42091558520308e-05
5.81730959244102e-05
0.000504606241595588
1.14655373608775e-05
1.14653441373799e-05
0.000131149577138484
0.000537576696291919
2.62856463013455e-06
2.62766612576314e-06
4.50350349983715e-05
0.00054379770938506
-1.30554130506039e-05
-1.30557803940441e-05
-4.1614900197346e-05
0.000510663713664693
-8.1187951949288e-06
-8.11885571951905e-06
-4.32268538146538e-05
0.000485461254389059
-2.38793453353797e-05
-2.38793792539568e-05
-8.77008036416011e-05
0.000630287357697494
6.98833485977086e-06
6.98787661992787e-06
-0.000481081936246612
0.000509009099550004
1.85977196946428e-05
1.85975123853667e-05
-0.000471677149484818
0.000128247400684129
6.41775083121566e-06
6.41789222414492e-06
-0.000186984684834794
4.71437332499609e-06
-1.60981060605891e-06
-1.60980847038885e-06
-2.11426253745224e-05
1.57745197808495e-08
-4.32259672267276e-08
-4.32260392436642e-08
-4.72491305153521e-07
-1.13215833951776e-10
-1.13215984981138e-10
-1.14227995443549e-09
9.39084437357988e-05
6.96326461947739e-05
3.67694141464671e-06
0.000319126715650953
-0.000136564346936953
-5.33107524177597e-06
0.000457346280946747
-0.000178691580060462
-2.93115410667405e-06
0.000535809360442145
0.000163490352780683
3.67847176244855e-05
0.000530232676667161
0.000188087960692122
3.61190266089448e-05
0.000494605267811058
0.00011031292027803
2.50394551442182e-05
0.000389623767553842
9.27678992170349e-05
-4.43021004754596e-06
0.000242811142128667
-0.000841077014710719
1.73568408747546e-06
0.000621212552189352
-0.00219175960881942
3.3696036805324e-06
0.00061163369273193
-0.00224058007755904
1.09957085926281e-06
0.000178666056833576
-0.00120438648887551
4.85870167437149e-06
1.19432070614941e-05
-0.000223592503065532
9.5064181916019e-06
1.75945392520498e-07
-1.17737465548809e-05
9.66693538529426e-07
3.56328541868157e-10
-1.13734203152855e-07
1.17014412530196e-08
-1.35852775209888e-10
1.39029584828206e-11
0.000262806834229673
-0.000180102776731931
1.01619183017457e-05
0.000520200107492544
-0.000302988446003463
-2.91229650658556e-05
0.000582884037041015
-6.99176132927897e-05
-1.60254013812309e-05
0.000609208237764116
0.00013893339952384
1.44286582814026e-05
0.000616421827519977
0.000153529447926838
1.2810273613396e-05
0.000619458261903833
8.45452401861056e-05
9.56852628312588e-06
0.000482539262530351
4.83473254614866e-05
1.02772527427845e-05
0.000234816073270518
-0.000297991347823462
6.87808673581505e-06
0.000473075654936551
-0.00122953561026031
-3.31624531170222e-07
0.000625739299906003
-0.0018214657895491
-9.09114159420546e-06
0.00033109161451253
-0.00116323807114355
-2.84610286546668e-05
4.56261386785069e-05
-0.000274538911691904
8.80518758077163e-07
9.16314157669825e-07
-2.09499807916707e-05
1.53726246138669e-06
1.91355186698276e-09
-2.94830564509388e-07
2.56984419677955e-08
-4.66374803359537e-10
4.52445319165835e-11
0.000452043132125615
-0.000519784571648149
-4.1340611267451e-05
0.000594625377812388
-0.000462588327733084
1.15521804105325e-05
0.000569697609971102
-2.93956002563563e-05
1.32331981734135e-05
0.000552052771173578
0.000186576748079423
-1.0754957904317e-05
0.000556986247831237
0.00015849892426375
2.53033665932291e-07
0.000592083601995364
8.34609336685824e-05
8.5529183090577e-06
0.000568812754618473
-1.72809854538258e-05
4.8847175306004e-06
0.000427437892299445
-0.000140549920954912
2.12406802456301e-05
0.000434139354514166
-0.00049880893073469
1.09240512087889e-05
0.00069188941982149
-0.00116667966047228
-3.54586630520182e-06
0.000445483449844319
-0.000922509875385199
-2.73632278251475e-05
8.25608093770967e-05
-0.000286273230669641
-1.36972708689078e-06
2.14511000593801e-06
-2.67181498676467e-05
1.82707414984309e-06
5.46713664227247e-09
-4.77656077726247e-07
3.80121722861303e-08
-9.51742540030234e-10
8.13078288508171e-11
0.000488814441333066
-5.58609213340433e-05
-0.000797369669867134
0.000417984029439528
1.80463529951348e-05
-0.000425540549275023
0.000441050840508973
1.5737383442362e-05
-7.59571548133407e-05
0.000464341207304822
2.42102239332369e-05
0.000110872772032415
0.000486875373947781
-1.1465542642425e-05
0.000159161050522487
0.000526212794122257
-2.62852690390949e-06
5.60527755176278e-05
0.0005043121534407
1.30554161471624e-05
-2.84173987210222e-05
0.000460942944772138
8.11880298475247e-06
-8.81587626698863e-05
0.000442284049978271
2.38793753053526e-05
-0.000162086257775425
0.000626447974742394
-6.98828930712663e-06
-0.000549360333055865
0.000520723440396571
-1.85977116703614e-05
-0.000511061159633403
0.000118136648777724
-6.41776306097247e-06
-0.000214799009842735
3.65930571495171e-06
1.60981063321107e-06
-2.40895050780479e-05
1.09447602283778e-08
4.32259664915301e-08
-5.19393270024117e-07
1.1321582630815e-10
-1.20208730003488e-09
-3.6339594634765e-05
0.000164785560249162
-3.6768902116952e-06
0.000117289953656137
-4.00103403024492e-05
5.33117102704004e-06
0.000245976220283296
3.22178525230419e-05
2.93128269103691e-06
0.000405698119434491
0.000171531315341273
-3.67847551861702e-05
0.000473298573984042
0.000207773503167512
-3.61192577678369e-05
0.000488770375473077
0.000153434816806286
-2.50401176573475e-05
0.000335637017833279
4.01280117505772e-05
4.43003430860092e-06
0.000223796615977494
-0.000895181730996902
-1.73588932031725e-06
0.000632027267610205
-0.00222072089167935
-3.36955100677935e-06
0.000592366599131408
-0.00219325513847276
-1.09948433190885e-06
0.000210931473401875
-0.00126931538382564
-4.85861712693761e-06
2.03149075115606e-05
-0.00026227683451848
-9.50636880987706e-06
3.99898186849651e-07
-1.79531485230196e-05
-9.66693869688408e-07
7.81851932697177e-10
-2.31784926450068e-07
-1.17014638233441e-08
-3.164528331219e-10
-1.39030332385603e-11
0.000175931130614501
7.32271654943695e-05
-1.01619101287282e-05
0.00042663995293801
-0.000321557581509441
2.9123087353032e-05
0.000501237334200644
-4.99805716278886e-05
1.60255230330684e-05
0.000550164573647188
0.000159306229838453
-1.44287040633383e-05
0.000591849623139109
0.000164997807118931
-1.28104779809937e-05
0.000601475835093142
0.00011060057681157
-9.56890187354029e-06
0.000497961933839677
-5.48049225161879e-07
-1.02773666125728e-05
0.000269040429670251
-0.000337518267462473
-6.87825855406337e-06
0.000487874682002375
-0.00123940829610591
3.3126585846844e-07
0.000601012038521589
-0.00180440231831709
9.09089094518927e-06
0.000305442892912324
-0.0011215015925794
2.84610183542901e-05
6.05766939419435e-05
-0.00027766083467646
-8.80239622219668e-07
1.81378983340596e-06
-2.49280405706152e-05
-1.53725927976543e-06
4.68496034566716e-09
-4.48146774957537e-07
-2.56984712057465e-08
-8.64393267466929e-10
-4.52445219961337e-11
0.000328894029583856
-0.000327346320070872
4.13406092716651e-05
0.000509037615108705
-0.000470077939471782
-1.15519533490546e-05
0.000561869153965002
-7.1397829042177e-05
-1.32328725368574e-05
0.000564329945738445
0.000131252722779942
1.07549715635398e-05
0.000558560225798398
0.000166090956619459
-2.52952891756125e-07
0.000599044300302521
9.05626087719098e-05
-8.55390699847907e-06
0.000593768697949822
-5.48311175686941e-05
-4.88481600839367e-06
0.000483420023278109
-0.000125197028004894
-2.12408126353277e-05
0.000488173283595935
-0.000483314171387886
-1.09243607444897e-05
0.000689231337096601
-0.00112891072340919
3.5457271318817e-06
0.000426674580181204
-0.00086552536649201
2.7363192555085e-05
9.56799444452625e-05
-0.000266383471031163
1.36971889704701e-06
3.3384181901871e-06
-2.74000556881062e-05
-1.82707204625523e-06
1.04183028138772e-08
-5.61756277805839e-07
-3.8012252154317e-08
-1.24533719751338e-09
-8.13079548893196e-11
0.000372143564150511
5.5860931581226e-05
-0.000713113258069516
0.000296920484695246
-1.80461786856874e-05
-0.000353533317973611
0.000377548911983887
-1.57372705568158e-05
-0.00011778234294608
0.000493341911906523
-2.42091702870534e-05
5.81731417921467e-05
0.000504606140537893
1.14653647226994e-05
0.00013114964537891
0.000537576618823969
2.62771203499417e-06
4.50350827018196e-05
0.000543797626702276
-1.30557520416904e-05
-4.16148684677506e-05
0.000510663623848648
-8.11884577515832e-06
-4.32268697876825e-05
0.000485461157011633
-2.38793945288489e-05
-8.77009082988356e-05
0.000630287324267466
6.98786601382117e-06
-0.000481082069374949
0.000509009063262539
1.8597516919688e-05
-0.000471677207248991
0.000128247395120815
6.4178980713832e-06
-0.000186984686071536
4.71437358119984e-06
-1.60980854651269e-06
-2.11426249847696e-05
1.57745215770473e-08
-4.32260356007449e-08
-4.72491321388364e-07
-1.13215977174883e-10
-1.14228006816829e-09
9.39085220567775e-05
6.96330646246406e-05
3.67700560254642e-06
0.000319126816540608
-0.000136564822092991
-5.33099810289759e-06
0.000457345565643794
-0.000178692036240722
-2.93125730875234e-06
0.000535809602250968
0.000163490929285426
3.67846902514259e-05
0.000530234677896276
0.000188088081145172
3.61190824411345e-05
0.000494607362836079
0.000110313980888618
2.50395418396808e-05
0.000389624963836356
9.27691694139936e-05
-4.43029275527508e-06
0.000242811819591302
-0.000841076409599633
1.73557169477203e-06
0.000621212974115159
-0.00219176180535776
3.36963932778432e-06
0.000611632941701346
-0.00224058126140497
1.0996003831738e-06
0.000178665801549942
-0.00120438784970557
4.85859359111924e-06
1.19432040798265e-05
-0.000223593130905399
9.50634687259272e-06
1.75944899456358e-07
-1.17737983818126e-05
9.66693487471526e-07
3.56324207986813e-10
-1.13734688467117e-07
1.17014993599135e-08
-1.35852634480446e-10
1.39031872494789e-11
0.000262806955858811
-0.000180103064896136
1.01621315154506e-05
0.000520200510763239
-0.000302989589499636
-2.91229523763771e-05
0.000582884102231766
-6.99183444356948e-05
-1.60254471598326e-05
0.000609208489537447
0.000138933265229232
1.44286659843952e-05
0.000616422665088915
0.000153529521180847
1.28101616595239e-05
0.000619459558449538
8.4546694064369e-05
9.56850683896048e-06
0.000482540543166634
4.83487727674253e-05
1.02772804378006e-05
0.000234816881689146
-0.000297990658191641
6.87789929072649e-06
0.000473076112700894
-0.00122953622484356
-3.32031470280181e-07
0.000625739167343387
-0.00182146622047413
-9.0909570881538e-06
0.000331091700806985
-0.00116323828085183
-2.84608918953352e-05
4.56262835403182e-05
-0.000274539080355233
8.80116863184364e-07
9.16317841219818e-07
-2.09500218771991e-05
1.5372558642924e-06
1.91355503729833e-09
-2.94831488607209e-07
2.56984400152016e-08
-4.66376030893237e-10
4.52444894158584e-11
0.000452043102022149
-0.000519784965558829
-4.13405498481987e-05
0.000594625622994893
-0.000462589501012758
1.15519898428228e-05
0.000569698134731062
-2.93962574795727e-05
1.32329846625991e-05
0.000552053354063609
0.000186576349154059
-1.07548841272521e-05
0.000556987238301663
0.0001584988332006
2.53090279925678e-07
0.000592084324217177
8.34608915076768e-05
8.55300336823029e-06
0.000568813563258562
-1.72806064151021e-05
4.88498043193933e-06
0.000427438740423957
-0.000140550172728531
2.12406819275012e-05
0.000434139968085007
-0.000498808821563571
1.09238876566114e-05
0.000691890026991692
-0.00116667958277381
-3.54601748538878e-06
0.00044548389816348
-0.000922509325608482
-2.73630376741052e-05
8.25609958434435e-05
-0.000286273054146028
-1.36969694537086e-06
2.14511637371779e-06
-2.67181430197055e-05
1.82706802815801e-06
5.46714998316336e-09
-4.77656238412815e-07
3.80122259238344e-08
-9.51743116175269e-10
8.13078422407139e-11
0.000488814572213265
-5.58608006977409e-05
-0.000797370302860595
0.000417983630058005
1.80461373562981e-05
-0.000425540837900947
0.000441050641149555
1.57372429659732e-05
-7.59579345947212e-05
0.000464343061065902
2.42101781083015e-05
0.000110871562624382
0.000486877034997917
-1.14653219312117e-05
0.000159160860709198
0.000526213522570716
-2.62807744694788e-06
5.60524080704155e-05
0.000504312564054726
1.30557045299647e-05
-2.84174742492949e-05
0.00046094331662903
8.11880802806036e-06
-8.81590262851016e-05
0.000442284496463295
2.38790555031644e-05
-0.000162086362031327
0.000626448287500754
-6.98851807067803e-06
-0.000549359523975709
0.000520723827453348
-1.85976717226264e-05
-0.000511060310216516
0.000118136802486872
-6.41773806733705e-06
-0.000214798669124535
3.6593104368192e-06
1.60980701742534e-06
-2.40894784683898e-05
1.0944770195611e-08
4.32260534611868e-08
-5.19392941298246e-07
1.13216076216751e-10
-1.20208699385619e-09
-3.63397823345929e-05
0.000164785841703129
-3.67700196072843e-06
0.00011729128739922
-4.00109957778946e-05
5.33100524508894e-06
0.000245976227575987
3.221889083945e-05
2.93127244887001e-06
0.000405697905042092
0.000171531775898976
-3.67846914150028e-05
0.000473300012296537
0.000207773474639227
-3.61191044063845e-05
0.00048877203630376
0.000153435310778383
-2.50396047668629e-05
0.000335638255622955
4.0127791992026e-05
4.43028645379903e-06
0.000223798603571807
-0.000895180646087132
-1.73558703887611e-06
0.000632030109745524
-0.00222072041794074
-3.36963802203687e-06
0.000592367933704782
-0.00219325686793635
-1.09959573679796e-06
0.000210931295673482
-0.00126931468792308
-4.85858957402762e-06
2.03148642208663e-05
-0.000262276336201902
-9.50634467289819e-06
3.99898441971205e-07
-1.79531097530346e-05
-9.66693507874639e-07
7.81857346335464e-10
-2.31784805575187e-07
-1.17015002727033e-08
-3.16453879160156e-10
-1.39031879542104e-11
0.000175932100838618
7.32268363530853e-05
-1.01621376027743e-05
0.000426640688291551
-0.00032155809113693
2.91229610179214e-05
0.00050123798055484
-4.99800007385706e-05
1.60254590157992e-05
0.000550165143830966
0.000159306405129661
-1.4428666479861e-05
0.000591851165768581
0.000164997062498691
-1.28101791272425e-05
0.000601477234944752
0.000110600919738721
-9.56854057140781e-06
0.000497963479832946
-5.48790225028597e-07
-1.0277287203513e-05
0.000269041636654092
-0.000337518054752062
-6.87791312698168e-06
0.000487875581891336
-0.00123940712407602
3.31998303145073e-07
0.000601013445164966
-0.00180440308064788
9.09093631573746e-06
0.000305443117778402
-0.00112150240473437
2.84608911817284e-05
6.05765298377685e-05
-0.000277660643939909
-8.80106072573771e-07
1.81378555548517e-06
-2.49279910870988e-05
-1.53725577144728e-06
4.68496240760286e-09
-4.48145601119818e-07
-2.56984411083484e-08
-8.64392085686561e-10
-4.52444855669407e-11
0.000328894694010824
-0.000327346808750682
4.13405442348436e-05
0.000509037884944779
-0.000470078238797952
-1.15519665138606e-05
0.00056186952042066
-7.1397929346805e-05
-1.32329535207193e-05
0.000564330855839797
0.000131252252463553
1.07548819978981e-05
0.000558561455050301
0.000166090364381797
-2.53078024638724e-07
0.000599045433337232
9.05619107864533e-05
-8.55310010122116e-06
0.000593770701985546
-5.48321321532962e-05
-4.88498783302588e-06
0.000483421704160197
-0.000125197132458252
-2.12406994824428e-05
0.000488174113927047
-0.00048331275556166
-1.0923917814142e-05
0.000689232291919723
-0.00112890952502378
3.54599884290875e-06
0.000426675016292386
-0.000865525497524368
2.73630365342372e-05
9.56798477594843e-05
-0.000266383564564878
1.36969634456174e-06
3.33841023536768e-06
-2.74000353725321e-05
-1.82706798498259e-06
1.04182825840741e-08
-5.61755080285891e-07
-3.80122288184915e-08
-1.24533395704993e-09
-8.13078420238735e-11
0.000372144155240159
5.58608086308094e-05
-0.000713113868635679
0.000296920793238955
-1.80461181138015e-05
-0.000353533668136527
0.000377548881333004
-1.57372309400716e-05
-0.000117782423581381
0.000493342598517806
-2.42100742378165e-05
5.81726984755365e-05
0.000504607227510116
1.14653066821782e-05
0.000131148920323824
0.000537577444592451
2.62799385328022e-06
4.50346338880427e-05
0.000543798565747208
-1.30557359361817e-05
-4.16153186802168e-05
0.000510664646900265
-8.11882572392038e-06
-4.32265889030449e-05
0.000485462242531622
-2.38790701619216e-05
-8.76994037718155e-05
0.000630287669126973
6.98848315249141e-06
-0.000481080225554797
0.000509009576929253
1.85976591706138e-05
-0.000471676460253889
0.000128247447215993
6.4177444505884e-06
-0.000186984712691657
4.7143672294843e-06
-1.60980696845415e-06
-2.11426306979356e-05
1.57744851751219e-08
-4.32260563692881e-08
-4.72490911406095e-07
-1.13216076542012e-10
-1.1422776254608e-09
9.39085295373197e-05
6.96331001885234e-05
0.000319126840220818
-0.000136564883137067
0.000457345518355136
-0.000178692095855224
0.000535809644136031
0.000163490969664748
0.00053023487005296
0.000188088078799532
0.000494607580601431
0.000110314040140823
0.000389625112940634
9.27692501945521e-05
0.000242811902854457
-0.000841076316867417
0.000621213034208266
-0.00219176185132631
0.000611632957854951
-0.00224058130725878
0.000178665804596909
-0.00120438791507371
1.19432042142316e-05
-0.000223593153307707
1.75944877608058e-07
-1.17738001695685e-05
3.56324030936599e-10
-1.13734704996647e-07
-1.35852638383574e-10
0.000262806972134911
-0.00018010310370642
0.000520200567278764
-0.000302989716820245
0.000582884129065759
-6.99184188641414e-05
0.000609208530609423
0.000138933241608824
0.000616422749776659
0.00015352951618817
0.000619459684274041
8.45468104174655e-05
0.000482540661514211
4.83488976522512e-05
0.000234816951487665
-0.000297990581115214
0.000473076138413633
-0.00122953620268221
0.000625739180968015
-0.00182146624206465
0.000331091710688385
-0.00116323829641545
4.56262892063614e-05
-0.000274539087282498
9.16317967430275e-07
-2.09500232163247e-05
1.91355511124092e-09
-2.9483151689296e-07
-4.66376088139112e-10
0.000452043109096185
-0.000519785023312835
0.000594625657899591
-0.000462589631668503
0.000569698199206406
-2.93963263163914e-05
0.000552053421161115
0.000186576298549578
0.000556987343786649
0.000158498814960816
0.000592084394116237
8.34608824944535e-05
0.000568813636413212
-1.72805660307084e-05
0.000427438808216807
-0.000140550172850244
0.000434140007437821
-0.000498808783824888
0.000691890059161163
-0.00116667956494557
0.000445483921643004
-0.000922509302548464
8.25610034353318e-05
-0.000286273048594401
2.14511658756995e-06
-2.67181427916698e-05
5.46715034301006e-09
-4.77656239518702e-07
-9.51743129619376e-10
0.000488814592765106
-0.000797370388295297
0.000417983595912073
-0.000425540876213456
0.000441050630182464
-7.59580162503775e-05
0.000464343251668917
0.00011087143822892
0.000486877207230328
0.00015916083149139
0.00052621360073252
5.60523705455007e-05
0.000504312619188736
-2.84174765382883e-05
0.000460943355083673
-8.81590350968539e-05
0.000442284536548831
-0.000162086355236386
0.000626448306084103
-0.000549359471170068
0.000520723850212072
-0.000511060267673955
0.000118136809901522
-0.000214798654346567
3.65931061234274e-06
-2.40894773423178e-05
1.09447703727154e-08
-5.19392927425446e-07
-1.20208698388153e-09
0.000332504966135595
-0.000287886912334995
4.98419703584996e-05
4.98423487249034e-05
0.000165979521151256
-0.000225416220311541
1.85850925533139e-05
1.8585012375962e-05
0.000143821113638066
-7.60824191353012e-05
-9.49313174420476e-06
-9.49292815181571e-06
0.000220312834483061
-5.64689799886692e-06
-7.05633914790408e-06
-7.05571536938599e-06
0.000276285567325022
8.33161559710005e-05
-4.24722142986885e-06
-4.2473183151481e-06
0.000291728796252139
1.68163071880128e-05
4.04659240491078e-06
4.0460560039436e-06
0.00028224870302071
-2.42262173414719e-05
-3.45724548918035e-06
-3.45768721616141e-06
0.000276363162447441
-1.83861692889692e-05
1.68227390123286e-06
1.68207231277159e-06
0.000302228008259577
-8.90609847960201e-06
3.81774754546431e-06
3.81755409254255e-06
0.00032758060195879
-0.000185455611312292
8.53466941447929e-06
8.53412251810285e-06
0.00032517244896003
-0.000223491722901266
4.49841715642613e-06
4.49807544575118e-06
9.08064820286813e-05
-0.000103107971948582
3.4671184388245e-06
3.46705429516445e-06
3.4195577467862e-06
-1.21314478590288e-05
-4.89913862564346e-07
-4.89904030506001e-07
1.14347039943013e-08
-2.98873504706639e-07
-2.1913374458212e-08
-2.19133933291845e-08
-7.67397104195489e-10
-8.28886669045938e-11
-8.28887006232813e-11
0.000281858584542254
-7.37257516750944e-05
9.15517578199259e-06
9.15556759628188e-06
0.000124925127748465
-6.89075434033204e-05
-4.60691154435109e-07
-4.60720315573714e-07
9.23924289403255e-05
-2.37577732672614e-05
-9.56598364993666e-06
-9.56586565570522e-06
0.000114506378442382
-8.29382871876745e-06
-9.82614094602146e-06
-9.82572568021694e-06
0.000185458620970235
2.71898149332351e-05
-7.66547967061256e-06
-7.66479143257056e-06
0.000202992936080184
2.52031158950821e-06
-2.44495241073455e-06
-2.44511703605262e-06
0.000193305774856232
-6.62287789331865e-06
-4.37300195851284e-06
-4.37294892220278e-06
0.00018524084882061
-5.25421375200325e-06
4.2073501767504e-06
4.2073760882841e-06
0.000212296771792173
1.59013371668211e-06
1.34063639121777e-05
1.34061898661915e-05
0.000220380216055275
-2.90043908452645e-05
3.13838760357144e-06
3.13783570128151e-06
0.000227865620428118
-5.01022226689791e-05
6.19066363712122e-06
6.19029991189528e-06
6.49239011272546e-05
-3.00454417927915e-05
5.85592777616945e-06
5.85581823165016e-06
2.76940972103398e-06
-3.92510789588098e-06
6.80431806583301e-07
6.80429846359001e-07
9.54727330700067e-09
-1.06440169818985e-07
1.11059534396631e-08
1.11059013482482e-08
-2.79956849152593e-10
-3.35471389708263e-11
-3.35476940281285e-11
0.000114633456765284
-8.50646411404605e-06
-8.50595627875281e-06
5.28413126568213e-05
-3.95407962746971e-06
-3.95408433564656e-06
3.40498232395483e-05
-2.51076091979579e-06
-2.51081229398346e-06
3.45512114427959e-05
-4.4033501486134e-06
-4.40288563446906e-06
6.99337174642e-05
-4.27438926296239e-06
-4.27334961241057e-06
7.52018015085986e-05
-1.49219871437226e-06
-1.49164169435963e-06
6.96109611801507e-05
-7.42813632705671e-07
-7.4236263648749e-07
6.55560400864432e-05
1.50849764877855e-06
1.50857752330782e-06
7.64417559730558e-05
5.93412677653182e-06
5.93386875111853e-06
8.1962300567791e-05
1.14824249754092e-05
1.14817253307249e-05
8.2141925832364e-05
9.6464100199597e-06
9.64598074777978e-06
2.38646888903483e-05
2.68313169738305e-06
2.68298719967639e-06
1.10686647526955e-06
7.04091745262021e-08
7.04056633518322e-08
3.99245134402002e-09
-5.80646599052971e-11
-5.80611170578581e-11
1.70544459630884e-12
1.70528576069057e-12
0.000404285213991367
-0.000246182463385379
-4.98420165972902e-05
0.000221656212130265
-0.000207412886094663
-1.85850877990511e-05
0.000176132698859809
-4.86526192151528e-05
9.49312389194302e-06
0.000229417748507282
4.07408424558928e-05
7.05630219140659e-06
0.000262754800728272
0.000115752115620443
4.24721000791551e-06
0.000289185654393904
3.59481022045153e-05
-4.04655589562818e-06
0.000267002747117565
-1.05510609358022e-05
3.45727237298227e-06
0.000252170131827184
-4.84330133668974e-05
-1.68224792116174e-06
0.000280534393545093
-8.23742608053983e-05
-3.81771260159409e-06
0.000325149131657127
-0.000251040998932596
-8.53462808217311e-06
0.000318166618636905
-0.000266996305383838
-4.49839762677159e-06
8.85047196544672e-05
-0.000131448101176062
-3.46711862336634e-06
3.08633446606643e-06
-1.60383401601659e-05
4.89913290392695e-07
9.803602284169e-09
-3.92313797176603e-07
2.19133753309947e-08
-9.36707579774279e-10
8.28886643567187e-11
0.000321927865324625
-3.53385518769665e-05
-9.15522215133135e-06
0.000161350222266255
-5.00256604151779e-05
4.60688718989044e-07
0.000112586265679936
-1.89555557405253e-05
9.56597742894352e-06
0.00012432421540131
8.5608772687488e-06
9.82611645838709e-06
0.000181734589403738
4.20421083620628e-05
7.66541388127504e-06
0.000202421044614541
9.17042656438017e-06
2.44495325013428e-06
0.000186599119377523
-3.0904045752095e-06
4.37298726356749e-06
0.000173099630780792
-1.33462512035368e-05
-4.20734417579631e-06
0.000196369588770909
-2.13717808704641e-05
-1.34063318334416e-05
0.000209850193109987
-7.43956529367449e-05
-3.1383442754877e-06
0.000217934462126478
-8.70088987586114e-05
-6.19064194421756e-06
6.44142967224137e-05
-4.24076177258796e-05
-5.8559223270803e-06
2.77845129844414e-06
-4.50888725239939e-06
-6.80431883961672e-07
9.45382944877223e-09
-1.05379168080153e-07
-1.11059516707331e-08
-2.79629886899748e-10
3.35472615398819e-11
0.000119297813081312
8.50640650727286e-06
6.05486870653606e-05
3.95407281179075e-06
3.64322574263787e-05
2.51077208391232e-06
3.6180689682574e-05
4.40331344186643e-06
6.93156304891405e-05
4.27429671841071e-06
7.52152753554799e-05
1.49215097470186e-06
7.01164005253624e-05
7.42779507426137e-07
6.39954883909035e-05
-1.50849924232108e-06
7.45343418935302e-05
-5.93410190119348e-06
8.29600166802301e-05
-1.14823725114128e-05
8.35408404207444e-05
-9.64638244587345e-06
2.41802393082462e-05
-2.68312392082457e-06
1.10690075855742e-06
-7.04089442132546e-08
3.96564360085412e-09
5.80614466011084e-11
-1.70546671403315e-12
0.000332504933372384
-0.00028788683492177
4.98423509360611e-05
0.000165979513107039
-0.000225416199753792
1.85850128481727e-05
0.000143821115525395
-7.60824117174001e-05
-9.49293880285114e-06
0.000220312834577767
-5.64686172927274e-06
-7.05573380016497e-06
0.000276285513994865
8.33162516629395e-05
-4.24730391424375e-06
0.000291728742610438
1.6816381178035e-05
4.04606472745271e-06
0.000282248659177881
-2.42261750185775e-05
-3.45767386859906e-06
0.000276363121369398
-1.83861700990461e-05
1.68206795965464e-06
0.00030222797383251
-8.90616320973076e-06
3.81753939009984e-06
0.00032758058720263
-0.000185455706117376
8.53411356223333e-06
0.000325172435765632
-0.000223491774515355
4.49807333641037e-06
9.08064783003695e-05
-0.000103107982168907
3.46705783643844e-06
3.41955778348311e-06
-1.21314478804474e-05
-4.89903812946199e-07
1.14347049236794e-08
-2.98873502300903e-07
-2.19133930451777e-08
-7.67397155152991e-10
-8.28886992138185e-11
0.000281858573159695
-7.37257018207915e-05
9.15556610400363e-06
0.000124925122806296
-6.89075331386447e-05
-4.60717747260679e-07
9.23924399767355e-05
-2.37577884836183e-05
-9.56587061997425e-06
0.000114506389869991
-8.29380005943816e-06
-9.82573888311017e-06
0.000185458593921972
2.71898945143663e-05
-7.664793385127e-06
0.000202992918509349
2.52035824640593e-06
-2.44510351269758e-06
0.000193305748622356
-6.62284966988747e-06
-4.37293886406329e-06
0.000185240828463188
-5.25421369091358e-06
4.20737305658566e-06
0.000212296760545756
1.59010567456073e-06
1.34061746582542e-05
0.000220380212313859
-2.90044484137208e-05
3.13782728802585e-06
0.000227865616206992
-5.01022513540873e-05
6.19029945340944e-06
6.49239000201691e-05
-3.00454491721594e-05
5.85581877418412e-06
2.76940971254522e-06
-3.92510810729449e-06
6.80430049982035e-07
9.5472736386039e-09
-1.06440161811339e-07
1.11059022382155e-08
-2.79956791960929e-10
-3.35477813064033e-11
0.000114633454626957
-8.50596056399647e-06
5.28413106052168e-05
-3.95408094811464e-06
3.40498261412964e-05
-2.51082085100454e-06
3.45512137475125e-05
-4.40289009934682e-06
6.99337126699456e-05
-4.27335469043187e-06
7.52018002766603e-05
-1.49164743918912e-06
6.96109563053679e-05
-7.42367145388853e-07
6.55560365040905e-05
1.50857421715744e-06
7.64417546193952e-05
5.93386313168669e-06
8.19623010451584e-05
1.14817184173697e-05
8.21419255764091e-05
9.64597977420276e-06
2.38646887177427e-05
2.68298750081349e-06
1.10686647141922e-06
7.04056157455448e-08
3.99245137273105e-09
-5.80586650262248e-11
1.70531281153477e-12
0.00040428548375947
-0.000246183140380061
-4.98419619779348e-05
0.000221656104196951
-0.000207412829597731
-1.85850872793016e-05
0.000176132443590843
-4.86530158054255e-05
9.49301840266264e-06
0.000229417841313417
4.07400091903431e-05
7.05614656156664e-06
0.000262755512988192
0.000115751127611697
4.24737980879863e-06
0.000289186133639357
3.59474847876499e-05
-4.04651611769837e-06
0.000267002974649269
-1.05515630173138e-05
3.45741592071823e-06
0.00025217035315259
-4.84333000866068e-05
-1.68238149865007e-06
0.000280534645465235
-8.23743161168286e-05
-3.81801626681485e-06
0.000325149237409631
-0.000251040203863505
-8.53473124180759e-06
0.000318166747033107
-0.000266995631344394
-4.49838900633845e-06
8.85047730656426e-05
-0.000131447854249112
-3.4670497795731e-06
3.0863358426705e-06
-1.60383212223411e-05
4.8991118679144e-07
9.80360440386557e-09
-3.92313438605683e-07
2.19133752368318e-08
-9.36707206917152e-10
8.28887194883991e-11
0.000321927953570935
-3.5339009533136e-05
-9.15519027565944e-06
0.00016135029605959
-5.0025611687476e-05
4.60714390245899e-07
0.000112586123941679
-1.89556195564971e-05
9.56593750525393e-06
0.000124324139578141
8.56042915397815e-06
9.82600636442683e-06
0.000181735026845452
4.20412236806315e-05
7.66547676477978e-06
0.000202421268866485
9.16978456075567e-06
2.44508192143183e-06
0.000186599304779643
-3.09086544946853e-06
4.37311999123579e-06
0.000173099806899164
-1.33463898487402e-05
-4.20742718641978e-06
0.000196369687429551
-2.1371650791521e-05
-1.34066161440277e-05
0.000209850213273591
-7.43951276796704e-05
-3.13848026033727e-06
0.000217934500575461
-8.70085218676884e-05
-6.19063903332858e-06
6.44143221426567e-05
-4.2407487760121e-05
-5.85589576230968e-06
2.77845175354857e-06
-4.50887974368211e-06
-6.80427309359256e-07
9.45382763193399e-09
-1.05379014113741e-07
-1.11059604067463e-08
-2.79629330487193e-10
3.35452920866355e-11
0.000119297824178993
8.50643049861178e-06
6.05487047755171e-05
3.95411856732319e-06
3.64322291481032e-05
2.51065783112756e-06
3.61806687015971e-05
4.40331567915975e-06
6.93157130322119e-05
4.27434792028023e-06
7.52152951475983e-05
1.4921306535599e-06
7.01164355615875e-05
7.42768035612729e-07
6.39955150834138e-05
-1.50854515571904e-06
7.45343590033348e-05
-5.93421986544389e-06
8.29600187675697e-05
-1.14824972311018e-05
8.35408463679951e-05
-9.64639775114174e-06
2.41802443346945e-05
-2.68311283104525e-06
1.10690074704715e-06
-7.04087364047663e-08
3.96564176309756e-09
5.81333383666525e-11
-1.70491864983496e-12
0.000332505272046238
-0.000287887447479588
4.98420060577708e-05
0.000165979593618964
-0.000225416357166765
1.85850820749731e-05
0.000143821091499305
-7.60824529218174e-05
-9.49299989129822e-06
0.000220312838351505
-5.64723377525233e-06
-7.05609115653372e-06
0.000276286084133335
8.33152270781882e-05
-4.24738271572391e-06
0.000291729293204993
1.68156084122936e-05
4.04647091375838e-06
0.000282249126003135
-2.42267233857935e-05
-3.45745612259002e-06
0.000276363595169816
-1.83861032896416e-05
1.68235989977447e-06
0.000302228334615769
-8.90518786872413e-06
3.81799605665047e-06
0.000327580721739865
-0.000185454403074471
8.53469888798295e-06
0.00032517261952489
-0.000223491086727358
4.49837159057539e-06
9.08065361428477e-05
-0.000103107866675755
3.46704642316598e-06
3.41955649895432e-06
-1.21314507376055e-05
-4.8991083221987e-07
1.14346857621136e-08
-2.98873520771263e-07
-2.1913376394055e-08
-7.67395932606621e-10
-8.2888718404197e-11
0.000281858686075922
-7.37261045558956e-05
9.15523819714214e-06
0.000124925164161869
-6.89076148684059e-05
-4.6071449987507e-07
9.23922972199562e-05
-2.37575650599551e-05
-9.56592631618199e-06
0.000114506271368952
-8.29413552798464e-06
-9.8259686716136e-06
0.000185458901120964
2.71890332128056e-05
-7.66540890473279e-06
0.000202993106584248
2.51989393348014e-06
-2.445096258429e-06
0.000193305997781483
-6.6231938967011e-06
-4.37311533525943e-06
0.000185241057919305
-5.25420702842267e-06
4.20742423439053e-06
0.000212296879422147
1.59052984315228e-06
1.34065993018385e-05
0.000220380248495088
-2.90036315236969e-05
3.13844536194781e-06
0.000227865662479104
-5.01018495701836e-05
6.19061780016616e-06
6.49239203669563e-05
-3.00453479479711e-05
5.85588977036663e-06
2.76940969883287e-06
-3.92510621088682e-06
6.80427183018316e-07
9.54726624330154e-09
-1.06440336919802e-07
1.11059577444336e-08
-2.79957834583948e-10
-3.35453279195173e-11
0.000114633476676538
-8.5063685895948e-06
5.28413316019279e-05
-3.95411513720548e-06
3.40497898122042e-05
-2.51066044398324e-06
3.45511891564391e-05
-4.40327450822391e-06
6.99337672497938e-05
-4.274250172821e-06
7.52018130032079e-05
-1.49207715813412e-06
6.96110008654958e-05
-7.42729407997002e-07
6.55560745649925e-05
1.50855005386812e-06
7.64417677407844e-05
5.93420062726469e-06
8.19622943161508e-05
1.14824516907656e-05
8.21419296389122e-05
9.64637115135654e-06
2.38646925904611e-05
2.68310475261632e-06
1.10686654388636e-06
7.04085535123281e-08
3.99245065482658e-09
-5.81325827861585e-11
1.70491333724432e-12
0.000404285515309486
-0.000246183233356907
0.000221656095925913
-0.000207412830066532
0.00017613242041124
-4.86530580736552e-05
0.000229417851903906
4.07399233430854e-05
0.000262755587151452
0.000115751021061522
0.000289186185294072
3.59474226520981e-05
0.000267003006056657
-1.05516064475765e-05
0.000252170377567937
-4.8433317781558e-05
0.000280534668033491
-8.23743125030211e-05
0.000325149250380751
-0.000251040151203439
0.000318166754976888
-0.000266995590922306
8.85047752445328e-05
-0.000131447841996311
3.08633589468209e-06
-1.60383203896092e-05
9.80360440007086e-09
-3.92313425207546e-07
-9.36707200628779e-10
0.00032192796412635
-3.53390724624137e-05
0.000161350304949689
-5.00256111458985e-05
0.000112586111320728
-1.89556271245726e-05
0.000124324131846594
8.56038446993104e-06
0.000181735069875332
4.20411314480566e-05
0.000202421291880389
9.16971833199987e-06
0.000186599328350342
-3.09090790575207e-06
0.000173099825137461
-1.33463999942762e-05
0.000196369697208582
-2.13716391869639e-05
0.000209850213953292
-7.43950910558335e-05
0.000217934501997716
-8.70084982135705e-05
6.44143231942273e-05
-4.24074810415152e-05
2.77845177473297e-06
-4.50887946789696e-06
9.45382754010207e-09
-1.05379007370654e-07
-2.79629305550543e-10
0.000119297825317442
6.05487067593958e-05
3.643222646123e-05
3.61806667182033e-05
6.93157212933024e-05
7.52152971704538e-05
7.01164399546883e-05
6.39955181824486e-05
7.45343605620494e-05
8.29600188591537e-05
8.35408467416431e-05
2.41802446591279e-05
1.10690074765856e-06
3.96564165826876e-09
)
;

boundaryField
{
    inlet
    {
        type            calculated;
        value           nonuniform List<scalar> 
24
(
-4.10894533845927e-06
-4.10872274896382e-06
-4.10893788874134e-06
-4.10880949821939e-06
-4.10902757988843e-06
-4.10881673639342e-06
-0.00105023784981007
-0.00062974455914837
-0.000209704904257853
-0.00105023789942361
-0.000629744607508408
-0.000209704911131975
-0.00105023785060904
-0.000629744559419359
-0.000209704904299995
-0.00105023789825028
-0.000629744606893208
-0.000209704910900111
-0.00105023784349293
-0.000629744556467093
-0.000209704903912573
-0.0010502378978396
-0.000629744606726713
-0.00020970491086197
)
;
    }
    outlet
    {
        type            calculated;
        value           nonuniform List<scalar> 
156
(
-7.1903690508756e-06
-4.16418027329795e-05
-0.00011842170325751
-0.000190619908294365
-0.000240768285131867
-0.00022929766449262
3.27070882132085e-05
0.00182383446826026
0.00285960923869818
0.00240226501920601
0.00128912765698187
0.000282140974522794
1.61910110503729e-05
1.61419704753415e-07
1.66334429303056e-10
-1.79523173556445e-05
2.56545841809779e-05
-2.38681096171884e-06
-0.000306408911294553
-0.000267253522391682
-0.000222039509166709
6.51622737313264e-05
0.0017146409730065
0.00283953132650607
0.00235925205894392
0.00120238412909153
0.000220544202327456
1.03969392165671e-05
9.43438815755211e-08
1.07616551520834e-10
-7.19038144767533e-06
-4.16417479917105e-05
-0.000118421683184995
-0.000190619927689098
-0.000240768237085332
-0.000229297590414086
3.27070456198103e-05
0.00182383437653021
0.00285960922291927
0.00240226494698491
0.00128912765155963
0.000282140981161332
1.61910111924255e-05
1.61419689484379e-07
1.66334417593672e-10
-1.79523525120828e-05
2.56545375597308e-05
-2.38549363052332e-06
-0.000306409327741764
-0.000267253860991292
-0.000222040053353515
6.51622057888978e-05
0.00171463931499353
0.00283953225095924
0.00235925400400384
0.00120238572733914
0.000220544599245015
1.0396954466258e-05
9.43436858948099e-08
1.07615359332125e-10
-7.19021788741776e-06
-4.16423050679569e-05
-0.0001184218696857
-0.000190619663544721
-0.000240768849057203
-0.000229298542576385
3.27074731442433e-05
0.00182383600455434
0.00285960877292262
0.00240226523776806
0.00128912683813919
0.000282140620877823
1.61910059540971e-05
1.6142018153956e-07
1.66335892975988e-10
-1.79523577715052e-05
2.56545491451687e-05
-2.38534869424246e-06
-0.000306409372682711
-0.000267253900247373
-0.000222040105727056
6.51622698197322e-05
0.00171463920487848
0.00283953229500248
0.00235925409102271
0.0012023857989027
0.000220544615120536
1.03969549546095e-05
9.43436775056872e-08
1.07615320734528e-10
8.87517591970782e-11
5.10790503210207e-10
1.23695103931756e-09
1.91993795243661e-09
1.38799252275587e-09
1.13173621627102e-09
4.61066736724106e-10
5.73666691407182e-11
2.40732465212057e-10
6.77512524056324e-10
1.36085460511037e-09
1.1983361568671e-09
1.10555867925851e-09
4.5970192634622e-10
8.87517407656413e-11
5.10790477189355e-10
1.23695108756455e-09
1.91993810460438e-09
1.38799262678507e-09
1.13173626832628e-09
4.61066743622342e-10
5.73655559903477e-11
2.407317184136e-10
6.77513219897279e-10
1.36085552944693e-09
1.1983364180243e-09
1.10555854789386e-09
4.59701758721788e-10
8.87526799015631e-11
5.1079200179445e-10
1.23695076544809e-09
1.91993527115042e-09
1.38799058444633e-09
1.13173523055507e-09
4.61066609614954e-10
5.73655116464789e-11
2.4073168350229e-10
6.77513234208747e-10
1.36085553687371e-09
1.19833641211539e-09
1.10555853573724e-09
4.59701748150817e-10
-1.49547393956984e-05
-1.53190994776407e-05
-1.03933880600523e-05
-9.80262196462325e-05
-1.59894282363256e-05
-8.58434688679214e-07
-4.67639287687248e-05
-0.000116045916592481
-1.49547496204211e-05
-1.53190979025437e-05
-1.03933739210484e-05
-9.80262110073876e-05
-1.59894363158707e-05
-8.58427161075782e-07
-4.67639263984429e-05
-0.000116045914712044
-1.49546017482871e-05
-1.53191707410587e-05
-1.03934744619216e-05
-9.80262916258541e-05
-1.59894368090903e-05
-8.58428038009941e-07
-4.67639274951274e-05
-0.000116045918409859
)
;
    }
    sides
    {
        type            calculated;
        value           nonuniform List<scalar> 
84
(
0.000395214631826022
0.000349364200214488
0.000303108210083305
0.000395214744608957
0.000349364167114058
0.000303109985938678
0.000395214638312499
0.000349364198799954
0.000303108231193114
0.000395214685467244
0.000349364128973148
0.000303109956995246
0.000395214563092539
0.000349364193143968
0.000303108049650153
0.000395214680155715
0.000349364125545299
0.000303109943671878
-6.59202642681032e-07
-4.29744296973804e-07
-1.26546754595624e-07
-6.65372985091985e-07
-4.22640388704552e-07
-1.3775266096154e-07
-6.59325710737754e-07
-4.2966029623981e-07
-1.26796785996698e-07
-6.65291374362742e-07
-4.22761477717392e-07
-1.37220002765235e-07
-6.58327476234016e-07
-4.3040461817983e-07
-1.24749006811869e-07
-6.65269651196833e-07
-4.22825261873734e-07
-1.37189366752736e-07
-9.04306073409406e-05
-9.04489195476813e-05
-9.04310069539074e-05
-9.0448236540611e-05
-9.0428402265232e-05
-9.04481854541616e-05
-7.57177501729199e-05
-7.57383648190633e-05
-7.57181384622229e-05
-7.57369427399221e-05
-7.57160360115808e-05
-7.57368195829212e-05
-5.23324022722316e-05
-5.22968253567525e-05
-5.23327319452781e-05
-5.22954993224499e-05
-5.23303873375821e-05
-5.22953042190672e-05
-6.51165688917257e-06
-6.60303992526426e-06
-6.51193659659992e-06
-6.60191636940501e-06
-6.50988656906374e-06
-6.60170115364725e-06
-0.000173446105536238
-0.000173332566221092
-0.00017344643409806
-0.000173330948190445
-0.00017344391004746
-0.000173330654502064
-0.00250423723979331
-0.0025043063486387
-0.00250423761484608
-0.00250430408330407
-0.00250423437545518
-0.00250430367024829
-0.00165507350806966
-0.00165512308895643
-0.0016550738812502
-0.00165512077100573
-0.00165507040795447
-0.00165512036807781
0.0038646669036112
0.00386440989856369
0.00386466667585273
0.00386441248516955
0.00386466778882982
0.00386441270721802
)
;
    }
}


// ************************************************************************* //
