/*--------------------------------*- C++ -*----------------------------------*\
  =========                 |
  \\      /  F ield         | OpenFOAM: The Open Source CFD Toolbox
   \\    /   O peration     | Website:  https://openfoam.org
    \\  /    A nd           | Version:  11
     \\/     M anipulation  |
\*---------------------------------------------------------------------------*/
FoamFile
{
    format      ascii;
    class       volVectorField;
    location    "0.0000800073";
    object      U;
}
// * * * * * * * * * * * * * * * * * * * * * * * * * * * * * * * * * * * * * //

dimensions      [0 1 -1 0 0 0 0];

internalField   nonuniform List<vector> 
900
(
(-0.631258963592584 -1.09341265426816 682.49920579129)
(-0.457149656770168 -0.791828513528877 684.032354996741)
(-0.317606193318813 -0.550169647143549 684.332611243702)
(-0.312042669246618 -0.540513186575843 682.205242345228)
(-0.204016794198375 -0.353392958616118 683.875176954053)
(-0.154258520500606 -0.267224384410207 684.261374774086)
(-0.243603499438321 -0.421975726038658 681.604862027371)
(-0.142967908222575 -0.247646980477253 683.521051444516)
(-0.119574566255786 -0.207134664746402 683.986164929907)
(-1.26250082345159 -2.64826683861551e-06 682.499243058037)
(-0.914363418667533 9.28278093941217e-07 684.032412969558)
(-0.634193506794784 -5.86506837660881e-06 684.333150751496)
(-0.624044254575632 -2.5618340778266e-06 682.205282307059)
(-0.407992391512182 -5.11357395939585e-07 683.875353256906)
(-0.307907632723115 -3.13253484137511e-06 684.261686830933)
(-0.487215571858573 -1.89395392503652e-06 681.604885678377)
(-0.285947910895692 -1.26162424091456e-06 683.521107971196)
(-0.238942095545971 -2.62014413697543e-06 683.986312978294)
(-0.631259427013667 1.09340898727073 682.499206466175)
(-0.457150062087904 0.791829150094221 684.032353016293)
(-0.317603846650841 0.550155605734368 684.332611531509)
(-0.312042811191863 0.540509795183724 682.205241411605)
(-0.204017459087199 0.353391911064829 683.875177544143)
(-0.154258613022293 0.267217773885796 684.261377034655)
(-0.243603487258824 0.421972063181694 681.604861175638)
(-0.142968484067969 0.247645038862138 683.521052157901)
(-0.119574806954158 0.207128548988657 683.986167122293)
(0.631286759834931 1.09337082027245 682.499246340225)
(0.45719273433173 0.791881992010099 684.032427395467)
(0.3171493368839 0.54922141393771 684.333177957741)
(0.312056848728187 0.540450984103176 682.20528554396)
(0.204012732187505 0.353342627543678 683.87536584617)
(0.153979981251712 0.26664771381268 684.261705372754)
(0.24364340586195 0.421957145724381 681.604888996367)
(0.142991227394536 0.247647323997247 683.52110984185)
(0.119488548899068 0.206925592869075 683.986312974256)
(1.26258451777075 -2.25749277556569e-06 682.499202545278)
(0.914322992086543 -6.42986390248861e-08 684.032373318365)
(0.635365670997239 -5.09578046467649e-06 684.332616929944)
(0.624151396639733 -1.82856111986587e-06 682.205245566333)
(0.408068670065508 -1.22502177782963e-06 683.875178988338)
(0.308596793310576 -3.46755352113221e-06 684.26137236155)
(0.487279262505208 -1.84123171745725e-06 681.604868153364)
(0.285960680145415 -1.50849705844008e-06 683.521048363719)
(0.239194437956471 -3.2982388824173e-06 683.986154263976)
(0.6312856882686 -1.09337431298264 682.499245379652)
(0.457194409906396 -0.791883087225386 684.032426989313)
(0.317148479535037 -0.549231534077935 684.333176784581)
(0.31205582442334 -0.54045442442527 682.205285306375)
(0.204013915487279 -0.353345547982772 683.875364878109)
(0.153980582129449 -0.26665494702459 684.261704191986)
(0.243643024284112 -0.421960319508272 681.604889278337)
(0.142991720257714 -0.247650688992321 683.521109262932)
(0.119488689035665 -0.206931068363082 683.986310866154)
(-0.173855458328348 -0.300966337482071 683.478806589983)
(-0.112910768524756 -0.195648072624413 679.289498172819)
(-0.0331665034886807 -0.0571885073735674 676.487561929978)
(-0.0805720888853174 -0.139374335610309 683.466590451274)
(-0.0551557613162259 -0.0955236511908264 679.316833454635)
(-0.00316134706440522 -0.00528731232386431 676.509490856756)
(-0.0691671207900838 -0.119563111255045 683.347346929073)
(-0.0336122965496966 -0.0586321515542065 679.331917023878)
(-0.00860571922796057 -0.0138029026837991 676.533262989514)
(-0.350823838485955 1.99901296534112e-05 683.477577428279)
(-0.222154070651592 -1.3688820623107e-05 679.290649233461)
(-0.0719878651080247 3.57758995188502e-05 676.482965181611)
(-0.163783724632869 2.02250851757245e-05 683.466598738229)
(-0.106605421107934 -2.69744003307021e-06 679.316391466018)
(-0.0168780942634475 7.38715610590299e-06 676.508799854706)
(-0.139160649063355 2.96153935496244e-05 683.346151192567)
(-0.0667542560562079 -2.69013876181425e-05 679.330212218638)
(-0.018176896274444 7.82556918100333e-05 676.535411883529)
(-0.173878578025398 0.301028172471922 683.478771081112)
(-0.112896660495093 0.19560524289155 679.289493795816)
(-0.0332240711159871 0.0573062289818718 676.487477293126)
(-0.0805974118720903 0.139442637357458 683.46657037088)
(-0.0551274061573019 0.0954670474160967 679.316816798288)
(-0.00326084885983986 0.00546434977642511 676.509450774657)
(-0.0691821030789042 0.119620871104635 683.347328792791)
(-0.0336189823091383 0.0585756229570823 679.331923565672)
(-0.00863985667701197 0.0139840495478773 676.533264207217)
(0.175250944740279 0.30386484213702 683.477669693889)
(0.111214721549026 0.192385911508681 679.290794311073)
(0.0355858000559464 0.0622566423815421 676.482958680767)
(0.0817062782941644 0.141844475379541 683.466737189077)
(0.0534241729845379 0.0924213859770471 679.316536615754)
(0.00824469426426766 0.0144516145426157 676.508919846302)
(0.069256888887599 0.120426544309948 683.346120939983)
(0.0335953856520636 0.0578240258394399 679.329715025576)
(0.00798718597208524 0.0151728220467486 676.535671169239)
(0.347109080600745 1.09104178832531e-05 683.479068307705)
(0.226238604174341 -1.11312965143821e-05 679.28953175173)
(0.0651704847742061 8.86504777734116e-06 676.48808164243)
(0.160479703537068 1.21563372297306e-05 683.466740224735)
(0.110723896727519 -2.89959194492063e-06 679.316952492115)
(0.00476267812845419 2.25924357144608e-06 676.509748943939)
(0.137726904330038 1.58661837356364e-05 683.347485194507)
(0.0678230678161724 -3.56270012521749e-05 679.331900737486)
(0.0149746107506919 6.14983309227726e-05 676.533278859692)
(0.175262522992644 -0.30384488000556 683.477677990406)
(0.111220641420034 -0.192421009680019 679.290795617336)
(0.0356088464444361 -0.0622248543763421 676.482958237333)
(0.0817158644318108 -0.141820379685412 683.46675325409)
(0.0534479525395342 -0.0924736499010702 679.316549368462)
(0.0082497146067415 -0.014446334955221 676.508944770917)
(0.0692639651350564 -0.120380131453311 683.346115914503)
(0.033608011104275 -0.0578821286526745 679.329645032478)
(0.00798927720510468 -0.0150175121794671 676.535714851869)
(-0.0102005374959452 -0.0173380953156467 675.842204680455)
(0.00148960322024627 0.00300700657284345 675.861411585863)
(-0.00261732232110731 -0.00366153483577646 675.893520137652)
(-0.0295192205580068 5.94789975416322e-05 675.834454932129)
(-0.00809495893175619 6.71402998209377e-05 675.859703544056)
(-0.00674966431302143 8.20059342576059e-05 675.895003441448)
(-0.010289827198003 0.017521969306084 675.842106082736)
(0.00140781479459197 -0.00281914399474402 675.861388163029)
(-0.00264575779383338 0.00381808178702725 675.893537759192)
(0.0142405251869683 0.025524148067965 675.834558981657)
(0.00340715785410653 0.0068611526890886 675.859811867859)
(0.00252384771759655 0.00557748885595821 675.89506811939)
(0.0189396618241772 1.43578949915234e-05 675.84263757556)
(-0.00453028600204771 2.23460541539527e-05 675.86147628892)
(0.00349862975272178 5.33760366382566e-05 675.893423678496)
(0.0142782896748564 -0.0254713419457385 675.834586856111)
(0.00343700558665525 -0.00677923807213025 675.859837466068)
(0.00255052795821878 -0.00545961699600999 675.895079495938)
(-0.000236762955589943 0.000186371331532282 681.911923932091)
(0.00483727563423359 0.00910208525673246 681.924880745713)
(0.00165076364636806 0.00382734656617094 681.946608651383)
(-0.00977276351287908 7.25766312095721e-05 681.907801654817)
(0.00176324583919814 8.25655013327019e-05 681.923935599008)
(-0.000665216944090379 8.86166459135752e-05 681.94648989668)
(-0.000299965672254668 -4.25652047112936e-06 681.911874873691)
(0.0047828520621306 -0.00891325524638153 681.9248642911)
(0.00162541246293521 -0.00364845202489899 681.946612989737)
(0.00422461178898147 0.00833504089809605 681.907945737766)
(-0.00168910381898369 -0.00177847747168998 681.924010752576)
(-0.00056552041958678 0.000270316521841306 681.946512467753)
(-0.0011288416483481 3.59569360055195e-05 681.912165622977)
(-0.0114107837819217 4.67809346096671e-05 681.924961386695)
(-0.00514825162744031 6.6717464627337e-05 681.946597907115)
(0.00425711654766792 -0.00824674510334864 681.907976661028)
(-0.00166372661234448 0.00189929615944892 681.924026989206)
(-0.000543505303380559 -0.000131238474634264 681.946516211717)
(-0.018940994305842 -0.0320939657237342 694.737738582546)
(-0.0090357515207251 -0.0148896985937457 694.747967208848)
(-0.00513687779507977 -0.00795519576572438 694.763638855483)
(-0.020253919255763 7.74760661701152e-05 694.739925725755)
(-0.00395819277377604 8.48348622576343e-05 694.746083403707)
(-0.00717411915430208 7.90314932780891e-05 694.761490390851)
(-0.0189827412213561 0.0322515074964044 694.737759713469)
(-0.00907272068947794 0.0150467990194409 694.747992450092)
(-0.00515067854674364 0.00810128118606816 694.76365598045)
(0.00932342465548815 0.0172577660197713 694.739929064349)
(0.00109352208875366 0.00308900694683387 694.746065265108)
(0.00270486031474036 0.00583032386027292 694.761451393332)
(0.0363165014378387 4.24052616448908e-05 694.737625046104)
(0.0164742556062566 4.62842933353845e-05 694.747840739303)
(0.00861024771820473 6.06084521113806e-05 694.763563287823)
(0.00934378709550818 -0.0171385244010011 694.739932697143)
(0.00111199349331946 -0.0029516929786921 694.746063027208)
(0.00271441188366865 -0.00568939002621418 694.761441791718)
(0.0308669073155806 0.054229513508429 710.994705646892)
(0.0172325845791694 0.0306367992928902 710.997653750201)
(0.00776009643764504 0.0143489159381874 711.019949608222)
(0.018819637242323 7.89636743772278e-05 710.993765144568)
(0.0099725049652803 8.07786855305226e-05 711.00104214004)
(0.00455646499987268 7.73351669128374e-05 711.016186935636)
(0.0308469922347673 -0.0540857127562031 710.994715190194)
(0.0172136840932078 -0.0304908216278182 710.997666453728)
(0.00775250603411127 -0.0142021452500836 711.019957288456)
(-0.0101800353969037 -0.0165596986882932 710.993739959232)
(-0.00578355121986675 -0.00892555166803075 711.001017054867)
(-0.00307444679167112 -0.0042773474506605 711.016142720192)
(-0.0631782580091532 5.45519496223561e-05 710.994655342027)
(-0.0359330166703308 5.65290225721172e-05 710.997591802552)
(-0.0170604819779959 6.66976871874622e-05 711.019914514192)
(-0.0101634960217241 0.0166887558763605 710.993735483774)
(-0.00576907613634367 0.00906184504356747 711.001012147698)
(-0.00306671302932327 0.00441838809741216 711.016133668104)
(-0.0247448533741502 -0.0417793926046812 731.049922984798)
(-0.01079886724734 -0.0176146126496869 731.045025560303)
(-0.00520954325845893 -0.0077563345423943 731.040490947652)
(0.00370585611178809 9.038465089163e-05 731.053144071543)
(0.0115248183304814 8.98271068314945e-05 731.047358184367)
(0.00553200795427055 8.97376312500914e-05 731.042655425987)
(-0.024758719388038 0.0419502402046041 731.04993096803)
(-0.0108115752051471 0.0177854346685352 731.045032279982)
(-0.00521089822466592 0.00793668289105327 731.040495088702)
(-0.0028316834400017 -0.00364200128484335 731.053140904077)
(-0.00675918422883587 -0.0104486135389062 731.047320976761)
(-0.00378440356357092 -0.00529041024809948 731.042630906746)
(0.0476244744670484 7.34711510992022e-05 731.049886186919)
(0.0197258513473857 7.44274062108871e-05 731.044993573806)
(0.008375470445678 8.89937987118632e-05 731.040471259573)
(-0.00282221918544249 0.00380640056380147 731.053139836624)
(-0.00675427462759051 0.0106198023552651 731.047313189252)
(-0.00378342867459461 0.00546821880882931 731.0426259063)
(0.00359729248634596 0.00725788291512451 759.504769227119)
(-0.0045253397573801 -0.00678915035340344 759.53993354386)
(-0.00184332426076652 -0.0021096923188651 759.558816700884)
(-0.0193382064926346 7.05516870926112e-05 759.501112206926)
(-0.0348569699745454 7.03873470877023e-05 759.535572827537)
(-0.0185913284278035 7.16991644634443e-05 759.554107163248)
(0.00359520216087725 -0.00712150385265603 759.504775478424)
(-0.00452697450625587 0.00692906644836402 759.53994030657)
(-0.00184342865291614 0.00225249972030643 759.558822965908)
(0.00878818164716668 0.016298024905904 759.501086288896)
(0.0165414193597198 0.0297257100881534 759.535536467174)
(0.00840356343978797 0.0156456504618258 759.55406625831)
(-0.00888752934504001 6.63785360345229e-05 759.504734906468)
(0.00732903312571638 6.85449060019487e-05 759.53989896077)
(0.00192752862830861 7.13176041115045e-05 759.558782961451)
(0.00878621491581033 -0.0161534765402706 759.50108279915)
(0.0165376536481228 -0.0295783741421147 759.5355302151)
(0.00840125829422317 -0.0154982287738326 759.554058493766)
(-0.0170106822310575 -0.028585020999797 793.996327207724)
(-0.0550215669540925 -0.0944118727988358 794.134152460745)
(-0.0375827199087658 -0.0642060572414417 794.258156079937)
(-0.043618838091439 5.34687620150994e-05 794.08279932505)
(-0.0924730648838659 5.34626574176648e-05 794.178662002594)
(-0.0662846073803065 5.43535693612066e-05 794.264406378833)
(-0.0170092352226678 0.0286912404140987 793.996333245359)
(-0.0550205310013485 0.0945206187133502 794.134158685329)
(-0.0375825625400264 0.0643165650249477 794.258162958404)
(0.0210938795706714 0.0374122945553474 794.082760712955)
(0.045514356761112 0.0797085399887933 794.178617893399)
(0.0324163645040985 0.0570307731847565 794.264359014333)
(0.0325994407280226 5.43936548972531e-05 793.996295210559)
(0.108601704537135 5.52986944700971e-05 794.1341198818)
(0.0737169537664008 5.5423232740344e-05 794.258119120428)
(0.0210920251096602 -0.0373020626004375 794.082751993107)
(0.0455114355528861 -0.0795964757946269 794.178608559375)
(0.0324142531505072 -0.0569183357428328 794.264349554828)
(0.0619654966430188 0.108209653320725 844.271440314198)
(0.0870684101183513 0.151697586820108 843.973523136602)
(0.0413777169329633 0.0725703670873682 843.65035121957)
(0.0508690240667306 5.2269267888189e-05 844.101368238524)
(0.0885172556282141 5.25902400346977e-05 843.864631576715)
(0.0446692991854856 5.37205249982413e-05 843.644527776809)
(0.0619673413483024 -0.108104632025401 844.271445286873)
(0.0870699475448084 -0.151590632693463 843.973528199061)
(0.0413790709198316 -0.0724609675091466 843.650355969329)
(-0.0261460916918102 -0.0444137141525112 844.101329412984)
(-0.0449784188657575 -0.0770298864863315 843.864599983374)
(-0.0230576902446499 -0.0390517187458496 843.644498252703)
(-0.125358372031956 5.41484664404119e-05 844.271412951615)
(-0.175578926365411 5.4848410259985e-05 843.973495470685)
(-0.0842136201624326 5.5910501381474e-05 843.650326649935)
(-0.0261477883795823 0.044521285136868 844.101321979248)
(-0.0449810405771721 0.0771396912624625 843.864593985433)
(-0.0230589940429271 0.0391614932042273 843.644492621606)
(-0.676468462274941 -1.17171459504248 673.597184855257)
(-0.304793720165398 -0.527954547936858 673.172081771289)
(-0.220552603293256 -0.382043774093414 672.499683834748)
(-1.35289546320451 -1.57530469988806e-06 673.597216459587)
(-0.609562729474279 -1.50861450546126e-06 673.172133129621)
(-0.441124400536454 -1.38627104235407e-06 672.499705772856)
(-0.676468569912715 1.171711693332 673.597185370709)
(-0.304793756217117 0.527951658661493 673.172082060562)
(-0.220552631345602 0.382041042572903 672.499683969193)
(0.676477717650108 1.17165774507879 673.597215683112)
(0.304811086213997 0.527913454044992 673.172132463734)
(0.220591355085369 0.38204106006673 672.499705044487)
(1.35299581312832 -1.56853852894259e-06 673.597180786355)
(0.609646343006576 -1.50155919846006e-06 673.172078909244)
(0.441163281567951 -1.40932274556479e-06 672.499682737817)
(0.676477526908542 -1.17166061233687 673.597215415073)
(0.304810986503414 -0.527916348872702 673.172132283518)
(0.220591331150886 -0.382043828963171 672.499704923302)
(-19.9451613401033 -34.5461064771086 14.439276984902)
(-8.60766548449649 -14.9088290676285 25.374786063453)
(-17.1870301956373 -29.7688013444889 81.0855151515703)
(-31.9700885385063 -55.3744864968145 115.550852845436)
(-35.8201814824951 -62.0428621902626 145.843399022866)
(-33.8738423613306 -58.6713635029401 144.019404394514)
(4.10556449292265 7.11088690929804 152.074019618231)
(121.955900322262 211.233692039187 105.175914376897)
(149.969358553253 259.754607175203 132.844327953314)
(103.692028284854 179.599930742819 108.928218542576)
(54.5478367920277 94.4796652967943 59.9392525687888)
(11.9835252571237 20.7560805737312 15.5153512745714)
(0.708146308394794 1.22654545750118 1.13140708276878)
(0.00739584937588203 0.0128099871670748 0.014207699823986)
(8.23213125181424e-06 1.42584730610279e-05 2.08412554926378e-05)
(-24.5970216567277 -42.6031507375026 51.2543778466059)
(1.67371194040951 2.89912218657277 332.080461404084)
(-6.41972839868568 -11.1187067573069 424.244641142768)
(-8.38423836880865 -14.5217434324984 400.452584423594)
(-12.0367953594792 -20.8486612135853 387.798270949199)
(-7.24543058956813 -12.5494569563848 388.252061614367)
(10.3267937649098 17.8863986674006 377.22984671343)
(82.6659180929556 143.181326744324 238.611539136634)
(132.110137134886 228.821380140397 177.704129987848)
(85.3122977035497 147.76523536992 149.716639819319)
(43.8380243107525 75.9297343511423 81.396996665963)
(12.4628061489059 21.5862374455911 30.937805513684)
(1.17040705905488 2.0272051977876 3.5149233790799)
(0.0187756547882618 0.0325203940293724 0.0652310108354817)
(3.17911661345924e-05 5.50639285715031e-05 0.000136637468457997)
(43.2559708254862 74.921836377263 199.030697737212)
(173.525586887117 300.555665325291 1077.91345102117)
(18.5925110599373 32.2041671172076 1091.48291175983)
(-75.2005003649203 -130.250553522507 865.037843821244)
(-52.6622542284266 -91.2135118795828 754.535480839061)
(-23.7133245266006 -41.0713284975381 705.429315214688)
(5.35858871726464 9.28115779401125 730.976783572494)
(45.9862462414502 79.6502377497798 644.075704543952)
(123.124513159029 213.257625476449 359.635925208401)
(105.478348710933 182.693740256586 236.519355098469)
(51.2157466397099 88.7082120555402 131.16151159375)
(15.6040638012867 27.0270390338133 55.4756962975004)
(1.68331320839195 2.91558444504018 7.40761552350328)
(0.0318698081642212 0.0552001298810962 0.161938312785011)
(6.63729250180431e-05 0.000114961288543673 0.00041435064654469)
(332.65242840167 576.170990790615 878.806020552539)
(498.002706797269 862.566363914829 1570.66909835706)
(171.336622029125 296.764372492748 1631.64406393943)
(-55.7114243902971 -96.4918692644775 1434.07720525793)
(-76.5138753671203 -132.526031413403 1190.73646691445)
(-20.125412839321 -34.8595254784496 1034.28445067735)
(32.5728699559601 56.4166772690272 1093.74394649945)
(32.3715680701717 56.068746724593 1087.95342946407)
(52.2223643795859 90.4516341344294 644.186408374334)
(86.1276335472831 149.177198224214 374.214491045363)
(47.0911167118478 81.5640825525529 205.426957914496)
(17.1626008239092 29.726473686497 85.3688130301811)
(2.07820218696611 3.59955148228589 12.8531856212049)
(0.0437318048819372 0.075745705364735 0.309593551659416)
(0.000101602789676608 0.000175981194427191 0.000888640961177998)
(-31.1278851376999 3.05568359298874e-06 18.2660661108598)
(8.76013831299058 5.1117997887669e-06 101.320938900602)
(-0.396672963846355 2.20983988868667e-06 224.232425108246)
(-72.6276354973049 -2.57760503044256e-07 206.159906355025)
(-71.9278682111436 -1.65488614596425e-06 175.09665652451)
(-58.1003058708193 -7.8503176214554e-06 153.418634204558)
(14.5858079537926 -1.3361950764064e-05 154.751841913299)
(207.576560897931 -1.12572132165635e-05 103.416129510355)
(285.819632285441 -4.03420116193932e-06 125.717189053952)
(204.714289249062 -1.33461757059624e-06 109.983710000279)
(102.05414283521 -7.5451291095764e-07 57.1390498606026)
(18.6792985054806 -6.44294433106762e-08 12.0072208723034)
(0.896382649638399 -4.64413876823861e-09 0.65714323901193)
(0.00845004588792339 -1.27388542032552e-10 0.00736714001173446)
(1.05219601933935e-05 -3.92498508847473e-13 1.32463850154587e-05)
(8.18122740940137 6.69407695928438e-06 51.057839913456)
(109.592505664096 4.04094058834242e-06 357.370383660821)
(54.2326854737634 5.72889922522679e-06 473.154861649496)
(-44.6163755971937 -7.7603345595792e-07 471.576986652958)
(-33.8222210436839 -2.13943269993482e-05 405.286000264684)
(-19.01118140623 -2.95239479048029e-05 367.772746490723)
(-17.3342394166575 -2.77492331820188e-05 314.788723674879)
(138.862160761733 -2.9157176081532e-05 194.671240646965)
(252.817080671769 -1.54027782130962e-05 153.91955484702)
(169.234569459394 -3.54389025470733e-06 151.521357840222)
(90.1098051155339 -1.87070897754277e-07 84.211777443946)
(24.3219516099274 1.22978213198938e-07 28.3447982406304)
(1.88266723794739 6.74649197605257e-09 2.39136784375349)
(0.0243244746566372 -1.41009865799761e-10 0.0342189325008899)
(3.56169633133988e-05 -1.02186856754247e-12 6.49544653758704e-05)
(170.887214717648 3.42436496699641e-06 255.920007260704)
(209.078682822647 1.77124557365603e-05 958.524889611247)
(-19.9945771650183 1.0355774780449e-05 865.226785771336)
(-116.380720215329 3.27564030593684e-05 789.476784061957)
(-92.8012332076983 1.39250121924217e-05 695.071650556303)
(-44.4657950258047 -3.40680137401303e-05 622.165981504604)
(-14.9069289886265 -3.46634823701131e-05 633.986671317528)
(76.6946511575402 -4.49537271310988e-05 583.681215213929)
(242.275865523193 -3.59698155028208e-05 314.113387415286)
(209.424836213138 -6.12709785564519e-06 231.980161345921)
(105.703100838978 -6.08494050401302e-07 133.119288040658)
(33.3126796409803 2.13744277007839e-09 53.4754403717156)
(3.37468708289914 2.68879840690828e-08 5.84734089952045)
(0.0562995116447265 3.61899354895601e-10 0.103556460350439)
(0.000103483572055332 -6.06336424738054e-13 0.000231110175615069)
(540.398244553006 3.03360460349427e-05 867.63822467973)
(728.162484973325 3.73377788210625e-05 1494.20452435421)
(137.028362532078 -8.02987350971993e-06 1393.29901220169)
(-208.603721348194 0.000101294789829473 1210.93215011457)
(-162.988153048042 6.01425884026497e-05 1040.74899507997)
(-52.8216618853745 4.47771038677192e-05 955.886415097778)
(47.2501409681838 -7.12667408956152e-06 1031.81552239706)
(121.578373704108 -1.91527624604976e-05 1052.52008366726)
(153.813944306154 -3.46827713908352e-05 638.953436881005)
(182.162960629481 -1.34359986588112e-05 370.061290559626)
(102.381561631331 -4.02364052012537e-06 205.70003021124)
(39.4371579288376 -5.57368537534468e-07 84.3566794024975)
(4.84639611321114 3.53811218564666e-08 11.3878569692876)
(0.0990802825044756 1.62399893652797e-09 0.242307636543924)
(0.000218697038709702 3.25264432164013e-12 0.000638614797685846)
(-19.9451717848844 34.5461197494597 14.4392933069541)
(-8.60766251741198 14.9088303918338 25.3747517066364)
(-17.1870296213873 29.7688053642616 81.0854825286108)
(-31.970109743986 55.374474094178 115.550862683943)
(-35.8201994024913 62.0428553050904 145.843365518051)
(-33.8738432775268 58.6713566526004 144.019340198959)
(4.10555471855495 -7.11087867775347 152.073956951651)
(121.955877939696 -211.233661713039 105.175882039799)
(149.969347928948 -259.754589267416 132.844301861267)
(103.6920235792 -179.599921049918 108.928204053993)
(54.5478367485649 -94.4796636033201 59.9392467776605)
(11.9835256002297 -20.7560809609821 15.5153512501192)
(0.708146316674566 -1.2265454715404 1.13140710337101)
(0.00739584870003317 -0.0128099860134477 0.0142076985875932)
(8.23213118336016e-06 -1.42584712123203e-05 2.0841251495221e-05)
(-24.5970132127619 42.603143232551 51.2543505952802)
(1.67370903150294 -2.89910352116009 332.080340701819)
(-6.41965976472888 11.1186369448164 424.244588081346)
(-8.38422707431435 14.5217462964602 400.452498805099)
(-12.0368093962611 20.848663306291 387.798150413076)
(-7.24541735309578 12.5494414538678 388.251912174514)
(10.3267956902927 -17.8864072226587 377.229737628191)
(82.6659184883515 -143.181346739551 238.611470315644)
(132.110132390043 -228.821381617568 177.704098116955)
(85.3122935567121 -147.765230940088 149.716620607786)
(43.8380240806057 -75.9297330934801 81.3969908470057)
(12.462806991554 -21.5862381175027 30.9378055510722)
(1.17040715217805 -2.02720533914989 3.51492359258199)
(0.0187756560691879 -0.0325203961017512 0.0652310132360961)
(3.17911662273039e-05 -5.50639263453027e-05 0.000136637462062616)
(43.255948587985 -74.921783985856 199.03069324241)
(173.525602077584 -300.555643107557 1077.91333335968)
(18.5925427024792 -32.2041326158417 1091.48292922498)
(-75.2004846349692 130.250575882628 865.037684129083)
(-52.6622499463493 91.2135281044466 754.535259420537)
(-23.7132899657081 41.0713935619857 705.42906627243)
(5.35855317737668 -9.28110736038254 730.976622669197)
(45.9862308557398 -79.6502475761585 644.075552357873)
(123.12451219273 -213.25765142242 359.635838148906)
(105.478344752154 -182.693742774976 236.519333363673)
(51.215744268534 -88.7082114729437 131.161504027004)
(15.6040636295122 -27.0270384984453 55.4756952052004)
(1.68331327535271 -2.91558455226104 7.40761583233196)
(0.0318698110040284 -0.0552001347941973 0.161938324203344)
(6.63729320826876e-05 -0.000114961298903193 0.000414350664594638)
(332.652470912178 -576.171055354734 878.806099649437)
(498.002691170592 -862.566299202982 1570.66903625248)
(171.336643237167 -296.764347060486 1631.64404569602)
(-55.7113315249297 96.4919961342745 1434.07709955421)
(-76.5139048636963 132.526082308487 1190.73621710765)
(-20.1255035640665 34.859571086467 1034.28423939555)
(32.5727963349209 -56.4166487458143 1093.74377219643)
(32.3715273715727 -56.0687429619669 1087.95326462267)
(52.2223793929712 -90.4516919157966 644.186289109451)
(86.127640002712 -149.177226967581 374.214465095431)
(47.0911157099985 -81.5640877396351 205.426948737724)
(17.1626000644898 -29.7264735058046 85.368810031696)
(2.07820217000733 -3.59955147736817 12.853185712886)
(0.043731807007025 -0.0757457093162325 0.309593570596655)
(0.000101602800179193 -0.000175981211412188 0.000888641033083914)
(15.5638936508413 26.9575999428161 18.2661021467875)
(-4.38016690096839 -7.58644291115571 101.321139996388)
(0.198228302783004 0.343354059554465 224.232893391409)
(36.3137977608813 62.8973144847087 206.160172800227)
(35.9638202461143 62.2911721423515 175.097103111851)
(29.0501697983899 50.3162512563304 153.419375228192)
(-7.29275725973794 -12.631752542685 154.75227143054)
(-103.788111155873 -179.766604404151 103.416499187826)
(-142.90986414669 -247.527254417117 125.717361831956)
(-102.357202643375 -177.287907118733 109.983679907276)
(-51.0271172875628 -88.3815740776492 57.1389724867414)
(-9.33966247980404 -16.1767709149599 12.0072123457379)
(-0.448191671109028 -0.776291047396906 0.657142321018831)
(-0.00422500776353675 -0.00731793661652088 0.00736709182531678)
(-5.26091302712293e-06 -9.11217480960366e-06 1.32461444494339e-05)
(-4.090738385054 -7.08504402883793 51.0578360933668)
(-54.7964209231053 -94.9099352480595 357.371217038256)
(-27.1165354307781 -46.96705791964 473.156045219663)
(22.3083217442298 38.6390559893983 471.577962864382)
(16.911420292031 29.2909529112886 405.287237254161)
(9.50610568904839 16.4644527087911 367.773853170078)
(8.66762731951191 15.0121366366937 314.789180273726)
(-69.4306627931454 -120.258294074606 194.67184676353)
(-126.408522368525 -218.946421489241 153.919827028094)
(-84.6172908842212 -146.56153974827 151.521414691081)
(-45.0549507733993 -78.0374525425142 84.2117726278153)
(-12.1610064048487 -21.063466055535 28.3448345071711)
(-0.941337080476072 -1.63044319093335 2.39137469688004)
(-0.0121622811715307 -0.0210656995644326 0.034219005032714)
(-1.78085045123148e-05 -3.08452815032275e-05 6.49543086305582e-05)
(-85.4436525453647 -147.992472015057 255.919374659844)
(-104.540107152263 -181.068466592514 958.526501461566)
(9.99684826581219 17.3152913309752 865.228852412969)
(58.1901373869768 100.788935263112 789.478101329442)
(46.4006082056749 80.3684246812585 695.073602474293)
(22.2334718616293 38.50878165346 622.167628292965)
(7.45407042892278 12.910035333486 633.987471320803)
(-38.3466697701546 -66.4197018277701 583.682526055047)
(-121.137618466447 -209.817557010039 314.114138619244)
(-104.712376000967 -181.367327477431 231.980382808535)
(-52.8515236555921 -91.5415199307297 133.119427943006)
(-16.6563301417352 -28.8495941767883 53.4755193626974)
(-1.68734417491025 -2.92256404816147 5.84735490994826)
(-0.0281497870424988 -0.0487568489848767 0.103556708338446)
(-5.17418382220338e-05 -8.96195306068683e-05 0.000231110430322629)
(-270.198991885063 -467.997970389704 867.636575066812)
(-364.082632088004 -630.609080428925 1494.20580628743)
(-68.5151087325169 -118.671916091988 1393.30181559883)
(104.300468116654 180.655980414578 1210.93376213951)
(81.4934490332617 141.152042670832 1040.75217877337)
(26.410047158945 45.7444564468015 955.888664764674)
(-23.6251656725576 -40.9201437928237 1031.81697717173)
(-60.7894785537335 -105.29081723043 1052.52142305248)
(-76.9067791936537 -133.207199467006 638.954797853529)
(-91.0813183055198 -157.757796247192 370.061474523869)
(-51.1906868785752 -88.6649590639998 205.700121297027)
(-19.7185495077838 -34.1535306090514 84.3567427631316)
(-2.4231963678099 -4.19709638135888 11.3878702071182)
(-0.049540137762063 -0.0858059645008581 0.242307895355386)
(-0.000109348533448865 -0.000189397114251442 0.000638615209579784)
(39.8901369205263 -2.40766353748495e-06 14.4390699834407)
(17.2152756929807 3.23919579490237e-06 25.3751054992297)
(34.3740466815027 2.51336651743402e-06 81.0857878531621)
(63.9407680183827 -2.45618816370629e-05 115.550706119248)
(71.6407251019097 -1.89593407418087e-05 145.84378923168)
(67.7478718417684 -4.21635828614216e-06 144.020175501895)
(-8.211105061695 -4.3451171950543e-06 152.074788109173)
(-243.912212319051 -4.21762459440139e-06 105.176304811594)
(-299.938937075445 -2.46180149353412e-07 132.844692840874)
(-207.384196302802 7.71402739390289e-07 108.928384901725)
(-109.095655852948 8.09111044450228e-07 59.9392917057006)
(-23.9670269149992 1.03512500638194e-07 15.5153365860149)
(-1.4162922163568 1.50811688212524e-10 1.13140663237583)
(-0.0147917425898186 -8.58129600077806e-12 0.014207744784372)
(-1.6464412745633e-05 8.26105671230202e-13 2.08414638739692e-05)
(49.1941764470623 3.57556462280473e-06 51.2547255648616)
(-3.34763963881622 6.83858760816945e-06 332.081491364051)
(12.8400959709839 2.45770139229223e-05 424.245003683647)
(16.7684577808002 1.12484811708649e-05 400.45340864359)
(24.0738283452982 -1.10973642979071e-05 387.799621892126)
(14.4910985795943 3.71722893636498e-06 388.253811942828)
(-20.6534040602073 -2.59981247737426e-06 377.231203479222)
(-165.33139090216 -9.64466559302775e-06 238.61225998333)
(-264.220122748109 -4.84487041549042e-06 177.704530270088)
(-170.624629931384 -1.37590661847792e-06 149.716887568044)
(-87.6760856045854 4.29560384937308e-07 81.3970639723371)
(-24.9255973584874 3.93800679460596e-07 30.9377840035337)
(-2.3408099482574 9.96568355804551e-09 3.5149172784567)
(-0.0375512588595547 7.26516216640365e-11 0.0652309720691901)
(-6.35824024681594e-05 1.13855971958726e-12 0.000136637833962311)
(-86.5124885857439 6.94861634616836e-06 199.030630907351)
(-347.051246625104 2.43143511507322e-05 1077.9143616476)
(-37.185873286342 4.4709738392897e-05 1091.48221473579)
(150.400480055641 2.48603663107218e-05 865.039439738647)
(105.324266897694 1.18636088215666e-05 754.537779772153)
(47.4251640195875 6.24872209785008e-05 705.432005130559)
(-10.7177243268328 -5.52993433223672e-06 730.978661225054)
(-91.9722308197084 -1.82057840805694e-05 644.077378965033)
(-246.248424465887 -1.37955412664372e-05 359.636794091757)
(-210.956549626178 -4.68623332024463e-06 236.51957593569)
(-102.431469971876 -1.7620675385804e-06 131.161595785822)
(-31.2081379000051 1.18933605994636e-07 55.4756948406802)
(-3.36662332594101 4.37890554909714e-09 7.40760625683478)
(-0.0637394904557489 2.70055649572032e-12 0.161938067296986)
(-0.000132745619619599 8.90159974636217e-13 0.00041435050186009)
(-665.303805871292 4.55830463573502e-06 878.804909709635)
(-996.00584591583 1.88764590754437e-05 1570.66950683944)
(-342.673528250169 3.11382367149798e-05 1631.64396811819)
(111.419591525544 0.000143930673652446 1434.07821880336)
(153.027225425409 -2.67680046843276e-08 1190.73890482907)
(40.2510878519406 -5.57191161216588e-05 1034.28657378913)
(-65.1453352070852 -4.94439185997158e-05 1093.74584090149)
(-64.7429668398117 -3.33116737105608e-05 1087.95523456714)
(-104.443818613109 -1.58663876800635e-05 644.187514015204)
(-172.254674715511 -8.77722655871965e-06 374.214727755244)
(-94.1820901677512 -3.46058616808562e-06 205.427055889655)
(-34.3251966396542 -5.67276130127282e-07 85.3688478220621)
(-4.15640414871301 -1.22283416473686e-08 12.8531801632962)
(-0.087463510455561 -1.3544298077457e-10 0.309593144330087)
(-0.000203205192586366 5.55085723334101e-13 0.00088863968568999)
(15.5638973822672 -26.9576002755685 18.2661068818918)
(-4.38016482508391 7.58644959220366 101.321158417267)
(0.198218892896196 -0.343333291074837 224.232944876199)
(36.313795267107 -62.8973106588635 206.160206254231)
(35.9638101531823 -62.2911579602408 175.097152427165)
(29.0501578340207 -50.3162462283861 153.419454810385)
(-7.29277625708262 12.631758729524 154.752334526225)
(-103.788121686651 179.766600133947 103.416533631736)
(-142.90987379585 247.527263062793 125.7173752242)
(-102.357208025855 177.287913772486 109.983684612963)
(-51.0271207624423 88.3815785873033 57.1389729404249)
(-9.33966314278726 16.1767719344197 12.0072124890266)
(-0.448191690908377 0.776291072401868 0.65714229076192)
(-0.00422500740082558 0.00731793573342269 0.00736708993954867)
(-5.26091117940841e-06 9.11217081528694e-06 1.32461350333619e-05)
(-4.09073489935896 7.08505142829793 51.0578355053414)
(-54.7964252812702 94.9099509738742 357.371295530126)
(-27.1165439444518 46.9670842188274 473.156170429541)
(22.3083279053071 -38.6390681440008 471.578070422856)
(16.9114093246114 -29.2909766645788 405.287367835136)
(9.50610007914168 -16.4645020194918 367.773971039267)
(8.66762302565547 -15.0121846825541 314.789224870147)
(-69.4306760850785 120.258258796663 194.671891629606)
(-126.408541174969 218.946423261385 153.919844291959)
(-84.6172966345192 146.561542620998 151.521421562641)
(-45.0549524282218 78.0374550347322 84.2117746852126)
(-12.1610071343425 21.0634675650093 28.344836203439)
(-0.941337186730845 1.63044338846454 2.39137494756498)
(-0.012162282911714 0.0210657022972713 0.0342190073401964)
(-1.78085091984199e-05 3.08452875775537e-05 6.49543018536072e-05)
(-85.4436433604575 147.992463054076 255.919315998773)
(-104.540157561115 181.068589453242 958.526660985729)
(9.9968253903808 -17.3152308809906 865.229069655073)
(58.190168862697 -100.788924156006 789.47824895642)
(46.4006255045627 -80.3684267126471 695.073811742365)
(22.2334654598203 -38.508838639704 622.167791511907)
(7.45406317875807 -12.9100920584562 633.987529861285)
(-38.3466968303181 66.4196588402499 583.682614997501)
(-121.137652213608 209.8175435514 314.114192649771)
(-104.712383447582 181.367328123536 231.980397681894)
(-52.8515233741437 91.5415182266835 133.119435189594)
(-16.6563296535034 28.8495933354299 53.475522732683)
(-1.6873441438315 2.9225640481065 5.84735542243907)
(-0.0281497873085326 0.0487568501693026 0.103556716133818)
(-5.17418403423429e-05 8.96195330560806e-05 0.000231110435747617)
(-270.198937382002 467.997936716406 867.636408558165)
(-364.082723003171 630.609312695922 1494.20593663279)
(-68.5152232372046 118.672098500181 1393.30211926224)
(104.300510758164 -180.655851498227 1210.93393908306)
(81.4934900326531 -141.151993250852 1040.75251349026)
(26.410050239801 -45.7443721235266 955.888880244917)
(-23.6251802737986 40.9201549166998 1031.81709921026)
(-60.7895155981701 105.290843182591 1052.52152679294)
(-76.9068121742857 133.207187317038 638.954905173745)
(-91.081327413232 157.757785161718 370.061491276297)
(-51.1906879795028 88.6649529248618 205.70012806312)
(-19.7185489745919 34.1535285708936 84.3567459298418)
(-2.42319623001491 4.19709621345278 11.387870738641)
(-0.0495401347520437 0.0858059625351592 0.242307903108642)
(-0.000109348528977135 0.000189397112930754 0.00063861521274059)
(166.255360034279 287.963280804106 1235.88807256099)
(296.008378931101 512.700762807731 1573.87083656197)
(174.80544867251 302.773323051205 1916.53371698437)
(-9.67050505376941 -16.7457664601288 1769.89383474772)
(-86.6281437983399 -150.043193964261 1509.58666778213)
(-25.6865940041642 -44.4920604443417 1294.82744439297)
(15.0997453567364 26.1517470252298 1355.11765155775)
(18.7719794161413 32.5131485711091 1407.21079175678)
(14.4971241524924 25.1091194751139 1037.57630091075)
(71.7065477098721 124.198820514095 549.338391623455)
(42.5683008360976 73.7302185772829 282.657303771446)
(16.2382101801091 28.1253449268399 114.49716627442)
(2.06223703604394 3.57189684682288 18.6350042878307)
(0.0486820196707939 0.0843197147003095 0.474208959578641)
(0.000123304526048685 0.000213569690968452 0.00143665404498344)
(80.1290533058259 138.788200483877 1162.12485079647)
(182.313210436464 315.775743836748 1511.48730885076)
(150.818983120287 261.227231090978 1840.9349210751)
(40.0224480646008 69.3241087177308 1827.49134664779)
(-83.548109451197 -144.705566176661 1607.44317178333)
(-5.98503867322177 -10.3667123333708 1454.38264476642)
(16.2130789539297 28.0819943054412 1499.26232329219)
(12.9152727232064 22.3700574036749 1559.19908001539)
(-5.29049444480217 -9.1638465848429 1277.16096808159)
(29.815679131104 51.6416566583122 655.636791108124)
(23.1176422913654 40.0406696584086 334.455844498379)
(11.0791647917563 19.1896005639538 137.364929624914)
(1.76277261056341 3.05320707008236 23.3945053896908)
(0.046139906938832 0.0799166055011381 0.626632102534054)
(0.000118219349935521 0.000204761855645681 0.00194603194013523)
(32.3434583092011 56.0211843345529 1114.2614357495)
(65.6957255978534 113.78821105594 1461.72179071579)
(58.3920745600453 101.138318842782 1774.50259535)
(14.9582940614674 25.9120841591564 1837.8369364428)
(-50.6322037971357 -87.6922107621543 1642.42527529804)
(-7.72602868626097 -13.3799026352566 1541.71175650382)
(5.63025353581666 9.75338200080776 1584.79047127212)
(6.06665239645741 10.5082059058028 1638.75501867592)
(-5.31164386721219 -9.20077253892813 1413.52502980326)
(15.1612050850572 26.2590906537779 761.359751432246)
(13.2538567954622 22.9560510103495 379.451907761204)
(6.53157667901135 11.3129297122719 154.095414792665)
(0.967200516490633 1.67523706549297 26.6273781910805)
(0.0247050546296886 0.0427904239198773 0.746234990915792)
(6.35338299746939e-05 0.000110043923205499 0.00237180633648612)
(287.605860642512 4.50737935221043e-05 1175.27242929665)
(439.909787916114 1.65436666680517e-05 1466.87291871055)
(163.277390742746 2.57949061482791e-05 1784.43015128962)
(-144.962606427029 0.00010010999715557 1594.55941426559)
(-226.175665853658 9.47862780522625e-05 1403.37060958108)
(-59.5901644995455 3.1666223275784e-05 1237.7098254131)
(16.8935611639915 1.27146019970139e-05 1322.27273119312)
(101.68458352336 -3.75214740612417e-05 1369.29087823297)
(136.846181504228 -5.80591428129796e-05 1046.55462603953)
(171.033580498137 -2.70433954703276e-05 547.885499264022)
(92.8303170783502 -7.39174618082261e-06 280.245560274578)
(38.9490862514519 -1.52237808692561e-06 112.599266124485)
(5.46538978466466 6.47338543698331e-09 17.8577404981265)
(0.132664891487208 3.37139576769562e-09 0.431373524453534)
(0.000326830881044642 1.11539181415479e-11 0.00125140425951848)
(90.1318742517715 3.6891674992088e-05 1138.01062322154)
(198.261387101752 2.00950199508642e-05 1475.61544149641)
(140.694653338185 9.32153512481241e-06 1798.08836400192)
(-95.1223123230527 5.12348180698515e-05 1750.74545464871)
(-229.919746559763 0.000163250486195247 1576.72403700424)
(-53.5809683895328 9.32291776004908e-05 1423.17295511264)
(8.01804546297278 4.03413537247773e-05 1490.40757560207)
(79.5363423416503 -9.15842269820432e-06 1546.26008506263)
(99.023935245276 -5.28453106989654e-05 1284.65568806436)
(115.854552186651 -3.10885353004785e-05 636.868294633919)
(69.471324413477 -7.70003760695241e-06 327.502396617378)
(32.6366872385533 -2.01187725031293e-06 136.0548075748)
(4.79767329845387 -3.12716528375703e-08 23.3855044057627)
(0.12013444301723 4.39843845886529e-09 0.624344159430759)
(0.000306295476832809 1.39552847710182e-11 0.00190615321370222)
(28.1533128268966 3.52208161903156e-05 1113.63052971321)
(75.9941266386937 1.79909606209667e-05 1459.07543415384)
(104.216867612324 -5.10595695463156e-05 1792.91909890802)
(-54.7283547008485 0.00014097042129678 1824.54661727055)
(-140.188645129906 0.00020005992449126 1644.69979760851)
(-26.5176338919449 9.75680859050417e-05 1545.83605970887)
(-1.97697468163492 6.63730606166916e-05 1586.75047821792)
(34.8455221416489 -5.56224205123134e-07 1640.61743733325)
(36.4763226647592 -5.51103665890288e-05 1416.14136597214)
(67.0388812329461 -3.96879973499126e-05 759.981792222984)
(39.0325918812282 -9.35552006889866e-06 382.768271999737)
(16.1739529942719 -2.27579694805014e-06 156.170564846569)
(2.01452739231997 -8.15285089261102e-08 26.8477634584151)
(0.0505418058806635 2.25930694320713e-09 0.747331722372057)
(0.000140264575013364 1.93799568371979e-11 0.00236536328090885)
(166.255365364057 -287.963224862574 1235.88810527601)
(296.008359880313 -512.700790501165 1573.8708646707)
(174.805451516484 -302.773193821547 1916.53372486864)
(-9.67039955597979 16.7459415286168 1769.89372609571)
(-86.6281425735912 150.043322527729 1509.58651701257)
(-25.6866639965617 44.4920551290236 1294.82728032021)
(15.0996781723895 -26.151781323506 1355.1175235836)
(18.771959815306 -32.5132079972123 1407.21065411647)
(14.4971390074414 -25.1092121446777 1037.57620702867)
(71.7065579576518 -124.198871577996 549.338368264268)
(42.5683020768861 -73.7302330028294 282.657295670519)
(16.2382097519229 -28.1253470887099 114.497162868837)
(2.06223695690025 -3.57189682493886 18.6350040756025)
(0.0486820195340215 -0.0843197153837067 0.474208975906129)
(0.000123304534740328 -0.00021356970504194 0.00143665415269689)
(80.1290644718038 -138.788145727128 1162.12487010238)
(182.313219596876 -315.775749458433 1511.487333025)
(150.819044040749 -261.227232966134 1840.93492670674)
(40.0225083240652 -69.3239246316171 1827.49128216512)
(-83.5480819722624 144.705905026298 1607.44315260213)
(-5.98513426781411 10.3668551070665 1454.38257124949)
(16.2130397885791 -28.0819116756382 1499.26227139427)
(12.9152692301385 -22.3700541962867 1559.19903278185)
(-5.29047714808197 9.16377022582288 1277.16093843964)
(29.8156912450331 -51.6417138304358 655.636787365525)
(23.117644891418 -40.0406872490917 334.455841585473)
(11.0791651978861 -19.1896048008979 137.364927839001)
(1.76277252668763 -3.05320712520966 23.3945051988417)
(0.0461399031185001 -0.0799166012164847 0.626632110447191)
(0.000118219340080941 -0.000204761836528311 0.00194603202695849)
(32.3434644375053 -56.0211121164728 1114.26144048701)
(65.695712462424 -113.788186676478 1461.72180249057)
(58.3921711934401 -101.138448857618 1774.50256054543)
(14.9582907861674 -25.9117598790422 1837.83693509442)
(-50.6321557696909 87.6926293659742 1642.42527255427)
(-7.72601151752515 13.3800620103767 1541.71173861178)
(5.63026449925847 -9.75327141014503 1584.79046988434)
(6.06666154079378 -10.5081895902647 1638.75501814038)
(-5.31162975070825 9.20069118670968 1413.52503502637)
(15.1612149276767 -26.2591641264507 761.359755252685)
(13.2538573043782 -22.956069929639 379.451907613701)
(6.53157650895457 -11.3129345174214 154.095414137302)
(0.967200542935433 -1.67523729028021 26.6273780936763)
(0.024705053748419 -0.0427904210317855 0.746234992647403)
(6.35338203433385e-05 -0.000110043895594216 0.00237180637064375)
(-143.803468498053 -249.074147832105 1175.27211729634)
(-219.954805914634 -380.972679161934 1466.87303801423)
(-81.639968010766 -141.404099493808 1784.43095829258)
(72.4793185614049 125.540163254494 1594.56187237298)
(113.086684538814 195.873701711568 1403.37311528944)
(29.7949327003162 51.6067469322096 1237.71151991806)
(-8.44679886793834 -14.6300361972628 1322.27414364406)
(-50.8417596639043 -88.0616516451124 1369.29204827169)
(-68.4224030072591 -118.512814041749 1046.5557032178)
(-85.5162980577129 -148.119282095026 547.885703941172)
(-46.4149760278931 -80.3932846276509 280.245608691832)
(-19.4744899329772 -33.7308408695171 112.59930509855)
(-2.73269214976975 -4.7331594760039 17.8577479547321)
(-0.0663324395756948 -0.11489100372484 0.431373670549309)
(-0.000163415500318256 -0.000283043539420135 0.00125140449770038)
(-45.0663964955204 -78.0566790370601 1138.01054039097)
(-99.1307655074433 -171.699212677122 1475.61531302275)
(-70.348001113837 -121.846225204705 1798.08906469861)
(47.5593983546676 82.3763813293589 1750.74732322289)
(114.956782482521 199.114508473866 1576.72477704298)
(26.788790827172 46.4014607549022 1423.17418049414)
(-4.01025919416699 -6.94495224280726 1490.40866730384)
(-39.768617451937 -68.8813859035943 1546.2611501117)
(-49.511332353749 -85.7576325771215 1284.65642170826)
(-57.9266444057271 -100.332777869589 636.86829409793)
(-34.7354661901522 -60.1638017845937 327.50241448905)
(-16.3182837675688 -28.264147130825 136.054831541838)
(-2.3988328825126 -4.15489928971935 23.3855086002284)
(-0.0600672047971891 -0.104039247288335 0.624344158699132)
(-0.000153147745022438 -0.00026525912474174 0.00190615294968763)
(-14.0771635904394 -24.3817901798628 1113.63051942032)
(-37.9971973915941 -65.8127916828104 1459.07519130035)
(-52.1077410716091 -90.254687278918 1792.91980772122)
(27.3611567599924 47.3941501279469 1824.54723346191)
(70.0905596151076 121.404753775882 1644.7002689329)
(13.2569818573963 22.9637513841985 1545.83643085799)
(0.987116235213438 1.71125532595086 1586.75065870499)
(-17.4229532097069 -30.1774130203946 1640.61758778836)
(-18.2372005158985 -31.5893392082608 1416.14145800301)
(-33.518571465999 -58.057011279058 759.981750988258)
(-19.5160566153213 -33.8030762568369 382.768294056577)
(-8.0869097931655 -14.0070071965879 156.170584681457)
(-1.00726117006911 -1.74462937031511 26.8477644456877)
(-0.0252709662277066 -0.0437704880905383 0.747331583604645)
(-7.0132607449961e-05 -0.000121472499755082 0.00236536241449189)
(-332.511480843771 3.26255640818662e-05 1235.88780557321)
(-592.015808683156 -3.02964998608125e-05 1573.87065010428)
(-349.613143004207 6.71245448198651e-05 1916.53371494445)
(19.3366118285643 0.000178954406435943 1769.89493503068)
(173.254249515541 6.54153090821304e-05 1509.58809949116)
(51.3744030186727 -6.32273581314092e-05 1294.82908728048)
(-30.1981924822642 -7.52779538676072e-05 1355.11896196738)
(-37.5426047954658 -4.66274731435335e-05 1407.21228845578)
(-28.9924687707371 -3.34227333045469e-05 1037.57707900852)
(-143.411978970347 -1.66488637770739e-05 549.338596835265)
(-85.1362367788371 -6.13727007593515e-06 282.657382708913)
(-32.4763580339271 -1.45166919988944e-06 114.497211649857)
(-4.12447397478626 -5.76033366539656e-08 18.6350055728019)
(-0.0973640165349675 -4.60347941359064e-10 0.474208602797248)
(-0.00024660871077471 5.01416219510726e-13 0.00143665203282289)
(-160.258907549088 3.70983601985337e-05 1162.1247209476)
(-364.626273030021 5.17598948784486e-06 1511.48711402496)
(-301.638424453176 5.18421585049488e-05 1840.93490046616)
(-80.0489022344815 0.00014424252882226 1827.49204533236)
(167.090000857349 0.000193401606043865 1607.44324188762)
(11.9686720796348 -1.135613521295e-05 1454.38336480556)
(-32.4272812208018 7.4323774725259e-06 1499.26288433025)
(-25.8306551241243 -1.38230728802935e-06 1559.19957203777)
(10.5824598534017 -2.31536088602482e-05 1277.16110490167)
(-59.6301089283513 -1.8087883659413e-05 655.636778872951)
(-46.2348558014165 -6.54308911421042e-06 334.455868185716)
(-22.1582245229507 -1.76675129089345e-06 137.364956324758)
(-3.52554319504321 -1.00218055973902e-07 23.3945079944905)
(-0.0922798863580062 -1.1668111201668e-09 0.626631916783653)
(-0.000236439022441301 9.36895871668899e-13 0.00194603028922903)
(-64.6879206628315 4.14227785439568e-05 1114.26141967358)
(-131.391541369263 8.08365541581123e-07 1461.72168413809)
(-116.782211661323 1.86514579830696e-05 1774.50304139565)
(-29.9228767048225 0.000159293954996765 1837.83682991306)
(101.256457236143 0.000251121217730112 1642.42527907926)
(15.4492177201629 9.45750499691823e-05 1541.71190869233)
(-11.2628037859925 6.47735369086957e-05 1584.7905174712)
(-12.1337937171123 1.60738741856532e-05 1638.7550095265)
(10.6250119960452 -2.84228052557865e-05 1413.52487772683)
(-30.3207183805262 -2.82058618512196e-05 761.35967081289)
(-26.5072295373801 -9.01866538772625e-06 379.451913200365)
(-13.0630168371675 -2.55001894076028e-06 154.095428459671)
(-1.93439546192111 -8.95490089904462e-08 26.6273801058105)
(-0.049410193998738 6.78969566713319e-10 0.746234947315485)
(-0.000127068271203162 5.32380002817406e-12 0.00237180570334185)
(-143.803457445085 249.074218934146 1175.2720790203)
(-219.954777957914 380.972663937545 1466.87304526942)
(-81.6400550726637 141.40430196706 1784.43103857455)
(72.4793039719171 -125.539937644037 1594.56212356606)
(113.086723229427 -195.873578944442 1403.37337903792)
(29.7949610731979 -51.6067326118615 1237.71169390815)
(-8.44677988335549 14.6300288643665 1322.27427313322)
(-50.8417852022932 88.0616209567322 1369.29215483543)
(-68.422451382865 118.512781822306 1046.55579825778)
(-85.5163106375334 148.119249819104 547.885725502554)
(-46.414977542524 80.3932724705177 280.245614720726)
(-19.4744895638016 33.7308371856411 112.599307268982)
(-2.73269199976908 4.73315922913904 17.8577482633723)
(-0.0663324340425767 0.114891000883732 0.43137367433615)
(-0.000163415487022883 0.000283043538583377 0.00125140449111847)
(-45.0663924057959 78.0567458189508 1138.01052718409)
(-99.1307465959249 171.699220188483 1475.61529846869)
(-70.3480600967493 121.846346050877 1798.0891292564)
(47.5593093785034 -82.3761247458476 1750.74750735008)
(114.956761891281 -199.114145969753 1576.72486663647)
(26.7887840951867 -46.4012625324092 1423.1743057735)
(-4.01029306371756 6.94509163532604 1490.40876227648)
(-39.7686583741871 68.8814385209934 1546.26124514406)
(-49.5113745898264 85.7576001308759 1284.65649148103)
(-57.9266544754921 100.332733155105 636.868298190359)
(-34.7354664899786 60.1637869049022 327.502415278242)
(-16.3182836773602 28.2641429507865 136.05483263141)
(-2.39883274163018 4.15489898312393 23.3855087731997)
(-0.060067196701194 0.104039242061005 0.624344157937302)
(-0.000153147724274879 0.000265259116410511 0.00190615292761907)
(-14.0771689910688 24.3818700110735 1113.63051520919)
(-37.9971888451865 65.8128128786682 1459.07516621548)
(-52.1077852431158 90.2546616317791 1792.91986975592)
(27.3611203476172 -47.3938051083974 1824.54729415938)
(70.0905391591121 -121.404317741056 1644.70032297344)
(13.2569650395281 -22.9635270743589 1545.836468145)
(0.987106411116788 -1.7111055851012 1586.75067416591)
(-17.4229688744872 30.1774390326979 1640.61760555289)
(-18.2372262468174 31.5892736150385 1416.1414702492)
(-33.518579522282 58.0569458704378 759.98174984314)
(-19.5160570358709 33.8030582746951 382.768295097242)
(-8.0869096771628 14.0070024437259 156.170585983862)
(-1.00726116566996 1.74462919952935 26.8477645378668)
(-0.0252709658766995 0.0437704919974585 0.747331576166036)
(-7.01325947629255e-05 0.000121472516270667 0.00236536236040601)
)
;

boundaryField
{
    inlet
    {
        type            zeroGradient;
    }
    outlet
    {
        type            freestreamVelocity;
        freestreamValue uniform (0 0 0);
        value           nonuniform List<vector> 
156
(
(-0.59694317357287 -1.03393811077212 0.432156335087357)
(-1.88696092015946 -3.26829357700092 5.56262667797477)
(-5.23344035474098 -9.0645821002899 24.6904905820731)
(-8.24922395171921 -14.2882475840968 29.8155215236914)
(-10.0240093569362 -17.362230044262 40.8131822885101)
(-9.73836420417197 -16.8673839847364 41.4040248962949)
(2.17454741341458 3.76634218323774 80.5473075818058)
(117.029429907843 202.700799972384 100.927280000716)
(143.513473978153 248.572684561472 127.125642109774)
(97.7547368637252 169.316236367536 102.69110862999)
(51.1747791420517 88.6373555639342 56.2328076151266)
(11.0199523370586 19.0871228389738 14.2677908102925)
(0.630583411622884 1.09220257160537 1.00748465356524)
(0.00636373782474508 0.0110223174819445 0.0122249754122042)
(6.66632942895938e-06 1.15464240876635e-05 1.68771209516872e-05)
(-2.14347831121917 2.10415564004603e-07 1.25780843660671)
(4.75934150440729 2.77721652645838e-06 55.0471844788175)
(-0.198003294855299 1.10306378034906e-06 111.927867617476)
(-24.2525907139971 -8.60741223332037e-08 68.8431035407992)
(-22.3171438728366 -5.13463461814741e-07 54.3274445982363)
(-18.795304314121 -2.53955820793479e-06 49.6305462443311)
(8.01098320794425 -7.33880245341235e-06 84.994565326327)
(196.814161570029 -1.06735508635893e-05 98.0542250741224)
(273.654373405434 -3.86249461709287e-06 120.366324460506)
(192.534872935048 -1.25521489151646e-06 103.440261583626)
(95.5355989555779 -7.06319614917047e-07 53.4893851492127)
(17.1941814412217 -5.93069133787671e-08 11.0525742828423)
(0.809450134148822 -4.19374331985671e-09 0.593412515500804)
(0.00740553036990155 -1.11641963761144e-10 0.00645648317415517)
(8.52413155613408e-06 -3.17973919641229e-13 1.07312636086449e-05)
(-0.596944263708196 1.0339398547294 0.432157386486825)
(-1.88695806589484 3.26829005017581 5.56261264960845)
(-5.23343877501615 9.06458089100911 24.6904740204824)
(-8.24922993371831 14.2882452678328 29.8155259069346)
(-10.0240126243676 17.3622250909854 40.813165798053)
(-9.7383622976308 16.8673782568864 41.4039972149747)
(2.17454212346214 -3.76633762782882 80.5472702089152)
(117.029409780428 -202.700773211267 100.927250135002)
(143.513465240708 -248.572669900555 127.125618407207)
(97.7547332335815 -169.316228625793 102.691095817781)
(51.174779560853 -88.6373547711891 56.2328026871028)
(11.0199526859034 -19.0871232528112 14.2677908309561)
(0.630583418277982 -1.09220258286363 1.0074846707641)
(0.00636373723934735 -0.0110223164826142 0.0122249743409278)
(6.66632952576013e-06 -1.15464228542692e-05 1.68771181000148e-05)
(1.07173761454574 1.85631401143827 1.25781306278641)
(-2.37972346010469 -4.12167768548518 55.0472845682317)
(0.0989477411278721 0.171388788195346 111.928205892651)
(12.1263006317215 21.0033593674724 68.8432603531284)
(11.1585696737327 19.3272121719052 54.3277441431838)
(9.39768504524479 16.2772295393125 49.6309308427068)
(-4.00540979001369 -6.93775255332151 84.9947750814096)
(-98.4068851676294 -170.446030856135 98.0545406085143)
(-136.827225176636 -236.991810045533 120.366483298432)
(-96.2675010500677 -166.740232674985 103.440244042751)
(-47.7678551392078 -82.7363655235393 53.4893269625305)
(-8.59710540858419 -14.8906242626176 11.0525696643513)
(-0.404725537491873 -0.701005466322939 0.59341191777369)
(-0.00370275454130091 -0.00641336644955475 0.00645644558284497)
(-4.26201736598389e-06 -7.38203560488251e-06 1.0731083632206e-05)
(1.19386311420985 -7.20584312497609e-08 0.432143742476207)
(3.77394778777967 7.10099334008426e-07 5.56275281159397)
(10.4668967467752 7.65320070358203e-07 24.6906212979187)
(16.4985835399689 -6.33768202426668e-06 29.8154532248146)
(20.0481653956472 -5.30564142732388e-06 40.8133837881367)
(19.4768353329571 -1.21216082234645e-06 41.4043595262366)
(-4.34908402387483 -2.30142954363484e-06 80.5477492286799)
(-234.059226738755 -4.04725102467877e-06 100.92764253739)
(-287.027109282493 -2.35582539968356e-07 127.125969510407)
(-195.509582754162 7.27232983044693e-07 102.691253537593)
(-102.34952897718 7.59078201989445e-07 56.2328373695594)
(-22.0398822285197 9.51892502702377e-08 14.2677768212296)
(-1.26116648125929 1.3429336401002e-10 1.00748426415653)
(-0.0127275127878241 -7.38375170625152e-12 0.0122250135392231)
(-1.33327771252368e-05 6.68975138474213e-13 1.68772853965902e-05)
(1.07173819603163 -1.85631459647101 1.25781376973252)
(-2.37972240104947 4.12168143436334 55.0472961668134)
(0.0989430542498857 -0.171378438998745 111.928243091924)
(12.1263010257049 -21.0033602146652 68.8432784888411)
(11.1585696165551 -19.3272130965711 54.327774412584)
(9.39768434211578 -16.2772333987385 49.630973314679)
(-4.00542042353916 6.93775629703667 84.9948139708415)
(-98.4068921880334 170.446021672883 98.0545703128116)
(-136.827233745124 236.991817162791 120.366495531287)
(-96.2675061019795 166.740238914966 103.440248457365)
(-47.7678586470201 82.7363701866204 53.4893276726494)
(-8.59710608054348 14.8906253078695 11.0525698755536)
(-0.404725560592244 0.701005497946255 0.593411898106474)
(-0.0037027543237375 0.00641336584936378 0.00645644410509116)
(-4.26201616522884e-06 7.38203288188692e-06 1.07310767495871e-05)
(7.34687833660632e-06 1.27251696602948e-05 1.86000640420782e-05)
(3.03064907729655e-05 5.24923947775433e-05 0.000130256378754152)
(6.47893759765863e-05 0.000112218500905061 0.000404464920264215)
(0.000100324033177417 0.000173766323193582 0.000877456667831616)
(0.000122416422864846 0.000212031451224959 0.00142630651701905)
(0.000117788262625352 0.000204015190758556 0.00193893572724763)
(6.34884273186092e-05 0.000109965283425692 0.00237011139211652)
(9.38769236321246e-06 -3.5018715014653e-13 1.18184240544716e-05)
(3.34382729890854e-05 -9.59360847801318e-13 6.0981199491574e-05)
(9.89824339550993e-05 -5.79963118050417e-13 0.000221057770231765)
(0.000212812564478626 3.16512552483121e-12 0.000621431609734433)
(0.000321536967783188 1.09732501612824e-11 0.00123113437074992)
(0.000304362038845732 1.38671944146872e-11 0.00189412094645927)
(0.000140141987984278 1.93630193365336e-11 0.00236329602438819)
(7.34687815534626e-06 -1.27251678022544e-05 1.86000601703018e-05)
(3.03064908197744e-05 -5.24923925833021e-05 0.000130256372478763)
(6.47893827214558e-05 -0.000112218510755492 0.000404464936939464)
(0.00010032404350203 -0.000173766339885501 0.000877456738432066)
(0.000122416431505488 -0.000212031465217177 0.00142630662409185)
(0.000117788252921598 -0.000204015171909895 0.00193893581564554)
(6.34884177161578e-05 -0.000109965255872282 0.00237011142707182)
(-4.69378165870472e-06 -8.12987380169997e-06 1.18181976293396e-05)
(-1.67191491021322e-05 -2.89584597175514e-05 6.09810200552911e-05)
(-4.94912657599238e-05 -8.57214231065988e-05 0.000221058008760826)
(-0.000106406300767747 -0.000184301020488825 0.000621432038658122)
(-0.000160768547244961 -0.00027845888885097 0.00123113463973298)
(-0.000152181028577565 -0.000263584726218909 0.0018941207163522)
(-7.00713136214581e-05 -0.000121366336376326 0.00236329515757029)
(-1.46938934407729e-05 7.37269460588227e-13 1.86002534098915e-05)
(-6.06130575743832e-05 1.08538814445987e-12 0.000130256746761717)
(-0.000129578535738325 8.68922277185223e-13 0.000404464806200983)
(-0.000200647686907325 5.48099509686149e-13 0.000877455419117631)
(-0.000244832506739094 4.97804759437721e-13 0.00142630451861522)
(-0.00023557684250555 9.33479460900065e-13 0.00193893404829379)
(-0.000126977464656377 5.31999549151238e-12 0.00237011074453329)
(-4.69377977601127e-06 8.12986983238966e-06 1.18181886387407e-05)
(-1.67191529125961e-05 2.89584644001462e-05 6.09810115446236e-05)
(-4.94912677488927e-05 8.57214253815308e-05 0.000221058013775137)
(-0.000106406296519123 0.000184301019381703 0.000621432042334171)
(-0.000160768534247789 0.000278458888171259 0.0012311346338921)
(-0.000152181008046017 0.000263584718087574 0.00189412069548146)
(-7.00713009362512e-05 0.00012136635286144 0.00236329510321938)
(-6.57408294969957 -11.3866699645604 4.75929991308567)
(-3.43019517207822 -5.94125272622718 7.14771576375847)
(1.78650507589284 3.09432983305812 8.22012186943042)
(33.7151426672519 58.3963485508706 89.0691539578731)
(-7.68184593177982 7.54092045565204e-07 4.50776225312485)
(0.0505433883730609 4.13558155300105e-08 0.315433871116927)
(14.3832180070001 2.88221608253275e-07 21.5402495901504)
(40.8462187663091 2.29296224652438e-06 65.5807843428405)
(-6.57408424736011 11.3866706239379 4.75930374007603)
(-3.43019531326022 5.94125396373852 7.14771471134991)
(1.7865021828481 -3.09432424909956 8.22011259811097)
(33.7151482266445 -58.3963572611355 89.0691652790468)
(3.84090778225887 6.65268330240655 4.5077674945009)
(-0.0252722766888163 -0.0437708736651156 0.315431503906051)
(-7.19163045084634 -12.4562461520993 21.5402491927428)
(-20.4231238127052 -35.3738569736391 65.5807376385724)
(13.1481534280794 -7.93587890087065e-07 4.75924933221689)
(6.86039566576416 4.9863194818081e-07 7.14775045565593)
(-3.57305560103796 2.86985069566385e-07 8.2201717019942)
(-67.4301380842752 4.61995119079878e-07 89.0689875631398)
(3.84090815053512 -6.65268242742782 4.50776801452951)
(-0.0252722833588836 0.0437709682278036 0.31543185230225)
(-7.19163140512205 12.4562483897264 21.5402494290861)
(-20.4231224908961 35.3738592744089 65.5807340370571)
)
;
    }
    sides
    {
        type            zeroGradient;
    }
}


// ************************************************************************* //
