/*--------------------------------*- C++ -*----------------------------------*\
  =========                 |
  \\      /  F ield         | OpenFOAM: The Open Source CFD Toolbox
   \\    /   O peration     | Website:  https://openfoam.org
    \\  /    A nd           | Version:  11
     \\/     M anipulation  |
\*---------------------------------------------------------------------------*/
FoamFile
{
    format      ascii;
    class       surfaceScalarField;
    location    "0.0001000042";
    object      phi;
}
// * * * * * * * * * * * * * * * * * * * * * * * * * * * * * * * * * * * * * //

dimensions      [1 0 -1 0 0 0 0];

internalField   nonuniform List<scalar> 
2478
(
0.000842095167609955
-0.00017899813815718
-9.0361599713179e-11
-1.19001081178797e-10
-0.00106613374136614
0.000644747338577685
-0.000157880647667027
-6.59653125471751e-10
-6.25866072726314e-10
-0.000136829598122229
-5.28485078588698e-10
-4.55552442068987e-10
0.000473793222352175
0.00050522169502243
-4.47437581938693e-05
-3.79645190013832e-10
-3.97576798848338e-10
-0.000639636607603182
0.000386824563281145
-3.94659553236641e-05
-1.068026151622e-09
-1.02841470940324e-09
-3.42030147820578e-05
-9.21311445509871e-10
-8.4466591701712e-10
0.000284263330890846
0.000168395228701127
6.62078891060583e-11
4.49317046785115e-11
-0.000213194416111275
0.00012893309900628
7.25260826113343e-10
7.62863022589228e-10
1.31055814841358e-09
1.39349309405423e-09
9.47488650632247e-05
0.000842094819122926
-0.000178997019086623
9.30856804940046e-11
-0.00106613200761681
0.000644744315640111
-0.00015787984113315
6.59061925260135e-10
-0.000136829283418351
5.25360121427171e-10
0.000473788532485363
0.000505221569916951
-4.47439572234269e-05
3.8136466272258e-10
-0.000639636421593085
0.000386822493359142
-3.94686414825848e-05
1.06706158237721e-09
-3.42067795308294e-05
9.18059915225701e-10
0.000284260260724256
0.00016839534632278
-6.41982580377315e-11
-0.000213194396713738
0.000128932972238328
-7.26357227132362e-10
-1.31390548256931e-09
9.4749038267228e-05
0.000842095165778522
-0.000178998140648237
-1.19386935829979e-10
-0.00106613373766017
0.000644747336337325
-0.000157880647884725
-6.2653067515973e-10
-0.00013682959501451
-4.55992898442618e-10
0.000473793218684417
0.000505221693841181
-4.47437598231403e-05
-3.97703751333321e-10
-0.000639636605304843
0.000386824562084719
-3.9465954953942e-05
-1.0290479195217e-09
-3.42030130563687e-05
-8.45094690787081e-10
0.00028426332940194
0.000168395228726953
4.48258243674823e-11
-0.000213194415554602
0.000128933098902555
7.62646364897007e-10
1.39309960396346e-09
9.47488651100485e-05
0.000842094850942282
-0.000178997001079325
8.66416630823132e-11
-0.00106613204047195
0.000644744350164671
-0.000157879903447258
6.53596114567629e-10
-0.000136829409284181
5.238539329969e-10
0.000473788574584762
0.000505221588169549
-4.47439416052947e-05
3.79536326303685e-10
-0.000639636442197331
0.000386822512285067
-3.94686751171162e-05
1.06126132084746e-09
-3.42068515447617e-05
9.16584476124294e-10
0.000284260283453181
0.000168395347077305
-6.72823494509735e-11
-0.000213194401655598
0.000128932974096823
-7.26764288181726e-10
-1.31561573156361e-09
9.47490432224723e-05
0.000842095195704277
-0.000178998114991872
-8.89853371110333e-11
-0.00106613378484448
0.000644747372462143
-0.000157880681912099
-6.52337986146306e-10
-0.000136829690767415
-5.20290070331634e-10
0.000473793273221167
0.000505221710610248
-4.47437439987226e-05
-3.81124904259931e-10
-0.000639636632835146
0.000386824581099985
-3.9465981040632e-05
-1.05966475991062e-09
-3.42030645544323e-05
-9.12900351910913e-10
0.00028426335456272
0.000168395228652936
6.53887624385216e-11
-0.000213194421797826
0.000128933100913074
7.2807898067722e-10
1.31937339035277e-09
9.47488650776332e-05
0.000842094853054966
-0.000178996999175284
-0.00106613204298714
0.000644744352385393
-0.000157879905820569
-0.000136829415181117
0.000473788577281474
0.00050522158952301
-4.4743939993649e-05
-0.000639636443947689
0.000386822513590555
-3.94686763566971e-05
-3.4206854950013e-05
0.000284260284866897
0.000168395347112037
-0.000213194402103634
0.000128932974217644
9.47490435367013e-05
0.000474562353799589
2.39258435995229e-08
-8.51971333325902e-10
-5.62375100426806e-10
0.000475880819518581
2.45235566804841e-08
-3.10779549881138e-11
4.62609066179988e-10
1.00088639148595e-08
-1.82611643314385e-09
-9.06488125068747e-10
0.00047731385520657
0.000284732312279319
9.19776303249164e-09
-1.00576165619612e-09
-7.61821165667313e-10
0.000285528490725146
8.77558972381008e-09
-1.3298314191371e-09
-7.5597750791561e-10
3.04590748597625e-09
-8.39409747927736e-10
3.12334217896556e-10
0.000286389229119494
9.49067235643589e-05
1.16153974508365e-09
1.46445614700652e-09
9.51746904209669e-05
1.64360738560965e-10
8.03148060915266e-10
-8.57356122132159e-10
4.55559493340446e-10
9.5463099545922e-05
0.000474556464799778
2.38969973711655e-08
8.27669611124481e-10
0.00047587942437903
2.71063029006098e-08
-8.09643281238226e-12
1.61933093445867e-08
1.71596252859134e-09
0.000477315373984326
0.00028472824002294
5.73680224093438e-09
9.81824940630722e-10
0.000285526616875456
7.54809296142633e-09
1.28910288666557e-09
5.19984333320405e-09
7.33680938431232e-10
0.000286390599955165
9.49069457867314e-05
-1.18786705303889e-09
9.51744899750675e-05
-1.99861057825074e-10
7.62780630054593e-10
9.54629582017451e-05
0.000474562341365715
2.39742164783591e-08
-5.59269359285113e-10
0.000475880781006265
2.46068212660317e-08
4.79807039585611e-10
1.03152839914548e-08
-8.31562981939028e-10
0.00047731383216811
0.000284732307319372
9.22299146766375e-09
-7.55335934966329e-10
0.000285528470484596
8.81389382068358e-09
-7.37541285423388e-10
3.17678196785518e-09
3.66990877682764e-10
0.000286389222255731
9.49067223736485e-05
1.468176706891e-09
9.51746857870926e-05
8.0994173650914e-10
4.89788763908573e-10
9.54630949580371e-05
0.000474556538200469
2.3538771303541e-08
8.82499238779016e-10
0.000475879582132022
2.64287514127126e-08
2.94568162234349e-10
1.47335866376198e-08
2.56486620153372e-09
0.00047731552153762
0.000284728287225353
5.51067148629649e-09
1.06689433920478e-09
0.000285526751386271
7.11610608292038e-09
1.57356897884054e-09
4.27903873716651e-09
1.40307435570093e-09
0.000286390776087078
9.49069548701005e-05
-1.13135922705969e-09
9.5174494783804e-05
-4.31553406291668e-11
1.27144864358079e-09
9.54628958144566e-05
0.000474562538162767
2.34089608877608e-08
-8.6095085710192e-10
0.000475881218748138
2.29837429860727e-08
-2.74574684495064e-10
5.68398902456909e-09
-2.52344191977718e-09
0.00047731392187696
0.000284732396383258
8.91378308090409e-09
-1.04924091057267e-09
0.000285528724046509
7.98705433231349e-09
-1.55222617333368e-09
9.34756599652465e-10
-1.35009556279878e-09
0.000286389182261263
9.49067415709685e-05
1.15386237739025e-09
9.51747425447177e-05
7.35138558100729e-11
-1.22007123973039e-09
9.54631238855406e-05
0.000474556538288907
2.35091386702798e-08
0.000475879587048858
2.64051950441598e-08
1.47076247501406e-08
0.000477315534032365
0.000284728288644482
5.49319556969506e-09
0.000285526756900874
7.09898982182095e-09
4.25368716329899e-09
0.000286390787968849
9.49069553064558e-05
9.51744950380404e-05
9.54628903984731e-05
4.1334694273225e-05
6.05324446980009e-10
1.74712233059777e-09
0.000530430955455812
1.03339509252712e-05
9.04768210764455e-11
1.12561708071795e-09
0.000318261970580235
-7.59250051501556e-10
1.71632657082954e-09
0.000106087255097459
4.13319369278228e-05
-6.75646446126124e-10
0.000530432454605824
1.03343393289136e-05
-1.55044837428855e-10
0.000318261972595963
6.06630637107856e-10
0.000106087152266894
4.13349512981972e-05
1.74346253688402e-09
0.000530430968367296
1.03341005104453e-05
1.14037032372455e-09
0.00031826197102335
1.70540752835813e-09
0.000106087252250886
4.13279470407513e-05
-6.14928597516932e-10
0.000530432161511304
1.03318741839477e-05
-3.54394383847781e-11
0.000318261662186534
6.01767570019077e-10
0.00010608711458639
4.13315175209364e-05
6.78826607718088e-10
0.00053043054974103
1.03319945674495e-05
7.55908339936974e-11
0.000318261884471778
-3.66675515580013e-10
0.000106087275296437
4.13276137457252e-05
0.000530432138027685
1.03316253790242e-05
0.000318261627462652
0.000106087110165031
3.46675778072641e-05
-2.04158848485757e-09
5.62880962001223e-10
0.000575262048909139
8.66704041477137e-06
-1.72661112311919e-09
9.16659534248073e-10
0.000345158640221639
-1.45401148998574e-09
1.39405444230401e-09
0.000115052769711398
3.46742645451446e-05
1.76469872715341e-09
0.000575262444972837
8.66985286305611e-06
1.44493308144216e-09
0.000345158333475082
1.1652681923221e-09
0.000115052824412175
3.46681620327386e-05
5.71158388054833e-10
0.00057526206437243
8.66733340989406e-06
9.25796533998626e-10
0.000345158643613814
1.3973729084656e-09
0.000115052768052646
3.46693999742885e-05
1.98784744166649e-09
0.000575262053587355
8.66730358605963e-06
1.74729032631493e-09
0.0003451580730812
1.44430103152845e-09
0.000115052796824756
3.46626183036828e-05
-1.72284889517682e-09
0.000575261643040706
8.66451454973851e-06
-1.47804152229002e-09
0.000345158499262159
-1.13666843905985e-09
0.000115052778350499
3.46688518736813e-05
0.000575262023426636
8.66700402669555e-06
0.000345158051762061
0.00011505279635925
2.39617102656974e-05
3.46619924250632e-09
4.58896138260225e-09
0.000606663114966602
5.99101868780386e-06
1.85247664912869e-09
3.04202060389487e-09
0.00036400178977492
5.81176769199037e-10
2.20257513584236e-09
0.000121333514345505
2.39471934740715e-05
-3.52185566446879e-09
0.000606663743168567
5.98667700018435e-06
-1.91716291724365e-09
0.000363999929772277
-6.73182099853505e-10
0.000121333252342337
2.39618503104876e-05
4.57992260517173e-09
0.000606663129963636
5.99110136616601e-06
3.03987171654425e-09
0.000364001792708235
2.1898098965102e-09
0.000121333517635351
2.3944492964287e-05
-3.44248405416457e-09
0.000606663273658131
5.98502915731482e-06
-1.851191634174e-09
0.000363999698080003
-6.84730499351475e-10
0.000121333182290498
2.39593365260853e-05
3.50180126649363e-09
0.0006066627934219
5.98970165409732e-06
1.91436917322063e-09
0.00036400169741696
8.06947118175451e-10
0.000121333490199817
2.39443132075565e-05
0.000606663230472042
5.9848937131335e-06
0.00036399967902835
0.000121333177359198
3.01187925588655e-06
-5.783216760623e-09
-3.35620747746136e-09
0.000611747649289391
7.53508924003238e-07
-3.29006654933199e-09
-9.20814704921755e-10
0.000367047030350812
-2.32177053537813e-09
2.93780753630318e-10
0.000122349962131157
3.03274431047679e-06
5.50743691808426e-09
0.00061174877956258
7.60099924893703e-07
3.01274255700259e-09
0.000367049383187314
2.03270026814329e-09
0.000122349942067276
3.01243091799437e-06
-3.37028147057161e-09
0.000611747663054659
7.53790526574361e-07
-9.26556658926037e-10
0.000367047033734474
2.86253580463868e-10
0.000122349966347524
3.02838226295011e-06
5.77568406041071e-09
0.000611748405293542
7.57771026264529e-07
3.31927455464974e-09
0.000367049190851588
2.26267266078065e-09
0.000122349914800986
3.00757340869994e-06
-5.4895945892329e-09
0.000611747407696297
7.51317602506096e-07
-3.03903775191947e-09
0.000367046966472604
-1.95660908655637e-09
0.000122349938067264
3.02778987120399e-06
0.000611748372391226
7.57461588479834e-07
0.000367049172565903
0.000122349912623313
7.93219691308157e-05
6.44492506189425e-09
7.72839153681234e-09
0.000712012266022452
1.98303906749971e-05
3.31705804994644e-09
4.61351664147016e-09
0.000427213821933282
1.25271589331228e-09
2.85222168301159e-09
0.000142403907907525
7.9294210791646e-05
-6.57544900559831e-09
0.000712014827179354
1.98229410989795e-05
-3.45413996022262e-09
0.00042721013290056
-1.40298742399127e-09
0.000142403138729555
7.93222503599433e-05
7.71797184446815e-09
0.000712012275882302
1.98305344573456e-05
4.61254430462153e-09
0.000427213823333159
2.84425609491578e-09
0.000142403912314883
7.92916279324184e-05
-6.37330746847391e-09
0.000712014449029365
1.98214514123751e-05
-3.24752210816319e-09
0.000427209948446506
-1.31723213559571e-09
0.000142403124665698
7.93193802509473e-05
6.50964654657629e-09
0.000712012084022098
1.98290866287269e-05
3.3822300070244e-09
0.000427213776347575
1.48549095458283e-09
0.000142403881815944
7.92913010486638e-05
0.000712014406525682
1.98212743102473e-05
0.000427209924083214
0.000142403122843396
0.00114413302220977
-1.1671823950865e-08
-9.23053707936865e-09
0.00214372305456386
0.000286033704782638
-5.94329397946448e-09
-3.54174668911432e-09
0.0012862273979395
-3.75183621502276e-09
-1.0947358776328e-09
0.000428743787010379
0.00114417485570694
1.13956609340939e-08
0.00214372266610874
0.000286047758502708
5.66483397300074e-09
0.00128623206143546
3.4532801174267e-09
0.000428745197381436
0.00114413355650905
-9.25011926935062e-09
0.00214372307417292
0.000286033993087947
-3.55455250997117e-09
0.00128622738040315
-1.10783204962037e-09
0.000428743793303592
0.00114416988790322
1.16793630451596e-08
0.00214372183523893
0.000286045316321215
5.96503991524572e-09
0.00128623153174461
3.68516111528237e-09
0.000428745168287317
0.00114412864463711
-1.13854489721755e-08
0.00214372264493994
0.000286031468093462
-5.67772665493148e-09
0.00128622736745742
-3.36974675241427e-09
0.000428743737409897
0.00114416921773721
0.00214372175222314
0.000286044986671554
0.00128623147851739
0.000428745168145728
0.000755031044784349
2.72059093786234e-10
3.7535994107862e-09
0.00308852887014055
0.000188769829231244
-1.74330937565467e-09
1.76740538794951e-09
0.00185314439296089
-2.59020843814371e-09
1.05685536450767e-09
0.00061773278245193
0.000755063118438678
-7.30961269811148e-10
0.00308857028694924
0.000188777489918911
1.27460513270252e-09
0.00185316928060825
2.11112906127985e-09
0.000617735446764408
0.000755031970634112
3.73261982444546e-09
0.00308852891240028
0.000188770294759472
1.75429440093557e-09
0.00185314439441455
1.04401337271479e-09
0.000617732789645896
0.000755056568034114
-2.46102583516088e-10
0.00308856944190607
0.000188774230181738
1.70879462261988e-09
0.0018531688595029
2.53036023026548e-09
0.000617735382576381
0.00075502487223729
7.25070451487557e-10
0.00308852831175222
0.000188766774021253
-1.23538845776469e-09
0.00185314422677536
-2.0373524722752e-09
0.00061773271290742
0.000755055528327307
0.00308856936082593
0.000188773719531741
0.00185316882026252
0.000617735378167248
-0.00176391375937852
-1.80685829524805e-08
-1.49149544654398e-08
0.000882838599818397
-0.000440990689433284
-1.37357913236364e-08
-1.06683385198299e-08
0.000529703054607147
-4.39539639494196e-09
-1.3033988742364e-09
0.000176569041440024
-0.00176387728166926
1.76713615042553e-08
0.000882840336982473
-0.000440978981135464
1.33356275467387e-08
0.000529704425581203
3.98451994033759e-09
0.000176569608174703
-0.00176391297216304
-1.49308236481439e-08
0.000882838608211695
-0.000440990293155134
-1.06787550063509e-08
0.000529703056332088
-1.31444101046305e-09
0.000176569044973568
-0.00176388272402687
1.76354766526872e-08
0.000882840153155993
-0.000440981754839166
1.34704558595869e-08
0.000529704327062238
4.25592519798061e-09
0.000176569593617393
-0.00176391814862192
-1.72225683765944e-08
0.000882838484817997
-0.000440993043579175
-1.30602096024826e-08
0.000529703012379557
-3.83315839551195e-09
0.000176569015272874
-0.00176388355518214
0.000882840135971259
-0.000440982186422965
0.00052970431825539
0.000176569592846155
-7.53985887052156e-08
-1.76213039277361e-10
-2.06698295686456e-10
-1.75333345391266e-08
2.57406601079663e-10
2.09341331975418e-10
-1.98053526541137e-10
-2.32437596297055e-10
-7.55155107485519e-08
1.78813653445818e-10
-1.68010802991357e-08
-2.53023318280438e-10
2.00763420590746e-10
-7.54073373871161e-08
-2.06680467336982e-10
-1.75361829650488e-08
2.0895190092074e-10
-2.32204784100885e-10
-7.54290115026349e-08
1.76772229341406e-10
-1.67665348867066e-08
-2.59941242846968e-10
1.99960769351002e-10
-7.5306501094133e-08
-1.79399409715696e-10
-1.75021710468754e-08
2.55939228361104e-10
-2.02908491658133e-10
-7.54211297996406e-08
-1.6763241302497e-08
-4.38087549570254e-05
8.70678985899349e-05
1.07071310863279e-06
1.070700878276e-06
6.70140477413186e-05
-7.1194730252044e-05
3.76716538501748e-06
3.76759878394564e-06
0.000184344844502826
-1.23567188234606e-05
-3.97418711987294e-06
-3.97394124691748e-06
0.000246317567658117
0.000136014508741125
-2.55926483526445e-05
-2.55926589083798e-05
0.000316034655810069
0.00010774918674093
-2.43208707896182e-05
-2.43211074444426e-05
0.000379037622560184
8.48047420909015e-05
-1.80679500992178e-05
-1.80681450478076e-05
0.00046759714972482
5.11661610673978e-05
-1.68400030176472e-05
-1.68401513688524e-05
0.000545728936294354
6.57883254003636e-05
-1.92473584186031e-05
-1.9247415336918e-05
0.000537465731453408
9.86656340400368e-05
-1.17315566182246e-05
-1.1733340006918e-05
0.000461078773501147
6.02002315289287e-05
1.3447622389561e-05
1.34465330988749e-05
0.000398770785643268
4.67526120817557e-05
1.68675177670197e-05
1.68671779698158e-05
0.000268383703676015
5.46380476221034e-05
-1.5778289224463e-05
-1.57785021510579e-05
0.000164251360320681
-0.000825088601507557
1.6202839356078e-08
1.60322209522869e-08
0.000575835094891572
-0.00194553884177277
2.77583410229617e-05
2.77584112139672e-05
-0.00192331528941754
6.87944935005131e-06
6.87944199653003e-06
0.000142742960697936
4.78904853766671e-05
-3.0916361197033e-05
-3.09165641344279e-05
0.000360380187391264
-0.000323002086906551
1.91247271479652e-05
1.91248989522258e-05
0.000386855441599057
-3.18123360513096e-05
1.529437100075e-06
1.52953101634283e-06
0.000393690850029519
0.000168654743404913
-1.47474479576255e-05
-1.47474743195996e-05
0.0004105928732739
0.000116931377342205
-7.14286900504291e-06
-7.14300434348538e-06
0.000478177960661333
2.86934079322357e-05
2.30055458512538e-06
2.30055142172214e-06
0.00054890271974942
-3.55653563718334e-05
8.72005390511831e-06
8.72000194228383e-06
0.000604240250130994
-3.08506443841293e-05
5.72671932897969e-06
5.72673719039017e-06
0.000609276486341221
2.7439293572575e-05
-2.29702617087421e-06
-2.29685093909099e-06
0.000578019260358597
4.27912497268323e-05
-5.20115517239762e-06
-5.20109364204554e-06
0.000525177532223237
6.84108483543131e-05
1.08870547349885e-07
1.07394642165034e-07
0.000362065218902944
2.68406798948788e-05
1.08713896594198e-05
1.08710834185524e-05
0.000152026421639432
-0.000277558544402247
1.3828074930325e-06
1.38266403798212e-06
0.000431778721323506
-0.00110017287449069
-2.07507130482851e-06
-2.07533474791578e-06
-0.00165050708325356
2.522492962931e-05
2.52244751895048e-05
0.000307383602547925
-0.000340581382172179
4.53722403226037e-05
4.53726091836787e-05
0.000477799086543904
-0.000476730977283934
-9.93198591809907e-06
-9.93170404849357e-06
0.000516185447048802
-5.91732537838938e-05
-5.72716049675076e-06
-5.72673249590213e-06
0.000505384099077752
0.000173426712348691
2.76767406178567e-06
2.76597015616057e-06
0.000469037077378628
0.000162303608753622
-4.07548020709645e-06
-4.07695973800822e-06
0.000494186370189961
1.3586171510708e-05
2.03704022998257e-06
2.03669798844546e-06
0.000548985196962134
-8.45261317700987e-05
1.20452152918506e-07
1.20525324480577e-07
0.000577631619960587
-5.93938067365479e-05
-3.111012714049e-06
-3.11168080236669e-06
0.000574709762982231
6.82379555940523e-06
1.83786241420911e-06
1.83724539454236e-06
0.000573370295247924
4.35032462615223e-05
-3.59645077209508e-06
-3.59693613708148e-06
0.000576889092559207
7.25349039705887e-05
-1.33836387703387e-06
-1.33906220903379e-06
0.000511617387041901
1.99624132033077e-05
-1.10278645843191e-06
-1.10312381485569e-06
0.000357574587084409
-8.10888048225925e-05
1.98384070088503e-05
1.98381607320733e-05
0.000290340822302176
-0.000487440588382058
6.59772191436591e-06
6.59761694137272e-06
-0.00105271582357709
1.97195365528812e-06
1.97181402480592e-06
0.000371126491726435
5.82526102621921e-05
5.82534680901762e-05
-0.000734934730749964
0.000281510956262284
-9.53038643285974e-06
-9.53011043116423e-06
-0.000368692373270025
0.00037506943530487
-1.41736224940163e-05
-1.41735886393726e-05
-0.00012564149681748
0.000474503894168423
-1.6550543503165e-05
-1.65502726755453e-05
0.000104183453975404
0.000474699516611164
3.73075951026305e-06
3.73021473814748e-06
0.000151078805177909
0.00047484029160966
-2.44056652414011e-06
-2.44057235707331e-06
2.39691311285695e-05
0.000478149219169571
-1.34476271604948e-05
-1.34473787797803e-05
-5.87470654659547e-05
0.000483551115852195
-9.84453427941597e-06
-9.84425436685558e-06
-4.72760347175839e-05
0.000485482700968838
-2.76496453598064e-06
-2.76476133218191e-06
1.68410867037885e-06
0.000494098201701632
3.56926622042681e-06
3.56934954968429e-06
2.48392096593088e-05
0.000508659830606864
7.51669733164303e-06
7.51662138687655e-06
3.37545861363638e-05
0.000491844331648601
4.07465557764942e-06
4.07457286610269e-06
9.67747734130709e-06
0.000442330860357562
5.52839436043713e-06
5.52831971387935e-06
-2.43988134737014e-05
0.000335332511395235
1.91435621446997e-06
1.91461383971576e-06
-0.000122911311588691
-4.40049273265833e-06
-4.40051275591612e-06
-0.00050882550996318
5.41696243607363e-05
-3.58581319666632e-06
-1.07070577796178e-06
0.000220075103929969
-0.000167801854544006
-3.76716460278123e-06
0.000368684372724188
-7.54552558557041e-05
3.97419550397641e-06
0.000376741658309482
0.000162823349586252
2.55926553286704e-05
0.000372414599306659
0.0001251359738058
2.43208901180742e-05
0.000421529388259058
5.78997513746772e-05
1.80679748983757e-05
0.000507076681157531
4.64704602190112e-07
1.68400408129758e-05
0.000547544996167672
2.91111743048298e-05
1.92474069302043e-05
0.000534052739524492
9.96558978298974e-05
1.17317002550553e-05
0.000431721052147226
0.000113706071486281
-1.34475494000532e-05
0.000383788429737091
9.59748817942012e-05
-1.68674907580435e-05
0.000222795038160906
-1.97356182801746e-05
1.57782912005588e-05
0.000155282789787329
-0.000868701643049107
-1.61895440294328e-08
0.000590631280059763
-0.00188118115336189
-2.77583842470358e-05
-0.00209075360879742
-6.87944440975612e-06
0.000260435255506129
-0.000279536610465519
3.09163845044188e-05
0.0004901403676193
-0.000352368310996977
-1.91247185100347e-05
0.000484099843406276
-6.29426738406727e-05
-1.52941595942739e-06
0.000467792887304621
0.000151337155817515
1.47474522529174e-05
0.000469892152878951
0.000118259022616177
7.14286203599426e-06
0.000532035331679096
2.50767608120016e-05
-2.30055261393389e-06
0.000591732621689611
-2.13812867156075e-05
-8.72001616991549e-06
0.000621395329350685
3.97175274521519e-06
-5.72670004096151e-06
0.000618333061532199
4.76339548932563e-05
2.29702017239225e-06
0.000586358400532463
6.329623671967e-05
5.20117663397652e-06
0.000535327419073889
5.06921046621092e-05
-1.08724261333056e-07
0.000362328986134368
-1.56509602830977e-05
-1.08713365396439e-05
0.000154328513391426
-0.00032754282953471
-1.38278318963022e-06
0.000408362177488327
-0.00111615358970086
2.07509960825468e-06
-0.00165631891766769
-2.52249306128499e-05
0.000450600196099817
-0.000572195594621359
-4.53722362703665e-05
0.0005929641480881
-0.000511272319977569
9.93193109273396e-06
0.000551895774872508
-3.27440545714133e-05
5.72710933551175e-06
0.000513887601685263
0.000194488777003119
-2.76743801348907e-06
0.000487796688976582
0.000139791804388487
4.07568830264302e-06
0.00051866296365843
7.34757852645341e-06
-2.03694489220882e-06
0.000560215053089844
-5.23933232061424e-05
-1.20437519609211e-07
0.000574517037889982
-1.70457761877958e-05
3.11106973633607e-06
0.00057269310075023
3.48183635398744e-05
-1.83780499395388e-06
0.00057268387424232
3.91043611278619e-05
3.59660240174442e-06
0.000581381648594695
2.60370056412421e-05
1.33845952668957e-06
0.000521376862006793
-1.67542990135952e-05
1.10284620137785e-06
0.000389255682990765
-9.43273043330993e-05
-1.98383558776912e-05
0.000294373239972705
-0.000488236759078092
-6.5976990251591e-06
-0.00102517707109002
-1.97197357228911e-06
0.000481954742762062
-5.82527330491973e-05
-0.000826395752584637
0.0003972401115168
9.53035009614271e-06
-0.000443070990107914
0.000432019599768764
1.41735790792527e-05
-9.47466521708477e-05
0.000474794338298825
1.65505169290994e-05
0.000116618915223941
0.000471973273261151
-3.73071325639025e-06
0.000148449491862666
0.000467786107312021
2.44056299159503e-06
1.03342956364913e-05
0.000458278669893951
1.34476075246169e-05
-6.74633988738042e-05
0.000466819207932878
9.84451235437294e-06
-4.7047802344679e-05
0.000479544465024696
2.76492505597506e-06
6.21343423117953e-06
0.000489641703750161
-3.56929649993567e-06
2.61659494121861e-05
0.000507176302012835
-7.51666955029341e-06
1.36891391004734e-05
0.000496109934577716
-4.07461622791474e-06
-7.44640408152782e-06
0.000455297114618037
-5.52836811936104e-06
-1.49078425944921e-05
0.000327614571821741
-1.91436850325671e-06
-9.63518688189628e-05
4.40049528390091e-06
-0.000479276970945604
-4.38087507121083e-05
8.70679019761568e-05
1.07069203047577e-06
6.70137659608949e-05
-7.11944968986086e-05
3.76753707320455e-06
0.000184344520585176
-1.23564963109063e-05
-3.97398335325548e-06
0.000246317272112688
0.000136014443910653
-2.55926611353987e-05
0.000316034515265299
0.000107749036882139
-2.43210917422403e-05
0.000379037541275989
8.48046535299207e-05
-1.80681414283371e-05
0.00046759704527721
5.11661990950389e-05
-1.68401731368316e-05
0.000545728782665772
6.57883721096285e-05
-1.92474599746331e-05
0.000537465658109318
9.86657564003789e-05
-1.17333284980922e-05
0.00046107865120819
6.02002919826987e-05
1.3446561711128e-05
0.000398770653380724
4.67526046185698e-05
1.68671832525195e-05
0.000268383589676981
5.46379275303888e-05
-1.57784854844455e-05
0.000164251245884394
-0.000825088710408037
1.60333898498936e-08
0.00057583497925309
-0.00194553874354883
2.77584552821579e-05
-0.0019233153420995
6.8794393219749e-06
0.000142742807366002
4.78906954870341e-05
-3.09165591945621e-05
0.000360379887293296
-0.000323001629758985
1.91248682765446e-05
0.000386855215190067
-3.18121459886495e-05
1.52950085646124e-06
0.000393690598017188
0.000168654692831332
-1.47474717783605e-05
0.000410592661229863
0.000116931185291684
-7.14297499477653e-06
0.000478177844268979
2.86933194377166e-05
2.30054939148484e-06
0.000548902666596494
-3.5565260793705e-05
8.71997068710336e-06
0.000604240120151074
-3.0850483422511e-05
5.72672103718548e-06
0.000609276327590075
2.74393872010116e-05
-2.29685676882699e-06
0.000578019136822115
4.27913330740214e-05
-5.20111778156917e-06
0.000525177513924385
6.84108430482175e-05
1.07388484257408e-07
0.000362065133460133
2.68405890623383e-05
1.08710586685558e-05
0.0001520262936369
-0.000277558613431732
1.38265199814536e-06
0.000431778637264373
-0.00110017287922702
-2.07534169395377e-06
-0.00165050703299036
2.52245151570954e-05
0.000307383415601228
-0.000340580907281102
4.53725603809023e-05
0.000477798895070611
-0.0004767306059455
-9.93168911806883e-06
0.000516185241051533
-5.91730803893153e-05
-5.7267448181239e-06
0.000505383915973722
0.000173426821322845
2.76597570819128e-06
0.000469036948331695
0.000162303587645623
-4.07695577650733e-06
0.000494186259344765
1.35862131791135e-05
2.03665531170566e-06
0.000548985114819825
-8.45260182029189e-05
1.20513814186259e-07
0.000577631510860706
-5.93936331159903e-05
-3.11164492505352e-06
0.000574709631235554
6.82396418934207e-06
1.83726848489217e-06
0.000573370194696447
4.35034473263846e-05
-3.59701345592514e-06
0.000576889024586526
7.25349131300263e-05
-1.33908220899818e-06
0.00051161729287173
1.99624396511973e-05
-1.10314982528612e-06
0.00035757447795491
-8.10887847906066e-05
1.98381323695178e-05
0.000290340740185549
-0.00048744062376761
6.59760455143073e-06
-0.00105271582145015
1.97184889382494e-06
0.000371126339068546
5.8253471587287e-05
-0.000734934291191821
0.000281510931139769
-9.53011216637788e-06
-0.000368692187031273
0.000375069392145649
-1.41735497755564e-05
-0.000125641397689859
0.000474503802517457
-1.65502892169091e-05
0.000104183556914572
0.00047469942606273
3.73025890706258e-06
0.000151078786215137
0.000474840199576851
-2.44055908156621e-06
2.3969168881672e-05
0.000478149124101012
-1.34473790083571e-05
-5.87469646064389e-05
0.000483551048281817
-9.84425111134708e-06
-4.7275926087186e-05
0.000485482632309809
-2.76473406557353e-06
1.68420913630008e-06
0.000494098130574207
3.56938546298063e-06
2.48393266534371e-05
0.000508659779761062
7.516612986982e-06
3.37546457317536e-05
0.000491844278278163
4.07454538330581e-06
9.6775532497953e-06
0.000442330789151484
5.52830104626583e-06
-2.43987800410923e-05
0.000335332398241777
1.91460370297069e-06
-0.000122911355432485
-4.40051410816283e-06
-0.000508825566642665
5.41703708637107e-05
-3.58691428607272e-06
-1.07073826317291e-06
0.000220076672248423
-0.000167804822733104
-3.76752875775436e-06
0.000368686013583901
-7.54577198514728e-05
3.97395111931763e-06
0.000376743716828099
0.000162823285817968
2.55926430694988e-05
0.000372415585003514
0.000125137241217397
2.4320957683762e-05
0.000421528979761936
5.79000577139931e-05
1.80679524332513e-05
0.000507076439251283
4.63971711284162e-07
1.68398166716924e-05
0.00054754610913041
2.91104492188053e-05
1.92470311122257e-05
0.000534053447188387
9.96549267716156e-05
1.17319328248863e-05
0.000431722484748346
0.000113704743398087
-1.34473534724959e-05
0.000383789697959365
9.59746993418175e-05
-1.68674735817304e-05
0.000222795940821547
-1.97357178139837e-05
1.57784590001958e-05
0.000155283429154944
-0.000868701533986466
-1.62109198497632e-08
0.000590631867620087
-0.00188118154622546
-2.77579694344144e-05
-0.0020907525729544
-6.87950046783167e-06
0.000260436978197475
-0.000279539639799044
3.09164095239697e-05
0.000490142193737083
-0.000352370855161069
-1.91249053482267e-05
0.000484101543851747
-6.29443485957038e-05
-1.52961598200404e-06
0.000467794668811978
0.000151337338399067
1.47474677055715e-05
0.000469892979396949
0.000118260446548017
7.14304405682452e-06
0.000532035633816537
2.50768820915054e-05
-2.30058328649707e-06
0.000591732771013553
-2.1381808510854e-05
-8.72030222946225e-06
0.000621396173111012
3.97072791074866e-06
-5.72682081983799e-06
0.000618334329879309
4.76335084234242e-05
2.29695928353744e-06
0.000586359219021772
6.3294915454686e-05
5.20087973454345e-06
0.000535328022244537
5.06917076787324e-05
-1.08897108532527e-07
0.000362330153508955
-1.56509342208377e-05
-1.0871646375227e-05
0.000154329377982875
-0.000327542900324706
-1.38294860616955e-06
0.000408362423194641
-0.00111615421706561
2.07499299644285e-06
-0.00165631813374053
-2.52244550412001e-05
0.000450601426735923
-0.000572198897152081
-4.53725900338485e-05
0.000592965679425637
-0.000511274692548211
9.93208014971828e-06
0.000551897069197435
-3.27448797208794e-05
5.72712179714482e-06
0.000513888808346303
0.000194487853580293
-2.76766149589862e-06
0.000487797520425539
0.000139791927243803
4.07547426781751e-06
0.000518663717081702
7.34758956744109e-06
-2.03729766410499e-06
0.000560215694490561
-5.23937727217275e-05
-1.20499024087453e-07
0.000574517839756696
-1.70472684582894e-05
3.11126452891134e-06
0.000572693705529229
3.48176400055022e-05
-1.8377092633846e-06
0.000572684473544382
3.9103668673303e-05
3.59567321657874e-06
0.000581382248695128
2.60369456024183e-05
1.33819269264987e-06
0.00052137798836272
-1.67548636324491e-05
1.10254011579975e-06
0.000389256798221504
-9.43276250325198e-05
-1.98386819421408e-05
0.000294374124591365
-0.000488236964718664
-6.59787860733229e-06
-0.00102517698073169
-1.97161035588598e-06
0.00048195546129925
-5.82526190787126e-05
-0.000826398914734647
0.00039724039204186
9.53037226530616e-06
-0.00044307236157137
0.000432019869386214
1.41738578968605e-05
-9.47473647638774e-05
0.000474795111656368
1.65504838727516e-05
0.000116618041111133
0.000471974006977451
-3.73050148518285e-06
0.000148448902847903
0.000467787122497246
2.44068208696304e-06
1.03337993167476e-05
0.000458279708601659
1.34475960120856e-05
-6.74637153390627e-05
0.000466819959516138
9.8445252936284e-06
-4.7048543446165e-05
0.000479545166521732
2.76515948859505e-06
6.2126975472209e-06
0.00048964218517688
-3.56899523414907e-06
2.61654895669746e-05
0.000507176735754534
-7.51679991543942e-06
1.36888371014342e-05
0.00049611057158939
-4.07491095897223e-06
-7.4469216574661e-06
0.00045529801857991
-5.52855149271985e-06
-1.49081780290113e-05
0.000327615524978822
-1.91446252268524e-06
-9.63517170601305e-05
4.4004580752637e-06
-0.000479277279276192
-4.38087864364496e-05
8.70678883064774e-05
1.07073977944976e-06
6.70157268782116e-05
-7.11961067419313e-05
3.76758967644193e-06
0.000184346861961263
-1.23580954777391e-05
-3.97391740882561e-06
0.000246319540576439
0.000136014860091034
-2.5592647813927e-05
0.000316035649370475
0.000107750081494645
-2.43209927045725e-05
0.000379038134748645
8.48053565937466e-05
-1.80679808412261e-05
0.000467597899886063
5.11656984529469e-05
-1.68398326914864e-05
0.000545730171757876
6.57879449102025e-05
-1.92470349756766e-05
0.000537466414799819
9.86647537793203e-05
-1.17320879507253e-05
0.00046107991478866
6.01998563814438e-05
1.34472518777682e-05
0.000398772093198489
4.67526722761279e-05
1.68674413004381e-05
0.000268384795616403
5.46391788038459e-05
-1.57784776328215e-05
0.000164252519168613
-0.00082508749188692
1.61964661657995e-08
0.000575836325658539
-0.00194553967606218
2.77579685985058e-05
-0.00192331508754828
6.87949820272452e-06
0.000142743824103376
4.78893425531674e-05
-3.091643777368e-05
0.000360381971734084
-0.000323004795233469
1.91249273745953e-05
0.000386856822401465
-3.1813510308542e-05
1.52962498078639e-06
0.000393692465823236
0.000168654993452107
-1.47474745452438e-05
0.000410594323463795
0.000116932456265602
-7.14306642769124e-06
0.000478178735305052
2.86938643102718e-05
2.3005833494691e-06
0.000548903006349258
-3.55662774753292e-05
8.7202957525051e-06
0.000604241302703263
-3.08519794928184e-05
5.72681768916687e-06
0.000609277825351772
2.74385744412529e-05
-2.2969474489771e-06
0.000578020338609103
4.27905378633583e-05
-5.20087705496052e-06
0.00052517771815309
6.84108100850752e-05
1.08756998005343e-07
0.000362066002219367
2.68414233757685e-05
1.08716180276937e-05
0.000152027655951884
-0.00027755785032244
1.3829363614666e-06
0.000431779597068898
-0.00110017268513561
-2.07501434189213e-06
-0.00165050765174405
2.52244160628544e-05
0.000307384638423447
-0.000340584076841603
4.53726347916487e-05
0.000477800177065939
-0.000476733173344683
-9.93204024444578e-06
0.000516186690356954
-5.91743064649008e-05
-5.72705832442959e-06
0.000505385222573755
0.000173425954598049
2.76741992230177e-06
0.000469037874647253
0.0001623036087144
-4.07568633454565e-06
0.00049418712797078
1.35857327929152e-05
2.03724499342399e-06
0.00054898576303139
-8.45270675280141e-05
1.20495894656439e-07
0.000577632473250462
-5.93952401058574e-05
-3.11135742718169e-06
0.000574710839211891
6.82243288934045e-06
1.83762875027567e-06
0.000573371142038483
4.3501429409911e-05
-3.59574753173235e-06
0.000576889681261873
7.25347304059968e-05
-1.33826833091484e-06
0.000511618237492804
1.99621030579377e-05
-1.10257383360274e-06
0.000357575644059268
-8.10890400327758e-05
1.98386591873151e-05
0.000290341593397618
-0.000487440175265506
6.59786813058262e-06
-0.00105271578991423
1.9715954102952e-06
0.000371127372473135
5.82527383962631e-05
-0.000734937311350598
0.000281511070355574
-9.53033417636818e-06
-0.000368693452999822
0.000375069660206474
-1.41738533407274e-05
-0.000125642086863769
0.000474504449949882
-1.65504407047217e-05
0.000104182771796233
0.000474700067929767
3.73041103144734e-06
0.000151078855378196
0.000474840871612791
-2.44069184196144e-06
2.39687952370787e-05
0.000478149825107306
-1.34475761788363e-05
-5.87478876658527e-05
0.000483551538320965
-9.84450664637176e-06
-4.72769604078052e-05
0.000485483234349665
-2.76514729198073e-06
1.68319486905627e-06
0.000494098781019179
3.56898958667919e-06
2.48381129970598e-05
0.000508660254127292
7.51678053102946e-06
3.37539911210584e-05
0.000491844794267979
4.0748990992444e-06
9.67674585453262e-06
0.000442331546913445
5.5285439345394e-06
-2.43991793706711e-05
0.000335333652947449
1.91448496660978e-06
-0.000122910834659104
-4.40045926860898e-06
-0.000508824827974973
5.41704886975211e-05
-3.58710161521255e-06
0.000220076904844117
-0.00016780530443037
0.00036868625496987
-7.54581385365447e-05
0.000376744049151387
0.000162823280396744
0.000372415770554734
0.000125137460234058
0.000421528957281442
5.79001034155787e-05
0.000507076396878351
4.63876613957881e-07
0.000547546206767847
2.91103641979239e-05
0.00053405351856428
9.96548456521954e-05
0.000431722624066117
0.000113704630767315
0.000383789816860513
9.59746986407915e-05
0.000222796019542565
-1.97357169105239e-05
0.000155283479580621
-0.000868701521278522
0.000590631912700819
-0.00188118157167508
-0.00209075245725094
0.000260437247796722
-0.000279540134886536
0.000490142487219268
-0.000352371279901526
0.000484101810673632
-6.29446379066985e-05
0.000467794950605867
0.000151337376238466
0.000469893129212207
0.000118260685957995
0.000532035711313421
2.50769081426861e-05
0.000591732803643873
-2.13818593616059e-05
0.000621396272057303
3.970613068876e-06
0.000618334468285892
4.76334851546199e-05
0.000586359311260543
6.32948118198298e-05
0.000535328083518244
5.06916880844759e-05
0.000362330256186593
-1.5650925526212e-05
0.000154329449029931
-0.000327542905919651
0.00040836244105587
-0.001116154281172
-0.00165631804685843
0.00045060163180674
-0.000572199442017748
0.000592965936511797
-0.000511275097116208
0.000551897285533728
-3.2745022799979e-05
0.000513889010145852
0.00019448770544394
0.000487797663356815
0.000139791952199625
0.000518663847116058
7.3476044403798e-06
0.000560215794167172
-5.23938032354248e-05
0.000574517948237795
-1.70474479878321e-05
0.000572693781806196
3.48175628065394e-05
0.000572684548793316
3.91036122688321e-05
0.000581382315213521
2.60369574840204e-05
0.000521378099117153
-1.6754915728352e-05
0.000389256901221117
-9.43276612736259e-05
0.000294374202657797
-0.000488236994632611
-0.00102517697359755
0.000481955591902783
-0.00082639943346518
0.00039724043295848
-0.000443072588734404
0.000432019904547358
-9.47474911491795e-05
0.000474795247452381
0.000116617892651837
0.000471974131263348
0.000148448805494915
0.000467787283644935
1.03337398935619e-05
0.00045827986743508
-6.74637400003623e-05
0.000466820069155953
-4.70486294834011e-05
0.000479545260925071
6.21261169462341e-06
0.000489642247455913
2.61654456652257e-05
0.000507176787137643
1.36888128383467e-05
0.000496110639808853
-7.44697000294454e-06
0.000455298109300136
-1.49082100667009e-05
0.0003276156200115
-9.6351709317541e-05
-0.000479277315104775
0.000340152506028745
-0.00029585837286038
5.15858780351631e-05
5.15872795646405e-05
0.000166254335871328
-0.000235142143830628
2.0186722043202e-05
2.01869450857952e-05
0.000139299423498948
-7.99472070992032e-05
-9.43242983102031e-06
-9.43234953257943e-06
0.00022994518611076
1.55194288538209e-05
-1.79529729482296e-06
-1.79481845561292e-06
0.000272102057261165
0.000106696824809302
1.0975891257827e-08
1.07302012367918e-08
0.000277051224261078
1.00750266247906e-05
4.99921908204927e-06
4.99901978830359e-06
0.000256644233518706
-3.39963998179249e-05
-2.13893112594889e-06
-2.1390887628821e-06
0.000243061409943547
-2.98184994978864e-05
-2.49178933630277e-06
-2.49181495102017e-06
0.000239589422987087
4.12463032459931e-07
7.92883043011666e-07
7.92924514069035e-07
0.000250486404475475
1.61979508735801e-05
-1.85893738612722e-06
-1.85912888922089e-06
0.000256530591002472
1.31954603644157e-05
3.26953840146844e-06
3.26919234849768e-06
0.000253235808512013
3.98711848355489e-06
1.81148063878534e-06
1.81174201042893e-06
0.000245864703192818
-1.22558969703891e-05
7.40915611584825e-07
7.40963043501997e-07
0.00025633134169316
-5.90564437299669e-05
6.82697287611716e-07
6.82492100673583e-07
-0.000236251815680945
-4.44744330889446e-06
-4.44747754953283e-06
0.000289724023460382
-7.55363616887607e-05
9.70917384469585e-06
9.71073824538026e-06
0.000127630088108071
-7.15543482082249e-05
-7.34796329863552e-07
-7.3449356137307e-07
8.92738340038931e-05
-2.46458135909898e-05
-8.47634446786864e-06
-8.4762420427519e-06
0.000123374420699441
-5.9550413621935e-06
-7.33292845279946e-06
-7.33265555958524e-06
0.000197486901398518
3.52222920668513e-05
-2.32143540666911e-06
-2.32085342030959e-06
0.000207750630476324
-5.86677293889712e-07
3.4570774094686e-07
3.46000041673479e-07
0.000187590397725794
-7.664362200159e-06
-3.08303944442328e-06
-3.0827548061655e-06
0.000160819357544094
-8.05933317032278e-06
2.25334749708946e-06
2.25337277584147e-06
0.000155319805943222
1.1385926890293e-06
1.33929533743345e-06
1.33953452741133e-06
0.000161013310187651
4.21724424950011e-06
2.14524111071953e-06
2.14549070392576e-06
0.000164855958379142
3.11280211126037e-06
1.20793440862473e-06
1.2083438113345e-06
0.000162627517172812
1.1342237362532e-06
1.19082258783093e-06
1.19120847689843e-06
0.000161652185271913
-3.10082549375109e-06
-1.00433959975892e-06
-1.00427573639558e-06
0.000173060389947612
-1.55969361547444e-05
-8.02234418843415e-06
-8.02272275745466e-06
-7.52005463791596e-05
-2.32986467993309e-06
-2.33009830826668e-06
0.000118236127515597
-8.65026663049987e-06
-8.64836823932178e-06
5.57374535683852e-05
-4.54558917460622e-06
-4.54515839772907e-06
3.45373829132202e-05
-1.70554114044875e-06
-1.7054491720645e-06
3.78290875633596e-05
-4.13784249547989e-06
-4.13763704428587e-06
7.84528792217251e-05
-2.87970248438074e-06
-2.87908021123857e-06
7.9942012152968e-05
-1.04763285861835e-06
-1.04678697807046e-06
6.8427249213532e-05
1.89951523030582e-06
1.90020690334325e-06
5.69376249513548e-05
1.63044115116227e-06
1.63053586462395e-06
5.42143773461676e-05
1.54681421831093e-06
1.54700939688255e-06
5.57324156530355e-05
7.42977822295153e-07
7.43296105606766e-07
5.72971340200314e-05
2.90739417667556e-07
2.91187013154069e-07
5.64873814317893e-05
6.75831018176056e-07
6.76156837737342e-07
5.67667620159372e-05
-3.35488863302747e-07
-3.35314190842318e-07
6.26848052152538e-05
-3.80934961876199e-06
-3.80975651104501e-06
-1.09076546344899e-05
-1.09078972436468e-05
0.000412938346761223
-0.000253763541558214
-5.15860788425592e-05
0.000221763236731778
-0.000211323578278694
-2.01867399196299e-05
0.000170130683018656
-6.18053791561584e-05
9.43241301170948e-06
0.000239268419613856
4.29404481245852e-05
1.79523981963609e-06
0.000269354510413746
0.000116229963166198
-1.093186221285e-08
0.000276093985460715
1.4640785980719e-05
-4.99919941773845e-06
0.000241545253726373
-3.67974949317012e-05
2.1389307076384e-06
0.00023180996483377
-4.3698071062683e-05
2.49179064806613e-06
0.000241311561757539
-6.78899908648474e-06
-7.92895456312929e-07
0.000249982108269476
1.05184735383404e-05
1.85894017998972e-06
0.000255988268871816
6.30859816573082e-06
-3.2695047994865e-06
0.000251366387245685
-4.53638203995233e-06
-1.81150373884424e-06
0.000250198551007471
-2.5668156257943e-06
-7.40915396254087e-07
0.000264167699291751
-1.17805225764811e-05
-6.82669305066181e-07
-0.000202224591211393
4.44746411467397e-06
0.000331293021071461
-3.61676122839166e-05
-9.70938026873149e-06
0.000168490912388258
-5.00809440317739e-05
7.3476244494012e-07
0.000112487082101827
-2.26593804028565e-05
8.47633513084605e-06
0.000132038950652486
7.92028777489073e-06
7.33288947062269e-06
0.000195068297793318
4.65782579700273e-05
2.32137005643109e-06
0.000206676280900992
4.05460745062498e-06
-3.45726432411224e-07
0.000177876768422462
-1.42876813002259e-05
3.08301405649585e-06
0.000155119866431316
-1.70912628723919e-05
-2.25334735882387e-06
0.000152175333966188
-4.02687003144117e-06
-1.33931517955542e-06
0.000161611386168569
2.11639619934563e-06
-2.14526941431481e-06
0.00016470556146278
1.74451532971602e-06
-1.20797888676883e-06
0.000161805812034242
-1.70413575604353e-06
-1.19086419096989e-06
0.0001649511616693
-9.36883153644812e-07
1.00432889727201e-06
0.00018194130133652
-1.38442958912854e-07
8.02238186395566e-06
-3.23747214399748e-05
2.32990175647897e-06
0.000123029494988973
8.65001708034692e-06
6.38095186467486e-05
4.54553628599356e-06
3.77888432912315e-05
1.70553042519318e-06
3.75759429535155e-05
4.13783033669615e-06
7.79788866311898e-05
2.87962988690675e-06
7.9917599401005e-05
1.04754339055795e-06
6.9355735595507e-05
-1.89959392919036e-06
5.53426054054994e-05
-1.63044583614701e-06
5.35441112890846e-05
-1.54682879145905e-06
5.59392791243544e-05
-7.43007772285219e-07
5.72966186698862e-05
-2.90783169554245e-07
5.6364762851906e-05
-6.75866137445853e-07
5.73884689365791e-05
3.35477406342353e-07
6.44327665329727e-05
3.80939277720469e-06
1.09076674778392e-05
0.000340152389107236
-0.000295858011500361
5.15872832207887e-05
0.000166254301728541
-0.000235142043620461
2.01869334450915e-05
0.00013929942153625
-7.99471633597564e-05
-9.4323450972005e-06
0.000229945159879142
1.55194764302547e-05
-1.79483261099646e-06
0.000272102015543249
0.000106696865049797
1.07307564022974e-08
0.000277051159036175
1.00750946461711e-05
4.99903578875076e-06
0.000256644154889826
-3.39963173943062e-05
-2.13905780804499e-06
0.000243061374098694
-2.98184454224532e-05
-2.49180425353421e-06
0.000239589410319889
4.12512058096807e-07
7.92938983836189e-07
0.000250486398872518
1.61980313589183e-05
-1.85909985961877e-06
0.000256530579095633
1.31955518424988e-05
3.26919934875648e-06
0.000253235766700805
3.98719167017805e-06
1.81174206230859e-06
0.000245864649333417
-1.2255889111863e-05
7.40960315109899e-07
0.000256331299907731
-5.90564900977273e-05
6.82481314186943e-07
-0.000236251866643662
-4.44749764754452e-06
0.000289723971163912
-7.55361408312238e-05
9.71072710901651e-06
0.000127630061054785
-7.15542992240204e-05
-7.34500244838483e-07
8.92738326612868e-05
-2.46458010917792e-05
-8.47624748917136e-06
0.000123374449890761
-5.95505382643957e-06
-7.33265701307845e-06
0.000197486849637857
3.52223457492678e-05
-2.32086841898466e-06
0.000207750572509877
-5.8660613920324e-07
3.45986754938485e-07
0.000187590339012222
-7.66430097224818e-06
-3.08275913275474e-06
0.000160819335515497
-8.05931972875722e-06
2.25337513452459e-06
0.000155319795958033
1.13861103176056e-06
1.33953328295605e-06
0.0001610133125305
4.21727912704418e-06
2.14549683364504e-06
0.000164855957134759
3.11284693507529e-06
1.20834709516631e-06
0.000162627499256534
1.13426178433272e-06
1.19121319907649e-06
0.00016165214420013
-3.10082303950038e-06
-1.00427136503203e-06
0.000173060371010992
-1.55969760430302e-05
-8.02272777503609e-06
-7.52005548839875e-05
-2.33011659569023e-06
0.000118236118581519
-8.64838370012434e-06
5.57374467255775e-05
-4.54516398309864e-06
3.45373808036002e-05
-1.70545153378673e-06
3.78290655365282e-05
-4.13765481129782e-06
7.84528767564335e-05
-2.87910750787296e-06
7.99420083793372e-05
-1.04680347948739e-06
6.84272322939809e-05
1.90020188347534e-06
5.6937618281272e-05
1.63053368599195e-06
5.42143750548061e-05
1.54700880676363e-06
5.57324169558499e-05
7.43297050272187e-07
5.7297134795744e-05
2.91188248297688e-07
5.6487382382178e-05
6.7616130239896e-07
5.67667527853674e-05
-3.35318487554664e-07
6.26848035241873e-05
-3.80976412885816e-06
-1.090788991394e-05
0.00041293895574191
-0.00025376631897428
-5.15858711721823e-05
0.000221763501708134
-0.0002113243252168
-2.0186805525383e-05
0.000170130717224637
-6.18057868168514e-05
9.43246310693448e-06
0.000239268681924001
4.29398689417068e-05
1.79523233690428e-06
0.000269354859835571
0.000116229044891096
-1.09621546056575e-08
0.000276094630845626
1.4639648148664e-05
-4.9991232050185e-06
0.000241545957047397
-3.6798245050075e-05
2.13913461363289e-06
0.000231810390691969
-4.36986066174025e-05
2.49186211254567e-06
0.000241311743052562
-6.78950412999146e-06
-7.9276730058997e-07
0.000249982183926646
1.05178467251912e-05
1.85916705198807e-06
0.000255988378175185
6.30790419847585e-06
-3.26949501072558e-06
0.000251366707566232
-4.53687127345142e-06
-1.81148761333687e-06
0.000250199014356109
-2.56706074969743e-06
-7.40938337154745e-07
0.000264168082358958
-1.17801500429415e-05
-6.82791751057191e-07
-0.00020222454529329
4.44722932273282e-06
0.000331293291768185
-3.61693198030152e-05
-9.70925534610385e-06
0.000168491134285425
-5.00813428751403e-05
7.34744067380772e-07
0.000112487143995478
-2.26595067522208e-05
8.4763135915381e-06
0.000132038941991103
7.92004405843e-06
7.33293414104368e-06
0.000195068646216194
4.65776025288096e-05
2.32135737641777e-06
0.000206676653788706
4.05376215779145e-06
-3.45802954529402e-07
0.000177877242953557
-1.42882478730751e-05
3.08301152467539e-06
0.000155120003131978
-1.70914339415595e-05
-2.25332872275741e-06
0.000152175393203188
-4.02706818907774e-06
-1.33929200456976e-06
0.000161611363920713
2.11610131710189e-06
-2.14518043099267e-06
0.000164705572990814
1.74412785315368e-06
-1.20790198693134e-06
0.000161805951831507
-1.70439115228637e-06
-1.19078234736204e-06
0.000164951474411915
-9.37078609107621e-07
1.00439552734027e-06
0.000181941498349746
-1.38170658894166e-07
8.02230660669663e-06
-3.23744881587318e-05
2.32965138263747e-06
0.000123029521202676
8.65016562053635e-06
6.38095570671717e-05
4.54554814565379e-06
3.77888492243436e-05
1.70552749612897e-06
3.75759505586088e-05
4.1377355312522e-06
7.79789072353006e-05
2.87953525572524e-06
7.99176221208101e-05
1.04752456093864e-06
6.93558333861424e-05
-1.89954311858586e-06
5.53426333560375e-05
-1.63044979401048e-06
5.3544116658647e-05
-1.54681199692528e-06
5.59392690836702e-05
-7.42961329549616e-07
5.72966123431622e-05
-2.90723722337388e-07
5.63647832977919e-05
-6.75786209022842e-07
5.73885259644115e-05
3.35447032399219e-07
6.44328140335634e-05
3.80927901389493e-06
1.09077260254131e-05
0.000340153189208742
-0.000295860556846884
5.1586068260717e-05
0.000166254531141838
-0.000235142733661819
2.01868350398908e-05
0.00013929943240144
-7.99474659774481e-05
-9.43245071978361e-06
0.000229945334597751
1.55191212437374e-05
-1.79516066907125e-06
0.000272102302677864
0.000106696602496495
1.09176290297229e-08
0.000277051625355665
1.00745360590939e-05
4.9990874723307e-06
0.000256644749664954
-3.39970504910771e-05
-2.1391651987344e-06
0.000243061621284912
-2.98189710548613e-05
-2.49187413897461e-06
0.000239589496421532
4.11955609833038e-07
7.92765234146627e-07
0.000250486457024662
1.61971910602116e-05
-1.85919887731811e-06
0.000256530693415056
1.31946012977826e-05
3.26945439564687e-06
0.000253236180941737
3.98642730775668e-06
1.8115106545882e-06
0.000245865210067063
-1.22560025751347e-05
7.40940844597241e-07
0.00025633175972187
-5.90559640444204e-05
6.82774550496824e-07
-0.000236251214122281
-4.44723002858134e-06
0.000289724327666298
-7.55377133506691e-05
9.70947277736153e-06
0.000127630246704251
-7.15546456097134e-05
-7.34703528138426e-07
8.92738435341831e-05
-2.46458881095858e-05
-8.47629881658642e-06
0.000123374234072042
-5.9549568114969e-06
-7.33289371682145e-06
0.000197487192397016
3.52220441846829e-05
-2.32127678984677e-06
0.000207750986738738
-5.87179710168621e-07
3.45834975835229e-07
0.000187590783897602
-7.66483337669152e-06
-3.08298178124689e-06
0.000160819492373755
-8.05947477923769e-06
2.25332624694474e-06
0.00015531986706629
1.13837924371835e-06
1.33931310004738e-06
0.000161013295584872
4.21689592012037e-06
2.14520261795345e-06
0.000164855973115454
3.11236585894921e-06
1.20794318643694e-06
0.000162627688458277
1.13385700252288e-06
1.19081922884455e-06
0.000161652581326748
-3.10085910816008e-06
-1.00438919900815e-06
0.000173060582449576
-1.55965328120769e-05
-8.02233925295472e-06
-7.52004297355468e-05
-2.32967016457707e-06
0.000118236177604263
-8.6499001232967e-06
5.57374936131035e-05
-4.54548958346988e-06
3.4537396127521e-05
-1.70551439924122e-06
3.78292279345912e-05
-4.13770560484331e-06
7.8452886386951e-05
-2.87943504634142e-06
7.99420357331771e-05
-1.04741849862985e-06
6.84273596987846e-05
1.899626899338e-06
5.69376697055413e-05
1.63045668638467e-06
5.42143926290641e-05
1.54682717045099e-06
5.5732407534332e-05
7.42990353499187e-07
5.72971287453564e-05
2.90766243017548e-07
5.64873759516529e-05
6.75816864172932e-07
5.67668523740524e-05
-3.35431291267825e-07
6.26848214028015e-05
-3.8093145396469e-06
-1.09077461940327e-05
0.000412939064771352
-0.000253766769300779
0.000221763544932173
-0.00021132444313753
0.000170130719255064
-6.18058580845597e-05
0.00023926872839809
4.29397693837087e-05
0.00026935491955897
0.000116228885240929
0.000276094732077463
1.46394826017672e-05
0.000241546062109141
-3.67983437719907e-05
0.000231810455498588
-4.36986730307532e-05
0.000241311769793464
-6.78955972097149e-06
0.000249982193069142
1.05177750720801e-05
0.000255988391233635
6.30782855253365e-06
0.000251366744759828
-4.53692104953883e-06
0.00025019906418564
-2.56708447766421e-06
0.000264168125635569
-1.17801179419703e-05
-0.000202224543421865
0.00033129334031061
-3.61695968085823e-05
0.000168491172309915
-5.00814049637945e-05
0.000112487152991993
-2.26595282208992e-05
0.000132038940854392
7.92000241707561e-06
0.000195068707550494
4.65774821484206e-05
0.000206676712891022
4.05363813367073e-06
0.000177877313809808
-1.42883259513969e-05
0.000155120024577448
-1.70914539802616e-05
0.000152175402800623
-4.02708716908539e-06
0.000161611360747773
2.11606996804058e-06
0.000164705573930226
1.74408685676705e-06
0.000161805967018019
-1.70441782298481e-06
0.000164951507262411
-9.37097336219849e-07
0.000181941519259637
-1.38145322815716e-07
-3.23744668273342e-05
0.00012302952603801
6.3809563556635e-05
3.7788849990862e-05
3.75759516163341e-05
7.79789121953683e-05
7.99176257117217e-05
6.9355848263486e-05
5.53426378043298e-05
5.35441176305842e-05
5.59392676623106e-05
5.72966114693974e-05
5.6364784937294e-05
5.73885317754123e-05
6.44328190813712e-05
)
;

boundaryField
{
    inlet
    {
        type            calculated;
        value           nonuniform List<scalar> 
24
(
1.49589528483825e-07
1.50110672558117e-07
1.49602556992218e-07
1.49982770738773e-07
1.49451566594299e-07
1.49971209657037e-07
-0.00106622783031142
-0.000639701761379789
-0.00021321399958204
-0.00106622654801662
-0.000639701219120161
-0.000213214031914095
-0.00106622782651574
-0.000639701758590564
-0.000213213998861533
-0.0010662265747405
-0.000639701241047047
-0.00021321403868653
-0.00106622787206332
-0.000639701790476322
-0.000213214006889065
-0.00106622657688696
-0.000639701242948239
-0.000213214039322748
)
;
    }
    outlet
    {
        type            calculated;
        value           nonuniform List<scalar> 
156
(
-1.91260390029063e-06
-6.76430762018869e-06
-7.62822268776564e-05
-0.000146007576679553
-0.000150859061736812
-0.000147675897907932
-0.00014451839521439
-0.000182732593386307
-0.000229211647449238
-0.000238130687802506
-0.000198580862015129
0.000139080671076286
0.00174115185595019
0.00263872518851573
0.00200014470960892
-3.02825129184646e-06
2.35164302204752e-05
-7.76873230832684e-05
-0.000239547068361947
-0.000185559321335372
-0.000144619784012873
-0.000130164192039941
-0.0001615331559221
-0.000212292695009833
-0.000227113703666266
-0.000209268624220943
9.54477119948813e-05
0.00184018426440047
0.0026332272830743
0.00210893113026141
-1.91261079634402e-06
-6.76417051546701e-06
-7.62823023817355e-05
-0.000146007415869894
-0.000150858993245551
-0.000147675840446616
-0.000144518370602845
-0.000182732569972754
-0.000229211621008347
-0.000238130648716526
-0.000198580843775306
0.000139080590800547
0.00174115190279236
0.00263872522262297
0.00200014477738689
-3.02833937285726e-06
2.35195032374071e-05
-7.7683847107172e-05
-0.000239547876865046
-0.000185560168605306
-0.000144620598114649
-0.000130164324424882
-0.000161532875498127
-0.000212293056312055
-0.000227114237648343
-0.00020926920087104
9.54481066540588e-05
0.00184018377327064
0.00263322719753486
0.0021089312391631
-1.91256478243346e-06
-6.76510346837335e-06
-7.62817557874622e-05
-0.000146008621329795
-0.000150859586922532
-0.000147676369859953
-0.000144518603623908
-0.000182732887038732
-0.000229211995270968
-0.000238131108533657
-0.000198581063524474
0.000139081505155991
0.0017411517710441
0.00263872487612744
0.00200014409732065
-3.02835198377478e-06
2.35200164973512e-05
-7.76832488103185e-05
-0.000239547996733114
-0.000185560294441096
-0.000144620706565621
-0.000130164338751724
-0.000161532833379963
-0.00021229308961764
-0.000227114290267614
-0.000209269254148967
9.54481312302052e-05
0.00184018370455149
0.00263322716469047
0.00210893122444662
0.000505431833109596
0.000591339273414251
0.000575169008707724
0.000477282850013986
0.000228528322051315
0.000131645957276892
4.52042826723051e-05
0.000512403689270998
0.000602795411390913
0.000577408178019328
0.000469103285599623
0.000223837119017551
0.000131625034981896
4.54318530077636e-05
0.000505431788207168
0.000591339263300297
0.000575169005118433
0.000477282841071666
0.000228528321614072
0.000131645961710639
4.52042828499803e-05
0.000512404181065341
0.000602795452180152
0.000577408294141972
0.000469103378347414
0.000223837127799585
0.000131625021972526
4.54318559388829e-05
0.000505432228750782
0.000591339434875934
0.00057516908148588
0.000477282944647017
0.000228528326955922
0.000131645910380849
4.52042809657346e-05
0.000512404225198366
0.000602795452475595
0.000577408302039823
0.000469103385390443
0.000223837128000733
0.000131625020528981
4.54318562088046e-05
-8.39734754106997e-06
-1.08969818440621e-05
-1.39810800890971e-05
-9.30480248173404e-05
-8.81906256466425e-06
-1.34527220477888e-05
-5.7120265757915e-05
-0.000113295792320428
-8.39735138349527e-06
-1.08969827240315e-05
-1.39810299469664e-05
-9.30479874250465e-05
-8.81910694637696e-06
-1.34529616693049e-05
-5.71207936386832e-05
-0.000113296182182867
-8.39732565393984e-06
-1.08969767257529e-05
-1.39813528516003e-05
-9.30482417520388e-05
-8.81911197429786e-06
-1.34530004979313e-05
-5.71208754064681e-05
-0.000113296248119744
)
;
    }
    sides
    {
        type            calculated;
        value           nonuniform List<scalar> 
84
(
0.000402769579617838
0.000355255575305986
0.000307889530742416
0.000402766973886277
0.000355254139083216
0.000307888311951592
0.000402769585115356
0.000355255576273512
0.000307889525629027
0.000402766919255923
0.000355254203530458
0.000307888470948197
0.000402769524408974
0.000355255613012141
0.000307889665603881
0.000402766914257506
0.000355254205244124
0.000307888477620884
-3.76438803969571e-08
-4.68026584044424e-08
-2.02092406609202e-08
-3.81969177241535e-08
-4.74703043451454e-08
-3.24662016102642e-08
-3.77118172038534e-08
-4.69226889955945e-08
-2.06902360983018e-08
-3.76608115720605e-08
-4.66940479923288e-08
-3.0936776938828e-08
-3.69579457130129e-08
-4.47709620454402e-08
-1.35985126210707e-08
-3.76162910652048e-08
-4.66645000610612e-08
-3.09483124031435e-08
-9.3000158728102e-05
-9.29935650752746e-05
-9.30005320484487e-05
-9.29878634296765e-05
-9.29954431362157e-05
-9.29874332225504e-05
-7.80049988817842e-05
-7.80165370368315e-05
-7.80058626054208e-05
-7.80092353343816e-05
-7.7997902220093e-05
-7.80084341003272e-05
-5.3909604016e-05
-5.38801830540326e-05
-5.3909788413972e-05
-5.38763855248251e-05
-5.39062215403708e-05
-5.38761134528785e-05
-6.78199933597755e-06
-6.82340039004933e-06
-6.78280918081837e-06
-6.81693658003909e-06
-6.77564904744327e-06
-6.81605212027553e-06
-0.000178464034185861
-0.000178410736180756
-0.000178464437920541
-0.000178406956052865
-0.000178460182849257
-0.000178406459967113
-0.00257430773134997
-0.00257438914687797
-0.00257430852433663
-0.00257438138348568
-0.00257430098091043
-0.00257438033679553
-0.00169873897847989
-0.00169880812405138
-0.00169874037615314
-0.00169879843839707
-0.00169872946230751
-0.00169879687956405
0.00396872392617486
0.00396866327259812
0.00396872278568341
0.00396867133576079
0.00396872981712763
0.003968672545156
)
;
    }
}


// ************************************************************************* //
