/*--------------------------------*- C++ -*----------------------------------*\
  =========                 |
  \\      /  F ield         | OpenFOAM: The Open Source CFD Toolbox
   \\    /   O peration     | Website:  https://openfoam.org
    \\  /    A nd           | Version:  11
     \\/     M anipulation  |
\*---------------------------------------------------------------------------*/
FoamFile
{
    format      ascii;
    class       volVectorField;
    location    "0.0001000042";
    object      U;
}
// * * * * * * * * * * * * * * * * * * * * * * * * * * * * * * * * * * * * * //

dimensions      [0 1 -1 0 0 0 0];

internalField   nonuniform List<vector> 
900
(
(0.011562047053406 0.0200084015806656 682.978651078678)
(-0.00342462386298302 -0.00589078194042688 682.102527551791)
(-0.00883799331184965 -0.0151937982457266 682.185933305936)
(0.000868635809727402 0.00147397690837263 682.940534121076)
(-0.0069953727307839 -0.0120691758723798 682.06579339368)
(-0.010515989057126 -0.0180820880316582 682.153226654711)
(0.00208947244831689 0.0035917683387477 682.888222345896)
(-0.0020494354575068 -0.0034973261289774 682.020417943492)
(-0.00461241087147896 -0.00784329856952871 682.114214103235)
(0.0218875489786553 -1.91254938268119e-06 682.978934408156)
(-0.00660369463997485 6.74075726251657e-08 682.103371433774)
(-0.0163179243762861 2.3926502189249e-06 682.185278294828)
(0.00197187685608615 -1.44931658545251e-06 682.94132922002)
(-0.0106394256031958 3.97508117537988e-07 682.065467195569)
(-0.0153302529515805 2.60016025314369e-06 682.152028139849)
(0.00438875425674447 -9.34828113926358e-07 682.888481181273)
(0.000540925561354727 9.93348840890601e-07 682.021303688332)
(-0.00312389384738413 2.93505571744199e-06 682.115042010814)
(0.0115628806195901 -0.0200116664333005 682.978647558086)
(-0.00342342410196001 0.00589008250213765 682.102523721556)
(-0.00883664787111704 0.0151968378418933 682.185925891137)
(0.000868825294242023 -0.0014769911043087 682.940531596032)
(-0.00699453109191396 0.0120693122950615 682.065790377103)
(-0.0105147227632158 0.0180860933680552 682.153221308258)
(0.00208953544334641 -0.00359421462960953 682.888221029512)
(-0.00204913028371857 0.0034984057167022 682.020416657435)
(-0.00461211687535317 0.00784884858641638 682.114211998068)
(-0.0109069675593421 -0.0189369479380786 682.978993358514)
(0.00327745473859755 0.00570377436868565 682.103454971356)
(0.00806857429764467 0.014083448900326 682.185395942263)
(-0.000961644217060603 -0.00169813669393302 682.941365657057)
(0.00528043938294297 0.0091854530382901 682.065528577764)
(0.00755650108958372 0.0132095003158835 682.152115488974)
(-0.00217223163652218 -0.00378470275719259 682.888497186192)
(-0.000325800630879951 -0.000497685365194742 682.021329529272)
(0.00143497888710287 0.0026286017377959 682.115082510886)
(-0.0230746080032209 -8.99203011680571e-07 682.978705335507)
(0.00680312040183127 6.55860368415688e-07 682.102600532418)
(0.0175095349554693 2.58948644943781e-06 682.18604953297)
(-0.0016864084391892 -1.33869801646472e-06 682.940570983231)
(0.0139200391213288 7.75894120154588e-07 682.06584581058)
(0.0208253110851833 3.0344350540101e-06 682.153308529238)
(-0.00413257132743773 -1.15369208938775e-06 682.888239171451)
(0.00401287835161039 8.03568444727422e-07 682.020442319625)
(0.00898512812483954 3.01158496298444e-06 682.114247978141)
(-0.0109071452271338 0.0189333934720042 682.978997266902)
(0.00327738375079199 -0.00570347186786088 682.103460014965)
(0.0080689939211987 -0.0140792261717846 682.185403505184)
(-0.000961797905614256 0.00169548998262582 682.941368155335)
(0.00528005584870229 -0.00918397160083072 682.065532382411)
(0.00755627008252355 -0.0132038023092562 682.152121301923)
(-0.00217186621912826 0.00378219846880184 682.888498391075)
(-0.000325878623127331 0.000499811355291953 682.021331033059)
(0.00143457224643937 -0.00262194981201865 682.115085212658)
(-0.00988711694300371 -0.0167661875968471 684.915035493363)
(-0.0125160053783713 -0.0210172025411966 692.684046430743)
(-0.0058708225122717 -0.00892867565383581 703.846768070448)
(-0.00901346661721112 -0.0152538900275499 684.891782101204)
(-0.00757623209626894 -0.0123403681367679 692.674421002541)
(-0.00313322867356775 -0.00407736937296095 703.84451190643)
(-0.00602926681536625 -0.01000441813139 684.859114084293)
(-0.006640421372079 -0.0105212425523867 692.656506606751)
(-0.0034105805524814 -0.00404581537401856 703.839039806646)
(-0.0195747228585424 1.76423560045629e-05 684.911170371342)
(-0.0246819691206747 3.32315409827827e-05 692.681891371002)
(-0.0172177855593254 0.000104955610156447 703.845984156473)
(-0.0146222280184242 1.97051171877042e-05 684.888093183265)
(-0.0140087552242616 3.17904854070801e-05 692.670883306837)
(-0.00966872739433157 0.000102504458039092 703.844511416108)
(-0.00777497043802426 2.21383215307632e-05 684.859216118971)
(-0.0109788989206984 2.97761745124554e-05 692.655494725387)
(-0.00722645617479597 9.56101908654493e-05 703.838127546391)
(-0.00989303753817132 0.0168027906266322 684.91501373466)
(-0.01253219842362 0.0210786672709922 692.684003677012)
(-0.00598744652953764 0.00915506808302021 703.846667991693)
(-0.00902158232020581 0.0152942867076438 684.891767587222)
(-0.00759436828447415 0.0124061394085755 692.674382947044)
(-0.00322305687184851 0.00426793041055569 703.844430808997)
(-0.00603237813143956 0.0100436517708565 684.859109218208)
(-0.00664698802889304 0.0105771301472607 692.656482010868)
(-0.00346831995561126 0.00420932933887403 703.838992883004)
(0.00946364566016982 0.0168164448416521 684.911432919929)
(0.0116453160747714 0.0213048888829248 692.682315444236)
(0.00684049301256284 0.0149920788623163 703.846671977074)
(0.00691700346807853 0.012471850649515 684.888265021813)
(0.00615739263272793 0.0118699385704027 692.671238859054)
(0.00284125483349442 0.00816266245214708 703.845210046376)
(0.0034777793178428 0.00657252248582325 684.859289360525)
(0.00455101979982367 0.00911857927490165 692.655696543794)
(0.00122536542619269 0.00550580316136859 703.838309115805)
(0.0191127292191493 1.32600417951786e-05 684.915374620497)
(0.0234121999255219 1.20855908283226e-05 692.684882773623)
(0.0071640500019079 1.09720633952501e-05 703.84777757989)
(0.0172928943183365 1.31295150951574e-05 684.892026493298)
(0.0132382508499718 1.36368292975988e-05 692.675136229833)
(0.00186156213205301 1.58958913103724e-05 703.845358737683)
(0.011277183785883 1.67354783570779e-05 684.859200716259)
(0.0113675578339099 2.22709480101563e-05 692.656924491998)
(0.00214905356734437 2.34352238796052e-05 703.839456518974)
(0.00946777488462553 -0.0167872026645432 684.911449055839)
(0.011666756919824 -0.0212738659681271 692.682325331094)
(0.00694435204668423 -0.0149388969316342 703.846731301147)
(0.0069191628352323 -0.012435475196033 684.888273251658)
(0.00617383616915486 -0.0118312523692807 692.671250217316)
(0.00292599085888175 -0.00809002073871058 703.845269268989)
(0.00348337977888491 -0.00653783956319605 684.859292664205)
(0.00456003493071267 -0.00907025146641579 692.655706834429)
(0.00126382557103516 -0.00539730554591844 703.838331178502)
(-0.0114652958086151 -0.0182725555790796 716.351485876126)
(-0.00625271049138616 -0.0100004360306921 716.353209965232)
(-0.00492433286235455 -0.00436412270165042 716.350438605248)
(-0.0179562413693558 7.30328436142327e-05 716.35341559221)
(-0.00979398781247798 7.29850534071292e-05 716.353833490473)
(-0.00726733951879365 0.000121842768542692 716.349878491942)
(-0.0115219099575718 0.0184620708530519 716.351450745843)
(-0.00634793423039615 0.0101693837718946 716.353180207789)
(-0.00493846944098234 0.00465797442686832 716.350397821643)
(0.00655275416035171 0.0135944219153425 716.354530682613)
(0.00213896931874016 0.00591315393721814 716.354301896126)
(8.80430924475034e-05 0.00381962561810332 716.349720775153)
(0.0190818164699955 3.27164874454615e-05 716.351305504873)
(0.00949140874906945 -2.28489845016748e-05 716.353105151552)
(0.00286350930300458 0.000192939757592657 716.350654001715)
(0.00650583376367288 -0.0133653757308373 716.354648732071)
(0.00203656635462983 -0.00559819519008795 716.354364988098)
(3.85811583983133e-05 -0.00341000317626285 716.349710960611)
(0.00124983808280398 0.00639057214234003 729.684544656648)
(0.000478779036599901 0.00501925178985057 729.688079979663)
(-0.00163554816277907 0.00206071110684037 729.688923170026)
(0.000634973021261111 0.000244399228317186 729.685834578399)
(-0.000462022643222225 0.00024688046454477 729.688164903016)
(-0.00229145245814859 0.000253421651989247 729.689013513488)
(0.00123071394274715 -0.00589764150175064 729.684547373615)
(0.000455930393732032 -0.00452449921453543 729.688076563077)
(-0.00164893973414658 -0.00154544185854559 729.688901016491)
(-0.00405642677843477 -0.00232552541011066 729.685646725866)
(-0.00367868064650845 -0.00155689462622708 729.687996448489)
(-0.00297144851223808 -0.000177128062019755 729.688990902273)
(-0.00999394528472271 0.000225718540415523 729.684296027011)
(-0.00852412281603199 0.000219248269905472 729.687922221602)
(-0.00492236612268852 0.00027163278573246 729.689064255054)
(-0.00404720490957381 0.00279710789728365 729.685633399319)
(-0.00368098828132589 0.00205434923429485 729.687980918454)
(-0.00298165066119181 0.000713709254209597 729.688990937116)
(-0.0151062376576783 -0.0247648409184157 744.031654796847)
(-0.00922514698120687 -0.0143621135608951 744.035367843324)
(-0.00499345069211109 -0.00584889112488592 744.030745031201)
(-0.0143928746217794 4.92474633186548e-05 744.033392721444)
(-0.0060485982205277 5.26166680974269e-05 744.032951158486)
(-0.00385063671428868 7.21012378660834e-05 744.030026449256)
(-0.0151274971310034 0.0248583915543199 744.031654615859)
(-0.00924654908543144 0.0144799682256541 744.035369322399)
(-0.00498256807340909 0.00601284564591785 744.030742382855)
(0.00539692179133592 0.0113167553497292 744.033554330824)
(0.00105792144350521 0.00385834642895543 744.032979407953)
(-0.000403246615244975 0.00173948490046604 744.029822541826)
(0.0273393212178062 2.37902592865439e-05 744.031366771677)
(0.0152445982158437 3.39019191480697e-05 744.035170612389)
(0.00548902954948525 0.000109281705594706 744.030752895533)
(0.00536987603076824 -0.01117687360413 744.033594044369)
(0.0010218650151767 -0.00369436660454151 744.032995937572)
(-0.000440711755754912 -0.00151689793979455 744.02981449556)
(0.0134022425909604 0.0272274445840481 759.76529997767)
(0.00672743522315266 0.0155826529209399 759.765491605873)
(0.00111181181895619 0.00663863043985879 759.770878486106)
(0.0096080953841925 0.00023316711634856 759.76293979554)
(0.00262283101476725 0.00023462186779499 759.766206603402)
(-0.00090440879644011 0.000243970698008284 759.770226427549)
(0.0134099680422472 -0.0267565186625831 759.765299959765)
(0.00672613117127405 -0.0151016293378197 759.765489024204)
(0.00112335203815921 -0.00613750780135165 759.770892170085)
(-0.00821154182408069 -0.0101728159633198 759.762788775738)
(-0.00476390640231767 -0.00417387115895365 759.766027592738)
(-0.00318085726428451 -0.00125067171305603 759.770032521897)
(-0.0333790783327782 0.00023962950010196 759.765134146781)
(-0.020047716787641 0.0002350982614602 759.765419538029)
(-0.00961757576379739 0.00027498309696641 759.77080522821)
(-0.00823239411961266 0.0106703496246092 759.762781751877)
(-0.00478636384326799 0.00467841456066757 759.766015729186)
(-0.00320214763721039 0.00177888083338166 759.770017589332)
(-0.022823643385936 -0.0376201599055813 776.993757103864)
(-0.0141328691914016 -0.0224994358862922 776.995839084129)
(-0.00632236969618648 -0.00803958158772163 776.993417898646)
(-0.0179937055669278 0.000110894884510446 776.996708092662)
(-0.00765762442106887 0.000114404254431699 776.994410821865)
(-0.00389988903789913 0.000124668394351395 776.991319383931)
(-0.0228362012379103 0.0378421488250036 776.993747687586)
(-0.0141507155657476 0.0227351700815174 776.995835103844)
(-0.00630661737936375 0.00829754541859924 776.993434292669)
(0.00706433211295426 0.0144640646810674 776.996840312143)
(0.00181322561487541 0.00540645108105163 776.994430213296)
(-0.000264746044362495 0.00201475710595272 776.991292187436)
(0.0422267242330889 9.64747742071375e-05 776.993705583998)
(0.0247037709191984 9.74651175379793e-05 776.995818084463)
(0.00819783566603328 0.000153929766844255 776.993332407017)
(0.0070380514593026 -0.01420158223673 776.996877503066)
(0.00178695778612914 -0.00513592185049561 776.994440669521)
(-0.000288574893472838 -0.00171790374390952 776.991291977262)
(0.0203317371764836 0.0382367809473272 798.260202917324)
(0.0115435929737208 0.0228893436321747 798.272643793807)
(0.00285964637087289 0.0083523508468334 798.275154445634)
(0.0114483649701503 0.000166071379457613 798.252398822386)
(0.000635743899989009 0.000165052186512308 798.264855738602)
(-0.00292352062609172 0.000175118023620536 798.274442499213)
(0.0203514993739808 -0.0379148454360097 798.260203227801)
(0.011551935635547 -0.0225518595859318 798.272637138546)
(0.00287622883487416 -0.00798595959001875 798.275166647437)
(-0.00820678973367684 -0.0113762545282951 798.25235062477)
(-0.00281924914896151 -0.00205508554710565 798.264715230566)
(-0.0011503689671977 0.00101993537031561 798.274316003884)
(-0.045337846158791 0.00017875801171862 798.260129507983)
(-0.0277952565771279 0.000172604625425728 798.27262702298)
(-0.0110084433376744 0.000201982671673886 798.275077676393)
(-0.00822981270856299 0.0117449811695145 798.252343951061)
(-0.00284714169207166 0.00243021401018518 798.264697461101)
(-0.00117279938787541 -0.000630750626827707 798.274302300636)
(0.00657314979109636 0.0145975260432822 821.759152792487)
(-0.00749393275704058 -0.0098606868013932 821.78900100158)
(-0.00650239314667654 -0.00797121635714926 821.818586525987)
(-5.43330180845127e-05 0.000199837185521754 821.776949378876)
(-0.0168867687078836 0.000203369096064981 821.800354610323)
(-0.0127718048118795 0.000209079699477422 821.821733426477)
(0.006582265295751 -0.0141786652825073 821.759137315726)
(-0.00749233494554266 0.0102824956991592 821.788988745954)
(-0.006499112579481 0.00840900408779277 821.818583637705)
(-0.0025168365307644 -0.00139767572594061 821.776820245082)
(0.00585680435646813 0.0131570180489907 821.800198398088)
(0.00377927202273837 0.00964751857460187 821.821667898732)
(-0.0182154995966236 0.000217550736990451 821.759192914424)
(0.00994310735241197 0.000211600061281767 821.789035187874)
(0.00772899050806444 0.000222262966950424 821.818573558429)
(-0.00254161883174978 0.00183901705472741 821.776805353753)
(0.00583440056517022 -0.0127122290136351 821.800181667077)
(0.00376431045937244 -0.00920318987165795 821.821665037099)
(0.015540177132749 0.0302589138190684 852.920698967402)
(0.0167577857553419 0.0323598395443999 852.874982795144)
(0.00648196299279503 0.0147057155949409 852.82245834208)
(0.0121887721856992 0.000213595112738757 852.89173072471)
(0.0136019274337093 0.000217319802813595 852.855022558237)
(0.00600730281807993 0.000224280729133591 852.820740790384)
(0.0155502263603316 -0.0298129516890903 852.920696614506)
(0.0167650258461051 -0.0319105128897377 852.87497898936)
(0.00649006730626805 -0.0142411544885408 852.822465452573)
(-0.00872306361677075 -0.0120215455204456 852.891669703125)
(-0.00947948962465616 -0.0132753799240561 852.854994731916)
(-0.00571880259758656 -0.00665899260086306 852.820706762612)
(-0.0363451039958216 0.000231756426546083 852.920677390582)
(-0.038807634600364 0.000230642769974773 852.874976053025)
(-0.0184655464010312 0.000239922122663742 852.822404374614)
(-0.0087464514724719 0.0124885366066728 852.891666586298)
(-0.00950187787646593 0.013748416581881 852.854995638447)
(-0.00573348091433068 0.00713322416875562 852.820706491703)
(0.025022551635058 0.0433024766512184 683.815214051119)
(0.0089896174136203 0.0155347177353598 683.778467084324)
(0.00700057147691665 0.0120998578689164 683.715203292638)
(0.0501717421297937 -1.85169538676451e-06 683.8144004896)
(0.017269153563374 -1.21445881038831e-06 683.777890786087)
(0.0135973905971843 -6.5555723421553e-07 683.715309332357)
(0.0250233105065172 -0.0433070002459623 683.815211605666)
(0.00899032857831433 -0.0155390033843721 683.778464099039)
(0.00700062924621199 -0.012102155747769 683.715200980359)
(-0.0250463134168609 -0.0434241673348258 683.814417800664)
(-0.0086013128217947 -0.0149263574893653 683.777914226331)
(-0.00677815955480133 -0.0117569920011719 683.715331126129)
(-0.0499668182514785 -1.60534517157402e-06 683.815240974349)
(-0.0179055028880906 -1.52583680112883e-06 683.778498257221)
(-0.0139561188903853 -1.10260537210172e-06 683.715226764348)
(-0.0250460178360428 0.0434199369386088 683.814419190063)
(-0.0086004281188135 0.0149223799691663 683.777916256464)
(-0.00677745934180302 0.0117544642676728 683.715333172725)
(-15.1217491433637 -26.1917701988678 6.47979391372596)
(-6.72180244055659 -11.6429673195461 6.04702273633077)
(-7.00591788750757 -12.1350597015623 75.5944980285361)
(-20.3524303935696 -35.2519605545646 76.0689693422543)
(-18.1903503246848 -31.5069102348485 87.5275739623935)
(-16.3060953957377 -28.2428837952639 94.4969346689969)
(-14.1897370895988 -24.5771639123109 108.347954627388)
(-17.946435258761 -31.0839651433073 139.990908140892)
(-24.7195696320208 -42.8153842841765 163.807811510193)
(-27.4973411156891 -47.6272337886461 167.061892201232)
(-21.4341625200123 -37.1252853403006 163.489643355853)
(18.0120083834818 31.1974397245708 146.089239554272)
(115.523805968051 200.092934692717 78.6751748826132)
(130.723353087258 226.419425493133 119.499369624955)
(87.2208291777999 151.070879789311 127.712495123675)
(-19.1110380635412 -33.1017647971307 40.2433694581526)
(-11.5127104955907 -19.940812053321 341.714366380709)
(-42.1301419186826 -72.9717541595733 407.674386485558)
(-21.2906125425813 -36.8767079616736 331.098648747517)
(-4.10089751628244 -7.10318662755052 276.06953238378)
(2.16560804403032 3.75114121606286 257.971488308332)
(8.08039356236844 13.9960144501924 287.576854714675)
(7.70127422955282 13.3392406400333 346.742497374267)
(0.142686825898981 0.246838777178681 393.920241093565)
(0.731922395984762 1.26615780218478 413.279154975799)
(-8.15786027827046 -14.1307257316363 404.380606246718)
(-0.0312405924131847 -0.0545306602822419 344.919078457626)
(83.0543169203907 143.853959982226 168.824467944087)
(123.360324267506 213.666181029228 158.149602990602)
(75.2092050763022 130.266102423791 186.205552673614)
(54.6951408725267 94.7340346541724 204.550024807448)
(198.893990892763 344.495024551039 1111.43839991285)
(15.5039147484472 26.8535921490684 1059.50225012301)
(-89.0300690375964 -154.203349716727 786.173278742719)
(-45.4773875337922 -78.7671344312356 630.451856120942)
(6.69875792741896 11.6030516560503 575.417569837264)
(12.3236146447662 21.3455072970561 624.665064003668)
(2.14503922317714 3.71481125747302 694.146997502661)
(-11.9925128584649 -20.7735794022746 734.383449768303)
(-22.0142088898141 -38.1290905691609 727.7090645858)
(-28.087110674107 -48.647418450633 704.306650935715)
(-12.4638342712709 -21.5880093238858 731.561928928728)
(40.1138180965327 69.4791299019361 590.07456795641)
(118.42426492518 205.116559500879 296.055360802101)
(102.187225050924 176.993393238265 297.079154141137)
(344.297042075035 596.340438463101 909.958979731676)
(538.711477460652 933.076471621802 1619.75662229144)
(172.358721785047 298.534033877043 1614.6203805696)
(-82.7582425643739 -143.338811669341 1376.75132195298)
(-80.4537814839948 -139.350581307169 1023.96015700658)
(-13.3198738006494 -23.0710445893002 914.033930596278)
(49.8069032860882 86.2682924685064 976.835896493282)
(33.2394582775404 57.5732436412417 1053.55224568502)
(3.85194146432812 6.67238290581062 1097.77345827292)
(-9.75039313527884 -16.8878833185769 1080.05797539512)
(-22.5547847940422 -39.0650281820248 1064.97492815089)
(-8.28027980085342 -14.3427135090943 1127.21372626704)
(18.2689109243351 31.6418770097741 1074.85508989806)
(74.3268189185954 128.737519163343 617.258482080025)
(87.220433432116 151.070178159754 476.000791035273)
(-24.496103068221 -5.18845522647123e-06 6.29570977069379)
(10.0890197569355 3.46533876169936e-07 116.367539082379)
(-11.9484516282585 -4.84791343091698e-06 171.754784835309)
(-53.0918927375605 -9.03091619099405e-07 147.413337132308)
(-41.6084423181304 -3.96118292588608e-06 118.608884553996)
(-28.9020831857013 -7.78771872783994e-06 110.519676209961)
(-23.7279674058128 -1.60598018973357e-05 126.884893844338)
(-30.3939838031436 -1.66636726222308e-05 143.775221437968)
(-46.4171107396552 -5.21440189680009e-06 150.813398336573)
(-60.4397434885583 4.6091597995877e-06 142.930837694205)
(-57.3182906555463 -2.13641479262878e-05 134.796171988312)
(25.6348233902893 -2.16001367718462e-05 127.833514587289)
(251.781648006083 -8.64228078759052e-06 69.1342629458038)
(268.603414053413 -1.84279087356223e-06 123.062353291602)
(183.967035771016 -1.41543486924037e-06 130.310642125877)
(42.2064194338539 -4.74831093912127e-06 65.182348383799)
(105.346306180629 7.83601048399188e-06 398.913199534138)
(1.01768080710404 -2.3943938476714e-05 504.488815516747)
(-54.7395268239004 -3.11797819467204e-06 427.625261795301)
(-20.5002168475663 6.07237416387343e-06 329.821403050774)
(4.88398644121435 -6.69091843549978e-07 301.390824344906)
(20.5976236083013 -2.63853569422557e-05 323.187709672793)
(13.7996081797718 -1.53828477202423e-05 351.997242578741)
(-2.62886129049327 -5.84041915907613e-07 360.937452147048)
(-9.46725369898834 -1.23589628882365e-05 371.594913367188)
(-19.1069756189705 -4.36515382094082e-05 393.014200748809)
(35.0858027560757 -5.29279475221937e-05 364.249857761916)
(181.411255873538 -3.03942966591031e-05 179.237364439267)
(245.826588577602 -6.35881370510786e-06 155.968926321179)
(149.972247729454 -2.08081809411464e-06 192.126750243589)
(222.852701930204 8.17683404750061e-06 281.255317967994)
(268.838627205984 0.000107719226120095 993.439721106835)
(-2.11208704295969 8.26838774605391e-05 964.093033890696)
(-141.683594970008 -0.000141201027263286 798.076384590784)
(-74.2585892109707 -0.000169053468005468 650.565786779673)
(7.85286570847314 -0.000101438948093898 615.063990363421)
(1.66517417601643 -2.0182492500133e-05 647.055641162354)
(-22.8569907116019 -5.20235210264306e-05 676.172060931027)
(-39.2039200515524 9.99165449432536e-05 678.778343364904)
(-41.3344108097127 -2.00317051530323e-05 695.932448011714)
(-32.5899080936267 -8.8645280757334e-05 721.94993947589)
(-7.10943851939414 -7.40812145976063e-05 767.812698101829)
(98.0349447866683 -7.8460235306119e-05 609.496275612105)
(238.38202875271 -2.58040097079736e-05 313.295287988716)
(189.312324899912 -3.80093137742592e-06 295.621487632482)
(554.637647390114 0.000147600743769159 881.825226619692)
(831.693763095138 0.000188783131486122 1564.95385408375)
(183.329899564749 0.000143489192375336 1430.01783333577)
(-207.312786679236 4.30986268981933e-05 1269.40515028547)
(-153.147790454005 5.52676977849532e-05 993.752534126716)
(-11.018626935519 1.20692663569515e-05 917.736540204779)
(105.946516016385 -3.37640427495446e-05 957.592092754252)
(60.8219518508599 -4.84747323545375e-05 1021.62166568385)
(-30.3286067636183 5.80563841163903e-06 1044.92539496089)
(-21.3232736411777 8.8465723667429e-05 1058.95409485621)
(-3.77441211131636 -3.27270450930697e-05 1089.90234597214)
(19.4454682680871 -7.99328790405888e-05 1151.44313638884)
(31.4534053671438 -4.31562539758962e-05 1069.51390508094)
(126.412325677464 -4.28371488432057e-05 596.193065838471)
(152.527882635977 -9.80912023111755e-06 459.782595867324)
(-15.121738324828 26.1917360959373 6.47980299439112)
(-6.72184166319443 11.6429659239564 6.04695691816324)
(-7.00596570838181 12.135068490217 75.5943386313214)
(-20.3524752633442 35.2519488187901 76.0688685680595)
(-18.1903692410077 31.5068916080344 87.5275235499223)
(-16.3060855156659 28.2428730653455 94.4969003404762)
(-14.1897271961119 24.5771645626041 108.347927585407)
(-17.9464283787487 31.0839694381032 139.990843926735)
(-24.7195642305475 42.8153881686901 163.807729399598)
(-27.4973585110435 47.6272226437649 167.061822830931)
(-21.4341748826779 37.1252840275431 163.489555474155)
(18.0119863292703 -31.1974245743744 146.089166356826)
(115.523791236095 -200.092922250091 78.6751349827996)
(130.723347881452 -226.419421792782 119.499350829431)
(87.2208299324485 -151.070883559855 127.712486102157)
(-19.1110627761204 33.1017485472306 40.2433477765306)
(-11.5127544843598 19.9408629972647 341.714061424222)
(-42.1301507012888 72.9717322998823 407.674169213236)
(-21.2906084275734 36.8766371993941 331.098441112209)
(-4.10089461683567 7.103116394719 276.06937635535)
(2.1656289992021 -3.75117274415659 257.971403112399)
(8.08040161008836 -13.9959960734795 287.576755509159)
(7.70127474185766 -13.3392172101466 346.742347596042)
(0.142661964469893 -0.246823664584139 393.919991865488)
(0.731850446721931 -1.26617968364325 413.278929810174)
(-8.15789237275779 14.1306967835134 404.380451425301)
(-0.0312250956442256 0.0544694208142918 344.919012553668)
(83.0543228043124 -143.853995187255 168.824413203242)
(123.360316491478 -213.666180882563 158.149563784233)
(75.209202245288 -130.266102587808 186.205548776466)
(54.6949874156731 -94.7338683217424 204.549936270652)
(198.893831551628 -344.494674421344 1111.43809506398)
(15.5038357537282 -26.8534421109112 1059.50192273992)
(-89.030014379878 154.203408888899 786.173045459122)
(-45.4772309496085 78.7671271669591 630.451630884908)
(6.69877019286977 -11.6030348278103 575.417454804941)
(12.3235766740872 -21.3454154790565 624.664883165764)
(2.14493816627798 -3.71472210857499 694.146725813277)
(-11.9926537916447 20.7735856537824 734.383011107886)
(-22.014230732214 38.1292036523771 727.708608603335)
(-28.0870723161551 48.6474354719068 704.306392552477)
(-12.4638244945122 21.5879953003654 731.561771786895)
(40.1138232237503 -69.4791398117893 590.074407996123)
(118.424258605206 -205.116571842399 296.055275471458)
(102.187220888186 -176.993391858112 297.079145367487)
(344.29702863295 -596.34036500982 909.958954936769)
(538.711259950559 -933.075993296477 1619.756357659)
(172.358513345895 -298.53367487696 1614.62012496427)
(-82.7581426310838 143.339038179734 1376.75111536699)
(-80.4538552244474 139.350599745649 1023.95996768242)
(-13.3199247950999 23.0710553807654 914.033795289904)
(49.80686668892 -86.268241163239 976.835746960939)
(33.2394113772559 -57.5731131503602 1053.55199372557)
(3.85187063724544 -6.67221841820681 1097.7730417571)
(-9.75046675157535 16.888005010444 1080.05750031462)
(-22.554758932983 39.0650574315012 1064.97457113097)
(-8.28036220217534 14.3427591294986 1127.21347102482)
(18.2688370065254 -31.6418276558379 1074.85488432679)
(74.3268154954148 -128.737543598848 617.258349466926)
(87.2204347610681 -151.070184776719 476.0007702675)
(12.2479923480001 21.2140827947112 6.29577753628084)
(-5.0451374262113 -8.73840459747348 116.368355518074)
(5.97394253451774 10.347136599319 171.755528623079)
(26.5459030889935 45.9788602549364 147.41425488573)
(20.8043368345804 36.0341079052985 118.609439772437)
(14.4512116491738 25.0301044255733 110.519811704213)
(11.8641316401856 20.548970511502 126.884857085026)
(15.197068819022 26.3217957934713 143.77543895422)
(23.208642425411 40.1984237958101 150.813954245616)
(30.2198715070078 52.3424145332861 142.931321415858)
(28.6593833279697 49.6390504143517 134.796661154687)
(-12.8172694742169 -22.2006262795556 127.834022849674)
(-125.890799897014 -218.049451512317 69.134568632917)
(-134.301726768168 -232.617455788497 123.062483159663)
(-91.9835132810723 -159.320154579605 130.310749497376)
(-21.103462281537 -36.5523242580734 65.1828884851463)
(-52.6735270007576 -91.2330753351013 398.914708593186)
(-0.508980534029377 -0.881843208796895 504.490595274314)
(27.3698374108354 47.4059475796282 427.62694423944)
(10.2502900608296 17.754130478054 329.822742695257)
(-2.44198157640611 -4.22967854070959 301.391318775496)
(-10.2987178390455 -17.8383740210367 323.188133507146)
(-6.89979579968704 -11.95098095651 351.998176593484)
(1.31430441573077 2.27648194645477 360.938847668602)
(4.73346921606563 8.19832392065048 371.596219148325)
(9.55379464787639 16.5466973363115 393.015236070799)
(-17.5423294554528 -30.3853636433913 364.250576095265)
(-90.7052878832892 -157.106843029396 179.238026735402)
(-122.913255937912 -212.892152369928 155.969137637477)
(-74.9860813201078 -129.87975701061 192.126754642535)
(-111.42714448628 -192.997355821826 281.256275135294)
(-134.420763680759 -232.822070235793 993.441807129903)
(1.054962465544 1.82845088199119 964.095299852818)
(70.8427439409473 122.701296015702 798.078094461949)
(37.1306991006965 64.3099111822298 650.567872406323)
(-3.92580346004798 -6.80106495911776 615.064926257372)
(-0.832682055058609 -1.44229653178967 647.056781299281)
(11.428410956732 19.7939156051608 676.174563503594)
(19.6010454666886 33.9520421636637 678.780893368232)
(20.6671075548305 35.7962841202814 695.93512269862)
(16.295707474777 28.2232427800819 721.951909752004)
(3.55536677817225 6.15654922840195 767.813848757252)
(-49.0167487380478 -84.9011820229268 609.497519830414)
(-119.190836926716 -206.445169634977 313.295997924911)
(-94.6560978099042 -163.949264040932 295.621514871175)
(-277.320210846555 -480.330658307921 881.825863015353)
(-415.849233467428 -720.269394190377 1564.95552139192)
(-91.6666886661518 -158.769338673857 1430.01916071459)
(103.655320930153 179.536950977691 1269.40717428083)
(76.5730257527186 132.629297273555 993.755132760484)
(5.50913298380909 9.54250265184409 917.737801344167)
(-52.9732141811478 -91.7526473009217 957.593847560629)
(-30.4111820292772 -52.6743401082617 1021.62479945088)
(15.1637375542997 26.2648530947893 1044.92845988565)
(10.6607009664667 18.4668698019509 1058.95742914741)
(1.8874415888169 3.26854075993237 1089.90501891367)
(-9.72251006893404 -16.8414098236684 1151.44487975452)
(-15.7265449205471 -27.2400124388808 1069.51557743728)
(-63.2056828974433 -109.476402139338 596.193991797038)
(-76.2638078615152 -132.093031446755 459.782589852971)
(30.2438103158012 -7.67993171696544e-06 6.47974246701443)
(13.4438965746119 -3.46662963698646e-05 6.04740468073327)
(14.012036518527 -3.70214020135343e-05 75.5954806243705)
(40.705242036625 -4.47224801078405e-05 76.069641512238)
(36.3810399656792 -2.56901034125968e-05 87.5279401067824)
(32.6122342661526 3.19500299373145e-06 94.4971981437214)
(28.3793596050933 8.89683695008095e-06 108.348173510715)
(35.8927479702238 8.10856678793217e-06 139.991470291354)
(49.4390258651498 6.62066799860537e-06 163.808542525161)
(54.9950978459484 -2.06340348660721e-05 167.0625492733)
(42.8684821133369 -1.1357643510459e-05 163.490492168656)
(-36.0240258551109 -1.1518595987029e-05 146.089950630568)
(-231.047686740988 -6.53405026421651e-06 78.6755534981321)
(-261.44671981625 -2.65755773153384e-06 119.499567410617)
(-174.441609194572 -1.23156166857787e-06 127.712575763919)
(38.2224977430404 -2.95237969839813e-05 40.2434907541935)
(23.0251946588046 -1.26077959311195e-05 341.716141713561)
(84.2605191206623 -1.85365444684654e-05 407.675746627926)
(42.5818508711761 -3.18231379038148e-05 331.09999428994)
(8.20235051380634 -3.26067972646041e-05 276.070567853191)
(-4.33111550570894 2.41796321331525e-06 257.972135851807)
(-16.1612418243917 1.61834974870185e-05 287.577712048247)
(-15.4029249340973 1.21769483843804e-05 346.743843405471)
(-0.28528781144034 -1.39642457337975e-05 393.92246165268)
(-1.46260219350254 -7.32532513796155e-05 413.281217164055)
(16.3165548422893 -4.22663745362238e-05 404.382089501248)
(0.0633857927140423 -1.71910777167678e-05 344.919753963237)
(-166.108031076245 -1.24972483447738e-05 168.824979402762)
(-246.720541099493 -6.6587320114875e-06 158.149998950799)
(-150.418375422951 -2.53329113113407e-06 186.205614192611)
(-109.390862870695 -4.9712110686369e-05 204.55053063705)
(-397.790805321011 3.71289298357051e-05 1111.44023137243)
(-31.008909176727 6.64011233010941e-06 1059.50434658939)
(178.058843040253 7.69059792414946e-05 786.174821772748)
(90.9535045748895 0.000131969739367706 630.453312465415)
(-13.3981032018866 1.90228688518246e-05 575.418428507263)
(-24.6483819260825 1.30101301842726e-05 624.666567163282)
(-4.290682166158 -4.29398872089436e-05 694.149347621398)
(23.9861024346771 -0.000118929156999235 734.387211374267)
(44.0269093820713 3.76353585534858e-05 727.713104525431)
(56.1734756890908 4.17456244850131e-05 704.309063963968)
(24.9277686674818 1.48042143448718e-06 731.563512932747)
(-80.2275315454915 -4.79354169096952e-07 590.07619243125)
(-236.848190750314 -1.16288491671654e-05 296.056205497087)
(-204.374412780292 -2.91390377151122e-06 297.079267080181)
(-688.594918741505 2.51471992560423e-05 909.959112586541)
(-1077.4268437158 5.08891139227051e-05 1619.75820134067)
(-344.719985054613 -9.69900730527912e-07 1614.62194971104)
(165.513226861977 0.000199876137344365 1376.75266561814)
(160.907601126791 -5.46783262801396e-05 1023.9614123338)
(26.6397694368268 -3.88195003788552e-05 914.034912748915)
(-99.6145241436441 -6.08668822091078e-06 976.83703110651)
(-66.480801287996 2.45923485008578e-05 1053.55422506497)
(-7.70587738851241 2.08815529811934e-05 1097.7768352413)
(19.4991986731165 -2.92449563074707e-06 1080.06202003789)
(45.1084972181278 3.70215559071322e-05 1064.97813631367)
(16.5605088110053 -4.85397861360703e-05 1127.21615374174)
(-36.5379486747565 -3.93448480802725e-05 1074.85711752886)
(-148.653179929883 -1.50780374902987e-05 617.259820321945)
(-174.440743465563 -2.14752159312476e-06 476.001014890366)
(12.2479725701392 -21.2140589168682 6.29578641163603)
(-5.0452398709662 8.73858271222529 116.368481472963)
(5.97388702771142 -10.347050170959 171.75563560446)
(26.545893924536 -45.9788461838108 147.414395365179)
(20.8043452784803 -36.0341304455438 118.609529085463)
(14.4512194932541 -25.0301335809237 110.519837655023)
(11.8641191941057 -20.5489810690708 126.884851717715)
(15.1970473053009 -26.3217918515905 143.775455227102)
(23.2086407437697 -40.1984313028201 150.814006466652)
(30.2198785912135 -52.3424175790071 142.931369024239)
(28.6593695031199 -49.6390691856806 134.796704430598)
(-12.8172920148798 22.2006221331035 127.834065295619)
(-125.890810337778 218.049452317888 69.1345940922428)
(-134.301730760314 232.617459019161 123.06249351363)
(-91.9835148432211 159.320154454819 130.310759032424)
(-21.1035103421564 36.5523980002262 65.18296992626)
(-52.6735692402748 91.2331641420343 398.914953317733)
(-0.509039037468859 0.881896604189896 504.490881533237)
(27.3698475022765 -47.4059712997603 427.627205938837)
(10.2503338034644 -17.754194083792 329.822953177995)
(-2.44198308410099 4.22967981651142 301.391394304003)
(-10.2987542349376 17.8383842898861 323.188186698046)
(-6.89981676694605 11.9509865102209 351.998277790592)
(1.31429569267174 -2.27646799792967 360.93899526988)
(4.73343400594973 -8.19828765119813 371.596354316409)
(9.55374935625674 -16.5467061525278 393.015335789721)
(-17.5423676092883 30.3853239095712 364.250639268197)
(-90.7053098211408 157.106820256985 179.238083378402)
(-122.913264245048 212.892154044892 155.969155067033)
(-74.9860811762591 129.87975260066 192.126754145461)
(-111.427249911315 192.997554774534 281.2564104133)
(-134.420804151299 232.82235576152 993.442153685013)
(1.05493397508531 -1.82823620964821 964.095691196387)
(70.8426476536681 -122.701411637766 798.078364284467)
(37.1306177413718 -64.3101083971532 650.568203405872)
(-3.92588193303421 6.80099798083225 615.065069973915)
(-0.832708150635047 1.44230135319592 647.056925292651)
(11.4283208307384 -19.7938635575887 676.174863179148)
(19.6011326231996 -33.9519932882484 678.781184762667)
(20.6670781434314 -35.7962732451095 695.935413268298)
(16.2956347724469 -28.2232941233327 721.952111879045)
(3.55530409877399 -6.15658879215878 767.813961975665)
(-49.0168187402928 84.9011463759654 609.497640370473)
(-119.190868260143 206.445172306878 313.296061894623)
(-94.656099127852 163.949258724127 295.621516884295)
(-277.320155704008 480.330857929985 881.825917697165)
(-415.849286020281 720.269862736896 1564.95580972633)
(-91.6667181681768 158.769676732514 1430.01938719325)
(103.655224405533 -179.536697617602 1269.40753304645)
(76.5729993805806 -132.629141079073 993.755549657128)
(5.50914557928809 -9.54250035145718 917.73799160925)
(-52.9732447489211 91.7526326743354 957.59409006362)
(-30.4112781352854 52.6744095858961 1021.62520994062)
(15.1637006285187 -26.2647775698187 1044.92883950335)
(10.6607788087009 -18.4668277451589 1058.95782470296)
(1.88741873564396 -3.2685666302281 1089.90531567182)
(-9.72262265055739 16.8414449737975 1151.44506569763)
(-15.7266055280098 27.2400311494892 1069.51575103427)
(-63.2057173546844 109.476375999778 596.194089421457)
(-76.2638143843087 132.093023113988 459.782590792948)
(169.347890585551 293.321218340556 1243.74904219393)
(307.983189586862 533.443397020129 1572.80116297667)
(197.002299308846 341.219180635052 1890.5314991066)
(-52.063964493791 -90.1741733794621 1677.16373247897)
(-90.2907076811181 -156.387831071191 1386.46293685998)
(-17.7247746057625 -30.700628559333 1178.9282764541)
(13.1928558286564 22.850448088457 1214.09998029944)
(21.9798754084855 38.0700772961414 1311.13194435245)
(-3.80145786866358 -6.58424369056397 1383.01499186053)
(-21.8247603548557 -37.8014522332805 1357.39320313331)
(-19.0787416201088 -33.0427176738913 1370.8603780728)
(-6.79852335315154 -11.7742032045396 1416.12586178763)
(16.5774092524348 28.71236046211 1390.15946656418)
(51.6559255256235 89.4699161424398 1021.33246268437)
(78.6739643145287 136.267254158152 675.374496936743)
(80.5146989803993 139.457821782944 1168.85751280847)
(176.775310918499 306.185173054598 1507.65320541178)
(146.335338832632 253.461248259885 1836.66700898417)
(10.5770410510365 18.3221333424727 1778.2629147056)
(-99.950763456349 -173.116544766133 1569.88322758613)
(-2.59654043235683 -4.49621427630662 1359.98336505615)
(19.3926945262573 33.5901907088852 1404.4252810769)
(25.3629563689175 43.9302087754625 1476.48464873687)
(-0.404915860523654 -0.700397216817572 1528.40352891398)
(-12.5993108061311 -21.8216865846367 1512.21678002396)
(-9.08987961582904 -15.7418280083502 1512.54011399581)
(-3.39465771158692 -5.87784525426518 1541.9134842759)
(9.40111577593795 16.2833583082368 1526.38392724452)
(42.9518710321311 74.3937923055979 1230.32371757951)
(54.1654437509917 93.8172675807433 754.210236085201)
(32.5539499961263 56.3875070095312 1122.6520855145)
(67.2164985363293 116.423564613022 1458.04523840587)
(68.985421230782 119.486837093765 1817.77244909311)
(21.4249257057622 37.1107516066491 1809.13933605538)
(-56.8988562999766 -98.5483990802334 1682.35007788842)
(-1.4707245747054 -2.54384141608448 1477.2494886111)
(7.96643007545144 13.8005769803293 1517.26029737238)
(9.09377135426023 15.7514173063981 1584.65825633198)
(-3.62088195924264 -6.27059614431267 1614.9177682857)
(-6.95523433138023 -12.045852107779 1601.74624770675)
(-5.26558683959953 -9.11854848204833 1583.71433637229)
(-1.98611646281255 -3.43849522303112 1598.43995436741)
(3.98776362954884 6.90744174386674 1592.64724500071)
(13.7129693216956 23.7504908959627 1314.23336968842)
(31.2208948999948 54.0757907034491 847.590849110799)
(294.800438193968 0.000190852522532385 1180.52521789775)
(439.493622907493 0.000112523508505948 1471.33121490706)
(227.734155460937 9.66080689847327e-05 1792.18595057966)
(-154.334148013871 0.000162244145074203 1563.34008206962)
(-180.216707311528 1.24803996697919e-05 1340.09039565659)
(-28.7239897929376 3.36529086841778e-05 1151.85724378225)
(34.4088107627192 -5.97184815110618e-06 1193.80871618617)
(57.0964395221783 -2.64558385992738e-05 1284.19018863169)
(-4.17010967811675 -1.88252242899637e-05 1346.61306882098)
(-48.7634464032368 0.000124745260985458 1351.25558429453)
(-24.1188212190804 -8.33884124582968e-06 1378.53129328768)
(6.36269782526252 5.05130055169745e-05 1420.58974034293)
(11.368825529415 6.55285027296366e-06 1392.72468751459)
(39.2155717753417 -4.62289746568466e-05 964.470195031791)
(141.15904322575 -2.04104839378109e-05 658.954206915099)
(90.8069517178484 0.000164163240069776 1144.71619839393)
(191.754093947982 0.000102416083062137 1470.50362442755)
(171.208127125682 7.22048592609903e-05 1815.49397661893)
(-88.7221198322477 0.00010415569426881 1726.9185750853)
(-220.897668579219 0.000134329450075648 1534.98094658098)
(-24.5957344401704 0.000114787338783871 1340.59151413252)
(66.7698177474592 5.49514886463719e-05 1405.12142745042)
(109.247459159638 -3.44663408559796e-05 1455.07834034434)
(31.8685847137839 1.38537287112945e-05 1517.34441327319)
(-6.15788879942545 9.28402248891639e-05 1500.44054083329)
(-5.39728404121001 8.7528055737645e-05 1511.97063217501)
(11.8657883938093 8.23271703066726e-05 1539.34170520606)
(1.33822692455003 4.48284183995682e-05 1532.5356866268)
(-4.76267300490723 -5.36399152152545e-05 1197.00474092043)
(63.5834236189481 -1.95483126779913e-05 766.807383972242)
(28.389939549978 0.000153910927301289 1121.89829855655)
(73.8500889824139 8.87381762333466e-05 1451.58342002943)
(122.965355531271 6.05971429435061e-05 1831.94142695811)
(-43.6624179321861 3.03101865802234e-05 1799.03857594445)
(-143.661525449717 0.000117501768963373 1670.36033842328)
(-13.1146715994999 0.000239267159230109 1475.72393041958)
(19.1611315441335 0.000151084678655999 1520.94563204009)
(40.9176452758066 -1.09392476773146e-05 1578.47669506172)
(8.49637618359858 2.37233889748766e-05 1608.60838450117)
(-9.74374052790219 7.77155862813756e-05 1597.37756681857)
(-7.66961594561328 8.60451514653971e-05 1583.15269770698)
(3.45147391459173 9.06537271096329e-05 1600.02419000467)
(2.01394746686449 4.37772950537016e-05 1592.47459916991)
(-6.8853385201485 -7.16835453783415e-05 1311.31532884828)
(30.5079026578102 -9.36899024486627e-06 853.724585882627)
(169.347901835297 -293.320956222889 1243.74915316861)
(307.983210650819 -533.443326670415 1572.80130127987)
(197.002241074694 -341.218904374968 1890.53157643822)
(-52.0638614042222 90.1744813364638 1677.1635794143)
(-90.2906594971086 156.387777045062 1386.46280405381)
(-17.7248286147234 30.700636789762 1178.92807273191)
(13.1927649798929 -22.8503566703955 1214.0997553432)
(21.9797871117058 -38.0699815709472 1311.13171000006)
(-3.80152406761036 6.58433563915184 1383.01469059057)
(-21.82485189199 37.8015955134007 1357.39285684457)
(-19.0786884030936 33.042877430068 1370.86007567928)
(-6.79852103333881 11.7743043604918 1416.12565114522)
(16.5773883802765 -28.7123734201988 1390.15924751913)
(51.6559303009723 -89.4699942142309 1021.33234801089)
(78.6739794004664 -136.267284495036 675.37449051161)
(80.5147364880651 -139.457571799668 1168.85758978489)
(176.775380930511 -306.185111405842 1507.65328046134)
(146.335391509812 -253.461197402828 1836.66706789983)
(10.5770790397787 -18.3218783229485 1778.26282371677)
(-99.9506533027564 173.11682321934 1569.88320306572)
(-2.59652789151209 4.49632000343709 1359.98314278888)
(19.3927066209055 -33.5901004016614 1404.42504994987)
(25.3629424335094 -43.9301704951404 1476.4844350991)
(-0.404931688004422 0.700503183011572 1528.40335512541)
(-12.59935156574 21.8218410686161 1512.21656595506)
(-9.0898967378911 15.7420835672859 1512.53997657807)
(-3.39466896719013 5.87804297259243 1541.9133927774)
(9.40110880142564 -16.2833273308733 1526.38374187517)
(42.9518793705898 -74.3938899070035 1230.32366491074)
(54.1654619280446 -93.8172995428567 754.210264910639)
(32.553966883072 -56.3872020765542 1122.65211328291)
(67.2165012139751 -116.423412277695 1458.04526032736)
(68.9853907036001 -119.486700161453 1817.77244418207)
(21.4249726782626 -37.1105876412953 1809.13939136745)
(-56.8987298596824 98.54870241601 1682.35000649605)
(-1.4706640295812 2.54418923495604 1477.24937592536)
(7.96644051611029 -13.8003134354628 1517.26018735115)
(9.09377048163572 -15.7513656772074 1584.65814252408)
(-3.62088681606422 6.27068020295393 1614.91768710977)
(-6.95526981936979 12.0459916860584 1601.74618640421)
(-5.26560069820225 9.11872912106293 1583.71434323366)
(-1.98613068366029 3.43866417051557 1598.43994169443)
(3.98776942263784 -6.90740933316015 1592.64721006086)
(13.712990736405 -23.7506188914852 1314.2333673148)
(31.2208908264462 -54.0758163318122 847.590854663686)
(-147.402213628891 -255.305435501866 1180.52470853458)
(-219.747807544141 -380.612798133506 1471.33089301777)
(-113.868511680814 -197.224693423607 1792.18610828012)
(77.1651737806102 133.656253318162 1563.34151428817)
(90.1079791242599 156.071902699754 1340.0921928837)
(14.3611970335275 24.8749892341332 1151.85912093464)
(-17.2048088889419 -29.7994887440362 1193.81135923684)
(-28.5485387357739 -49.4477196088545 1284.19273875031)
(2.08439519587152 3.61031386617427 1346.61637078577)
(24.3800142716457 42.2300059911099 1351.25882534262)
(12.059084154369 20.8868731408021 1378.5336337504)
(-3.18213835590355 -5.51046122021775 1420.59123048848)
(-5.68472196580036 -9.84598179404898 1392.72651111817)
(-19.607254317699 -33.9617745852019 964.470944631298)
(-70.579297242258 -122.247427848528 658.95416125379)
(-45.4053133536739 -78.6419796530901 1144.7158825875)
(-95.8781015015654 -166.064297846101 1470.50345172021)
(-85.6050371702493 -148.271253748122 1815.49400544396)
(44.3596956749993 76.8347405162057 1726.919410945)
(110.446805366747 191.301312987146 1534.98192194693)
(12.296164916411 21.2993349473301 1340.59357795537)
(-33.3859635932344 -57.8251986596317 1405.12321031204)
(-54.6240381999917 -94.6119782211104 1455.08077239878)
(-15.9350421365613 -27.5997212465794 1517.34586810067)
(3.0774267720512 5.33224911481627 1500.44232834003)
(2.69692180633818 4.6730423159206 1511.97167715573)
(-5.93420891836828 -10.2766179246757 1539.34253414907)
(-0.669784487124062 -1.15909775703072 1532.53653351691)
(2.38219993038266 4.12489327573897 1197.00497725718)
(-31.79140252903 -55.06481927578 766.807258769859)
(-14.1968885012114 -24.5875378172878 1121.89815586197)
(-36.9261196556424 -63.9566436488186 1451.58324689579)
(-61.4834137213674 -106.491531713538 1831.94125534272)
(21.8302600600463 37.8115134585613 1799.03866708241)
(71.8292431835777 124.413219404072 1670.36121233895)
(6.55445452769495 11.3563164192368 1475.72480535872)
(-9.5825819751442 -16.5950293958611 1520.94619636828)
(-20.4591370065324 -35.436201671818 1578.47757293532)
(-4.24887530918958 -7.35850186393081 1608.60870448435)
(4.87053009500383 8.43772758797413 1597.37800166833)
(3.83326669924015 6.64129736371608 1583.15269983118)
(-1.72707930515041 -2.98946025640024 1600.02440039385)
(-1.00781837951364 -1.74461173609605 1592.47451785418)
(3.44380128773561 5.96322866601231 1311.31559302036)
(-15.253713453809 -26.4204491960638 853.724670419975)
(-338.698918083996 0.000140897900896614 1243.74836875023)
(-615.967465528183 5.35091556729809e-05 1572.80034137694)
(-394.007249643778 8.77489570832361e-05 1890.53110457905)
(104.123707982131 0.000243379112358497 1677.16470234832)
(180.58160698771 1.46117450212417e-05 1386.46376559116)
(35.4495801633958 -4.27759974289163e-05 1178.92971062776)
(-26.3865282024977 -3.30587118842374e-05 1214.1015961942)
(-43.9606981243731 -2.86434355954765e-05 1311.13356219615)
(7.60172410674991 -1.13777373714495e-05 1383.0172995851)
(43.6478509591871 -7.65286609993801e-06 1357.39595201534)
(38.1541463533782 0.000125956682379991 1370.86300741297)
(13.5951858164128 5.25726140921657e-05 1416.12776378917)
(-33.154401433763 -2.45790382027793e-05 1390.16157248525)
(-103.310455313032 -3.49102550158193e-05 1021.33357447136)
(-157.347505432276 -2.10323132413706e-06 675.374561883879)
(-161.032587818 0.000157339777638914 1168.85704005116)
(-353.551931403155 9.13485468509973e-05 1507.65275915919)
(-292.671677534416 7.09521742231103e-05 1836.66666580601)
(-21.1572516725217 0.000160377179024447 1778.26348172476)
(199.897713934946 0.000234795903321144 1569.88335689305)
(5.19149095810143 6.37933486522238e-05 1359.98484326839)
(-38.7869495855734 5.56713807735297e-05 1404.42686283535)
(-50.7265833270537 7.10781866936219e-06 1476.4862195288)
(0.807964136681949 3.92943573955253e-05 1528.404874942)
(25.1962884258139 4.19632088716693e-05 1512.21844136568)
(18.1756359781612 0.00011296157414595 1512.54127646213)
(6.78603723331911 8.91127679213586e-05 1541.914278203)
(-18.8027001527457 9.44333781018576e-06 1526.38569293543)
(-85.9019544416266 -4.15535822774859e-05 1230.3242379275)
(-108.330437579965 -2.3387024461372e-07 754.209928418893)
(-65.1115598776198 0.000167506737048599 1122.65190732901)
(-134.434822020379 7.86798129102958e-05 1458.04510126811)
(-137.972150373372 4.2131617280145e-05 1817.77246311643)
(-42.8520275472015 0.000122662779653607 1809.13898296668)
(113.793969965593 0.000261621097530784 1682.35051434505)
(2.93654084760034 0.000226446873807616 1477.25020120193)
(-15.9365394948526 0.000140894926634255 1517.26102784353)
(-18.1884847973664 2.5116014255286e-05 1584.65916409144)
(7.24005239373498 3.78467229222209e-05 1614.9183869938)
(13.9082474313626 3.90738731984125e-05 1601.74671290064)
(10.5280818320627 7.83234027163538e-05 1583.71430559207)
(3.96938894767317 7.21613800683988e-05 1598.44007105127)
(-7.9762017664013 2.11980542992865e-05 1592.64757493146)
(-27.4237784284141 -4.54168748529205e-05 1314.23339336489)
(-62.4412204976325 -1.6338739605752e-05 847.590790474032)
(-147.402182296487 255.305762650055 1180.52462222575)
(-219.747755797463 380.612933462628 1471.33084382289)
(-113.868582831185 197.225009859302 1792.18613799847)
(77.1651572046068 -133.65589995046 1563.34176681395)
(90.1079451037055 -156.071818948129 1340.09249298472)
(14.361158823278 -24.874855924374 1151.85939501311)
(-17.2048535610199 29.7995540162623 1193.81173200071)
(-28.5486089450517 49.4477882243238 1284.19309085682)
(2.0843040917436 -3.61019381007376 1346.61681122743)
(24.3800535113168 -42.2298245325113 1351.25925025716)
(12.0590399630062 -20.8868133267184 1378.53391190688)
(-3.18211919711182 5.51052901118183 1420.59140277122)
(-5.6847333750645 9.84601463696357 1392.72670493194)
(-19.6072884947744 33.961741315491 964.471033292726)
(-70.5793152345855 122.247418191296 658.954159200335)
(-45.4053046735818 78.6422927679928 1144.71583435862)
(-95.8780801047958 166.064465558215 1470.50342555246)
(-85.605067991024 148.271451533551 1815.49401622635)
(44.3596625148548 -76.8344748838202 1726.91955785111)
(110.446706702368 -191.300873094842 1534.98208658085)
(12.2961230468906 -21.2990326514062 1340.59389114621)
(-33.3860004319504 57.8253725331225 1405.12347084683)
(-54.6241245536706 94.6120589935308 1455.081109467)
(-15.9350818946403 27.5998178973119 1517.346064996)
(3.07743314452253 -5.33207444314095 1500.44256753539)
(2.69689356119444 -4.67281833657919 1511.97180561369)
(-5.93419848960471 10.2767645211046 1539.34263146374)
(-0.669769797183737 1.15916195584628 1532.53662956135)
(2.38218392084211 -4.12497278650489 1197.0050076947)
(-31.7914110406639 55.0647949283347 766.807247795322)
(-14.1969128021765 24.5878878945488 1121.89813582157)
(-36.9261260254915 63.9568323166695 1451.58321839439)
(-61.4834219424061 106.491667268302 1831.94123208577)
(21.8301540338771 -37.8112691768535 1799.03868475882)
(71.829164016655 -124.412846257249 1670.36135684503)
(6.55447025693025 -11.3558648466432 1475.72494380923)
(-9.58258182970333 16.5953315234272 1520.94628283508)
(-20.4591803716491 35.43625504476 1578.47769285241)
(-4.24888603739164 7.35856794931427 1608.60874799851)
(4.87053536484554 -8.43758119111545 1597.37805859778)
(3.83326571161203 -6.64112354313107 1583.152697016)
(-1.7270537095335 2.98959721552005 1600.0244187284)
(-1.00782162106141 1.74470484582697 1592.47451127887)
(3.44378001752762 -5.96333514378882 1311.31562137741)
(-15.2537095206117 26.4204236501192 853.724678994097)
)
;

boundaryField
{
    inlet
    {
        type            zeroGradient;
    }
    outlet
    {
        type            freestreamVelocity;
        freestreamValue uniform (0 0 0);
        value           nonuniform List<vector> 
156
(
(-0.168205033545277 -0.291341136739077 0.0720772406876676)
(-0.297772311495413 -0.515777326404097 0.267879925628018)
(-2.86518746141212 -4.96283591367832 30.915636092355)
(-5.37550089965621 -9.31077723943865 20.091399662244)
(-5.60195087716739 -9.70295570324603 26.9552351099901)
(-5.48973273618644 -9.50846171154489 31.8140488652646)
(-5.29448544089859 -9.17024999763315 40.4268708224576)
(-6.74248641009399 -11.6782642083904 52.5946675240645)
(-8.78906864058795 -15.2230543228926 58.2420374083951)
(-9.45042236317836 -16.368763561497 57.4166584125693)
(-8.01325287666325 -13.8794459206115 61.1212989405471)
(11.2085858192231 19.4136696501636 90.9090060334837)
(112.489539345519 194.837435117932 76.608748355476)
(124.782819331575 216.130122103045 114.068893567888)
(78.8079837772901 136.499406803246 115.394044504516)
(-0.38672905746504 -8.1912065516897e-08 0.0993927033582927)
(5.47987675921598 1.8822075682816e-07 63.205325027372)
(-5.55954818051388 -2.25570719392631e-06 79.9165474518366)
(-17.5495178423378 -2.98516810485423e-07 48.7274583143986)
(-13.9141271367419 -1.32464470602529e-06 39.6635636252195)
(-10.7874742815147 -2.90670450806142e-06 41.2505962651895)
(-9.67735528147969 -6.54992507586746e-06 51.7494893929972)
(-12.0468151138164 -6.60473416375303e-06 56.9860641444466)
(-16.3749632862546 -1.83952939464048e-06 53.2037393427606)
(-18.4356130548123 1.40590746532671e-06 43.5974321735727)
(-17.4820754823524 -6.51606393686767e-06 41.1128250071742)
(15.4219919010382 -1.29947115018127e-05 76.9050520314179)
(247.351545227356 -8.49021969642347e-06 67.9178443036713)
(256.340401840336 -1.75865878213562e-06 117.443976672291)
(167.067245203093 -1.28540856995014e-06 118.339896652541)
(-0.168205738261032 0.29134218644174 0.0720776952387846)
(-0.297767733315395 0.515766325057602 0.267871328305228)
(-2.86520433400514 4.96283485801558 30.9155419378639)
(-5.37550670864151 9.31076367449945 20.0913504630485)
(-5.60195554164308 9.70294795587111 26.955213998153)
(-5.4897295843878 9.50845840137279 31.8140383192313)
(-5.29448158871125 9.17024996189419 40.4268595053145)
(-6.74248284231712 11.6782641194333 52.5946357312639)
(-8.78906503216324 15.2230527804735 58.2419970286093)
(-9.45042678984315 16.3687570432517 57.4166251426436)
(-8.01325582877242 13.8794425377654 61.1212533497351)
(11.2085717812243 -19.4136596785533 90.9089579370144)
(112.489527416065 -194.83742718599 76.6087111487132)
(124.782815743401 -216.13012096292 114.068876888983)
(78.8079855854457 -136.499412160906 115.394038002336)
(0.193370138636319 0.334925922102285 0.0993971371326691)
(-2.74030399043772 -4.74632957748751 63.2063395003145)
(2.77965344961703 4.81448453442102 79.9172146148672)
(8.7747753092708 15.1983590974801 48.727932128336)
(6.95710336573196 12.0500362680345 39.6637556491018)
(5.3937890927931 9.34226883666519 41.2505587337246)
(4.83873634284697 8.38081146076525 51.7494569307268)
(6.02344553966532 10.4327949919996 56.9862212769758)
(8.18751939595535 14.1811558161054 53.2039812123927)
(9.21781889143343 15.9657494703867 43.5976385412201)
(8.74112103932604 15.1399261799746 41.1130245674275)
(-7.71091098406825 -13.3559689430403 76.9053637291503)
(-123.675732329413 -214.212838601975 67.9181354947992)
(-128.170211575109 -221.997358052895 117.444093111025)
(-83.5336095994338 -144.684488766018 118.339981664555)
(0.336404205145118 -8.54244652984327e-08 0.072074668879344)
(0.595631086507489 -1.53588832355095e-06 0.267929926457323)
(5.73048995889993 -1.51406094483444e-05 30.9162156466967)
(10.7511803374781 -1.18122242915555e-05 20.0917226673046)
(11.2040179190036 -7.91160393565775e-06 26.9553759401873)
(10.9794741699835 1.07565315998917e-06 31.814120360089)
(10.5889299005945 3.31959508996525e-06 40.4269592452854)
(13.4849405803027 3.04639648703942e-06 52.5949325527874)
(17.5781222171152 2.35398876094088e-06 58.2423810001594)
(18.9010136255101 -7.09161706094884e-06 57.4169633986701)
(16.0265956363364 -4.24611161744766e-06 61.1217351117152)
(-22.4171847749285 -7.16784114100743e-06 90.9094788632845)
(-224.979107918821 -6.36243028560642e-06 76.6091021758288)
(-249.565623218774 -2.53678857388706e-06 114.069069354417)
(-157.615904065097 -1.11277181345138e-06 115.394103404881)
(0.193370802949657 -0.334927236576061 0.0993977792361892)
(-2.74036379104009 4.74643352190212 63.2065037941909)
(2.77962951627473 -4.81444759972158 79.9173188408253)
(8.77477731441904 -15.198363166213 48.7280065213242)
(6.95710674260253 -12.0500447637651 39.6637886697131)
(5.3937906849386 -9.34227740534816 41.2505582053378)
(4.83873108432929 -8.38081545064091 51.7494527905658)
(6.02343788249363 -10.4327949363347 56.9862359568765)
(8.18751950332508 -14.1811596779215 53.2040041876121)
(9.21782219492991 -15.9657523785137 43.5976584673114)
(8.74111758183894 -15.1399332200186 41.1130413369343)
(-7.71092449169805 13.3559663568831 76.9053887371046)
(-123.67574114193 214.212836891354 67.9181597128765)
(-128.170214684157 221.997359922178 117.444102350098)
(-83.5336101461356 144.684487142446 118.339989088423)
(69.3591890033106 120.133617198748 101.558712189152)
(66.8603431419816 115.805456246838 165.535151369695)
(93.1958440125264 161.419870823001 270.939371285533)
(84.5467612968217 146.439243527515 461.409370180209)
(77.6418376059922 134.47955890546 666.514233409586)
(53.8879833839784 93.3366922970846 750.346823650672)
(31.1782717615728 54.0019657884422 846.433707965339)
(145.119206971961 -1.11654125905629e-06 102.793291015747)
(134.099975349363 -1.86059527247107e-06 171.793067462031)
(174.374929689184 -3.50102478558896e-06 272.295932912872)
(148.63530063767 -9.55878695322105e-06 448.048731705062)
(139.584042986422 -2.01827513295965e-05 651.601840322918)
(63.4734709333083 -1.95145084353706e-05 765.481369636471)
(30.4980221992398 -9.36595595171938e-06 853.448093902961)
(69.3591880638143 -120.133617530466 101.558702760765)
(66.8603404837788 -115.80545614764 165.535147554944)
(93.1958400403547 -161.419869259948 270.939362773046)
(84.5467622024949 -146.439249279062 461.40934796136)
(77.6418520529215 -134.479588080353 666.514223282175)
(53.8880013066266 -93.3367238161048 750.346850082571)
(31.1782676678861 -54.0019913373047 846.433712812952)
(-72.5596123179295 -125.676963603297 102.793393371441)
(-67.0499527274475 -116.133973325507 171.793079324516)
(-87.1874094167961 -151.01310890954 272.295970844361)
(-74.3175216224628 -128.721958632683 448.048734008641)
(-69.7917996566316 -120.883436451032 651.601795456711)
(-31.7364270192296 -54.9695980439079 765.481251842954)
(-15.2487733868467 -26.4118926705594 853.448183186092)
(-138.718364981395 -9.79354764196916e-07 101.558795400545)
(-133.72066006948 -2.25207433101767e-06 165.535211828113)
(-186.391660733101 -2.6575115534267e-06 270.939484092732)
(-169.093412151994 -2.0816911613498e-06 461.409612207445)
(-155.283267468117 -2.07563908532293e-06 666.514340002137)
(-107.775522890833 -2.32672261507714e-07 750.346543600014)
(-62.3559756031541 -1.63164339217423e-05 846.433657623024)
(-72.5596147823073 125.676965638929 102.79340263849)
(-67.0499528605201 116.133969835556 171.793079550561)
(-87.1874109591874 151.013104581114 272.295973724374)
(-74.3175280835968 128.7219506941 448.048735556482)
(-69.7918174320116 120.883426873499 651.601793274958)
(-31.7364355424097 54.9695737840585 765.481241520907)
(-15.248769462648 26.411867146268 853.448192189784)
(-5.97491700971605 -10.3489121392063 2.56030109397542)
(-2.62219399599346 -4.54183852385359 5.5217263144397)
(3.22753181858921 5.5902061183511 12.0703905873083)
(34.8762913066619 60.4075559999988 92.1762041955573)
(-9.1945624662988 -1.94747611693686e-06 2.36308185816821)
(3.39057066121763 -3.81446329171667e-07 5.23629725107896)
(24.0893022654628 8.83876323861939e-07 30.402343384743)
(42.5695329970703 1.13286481035678e-05 67.6818248073816)
(-5.97490888922488 10.3488920031704 2.56030303394724)
(-2.62219899627708 4.54183908202226 5.52172672878793)
(3.22751426343024 -5.59018158126004 12.0703535751815)
(34.8762862082684 -60.4075420871504 92.1761918078732)
(4.59723359659159 7.96261880100265 2.36309422671895)
(-1.6953182671525 -2.93638182184956 5.23637970302683)
(-12.0447917210621 -20.8621782807675 30.4025852036754)
(-21.2849094672422 -36.8663882997041 67.6819897217659)
(11.9500008118344 -3.03451150150287e-06 2.56029008688912)
(5.24442779207858 -4.05089752300843e-06 5.52172395379313)
(-6.45519017938249 -2.93352772139977e-06 12.0705929353217)
(-69.7527146785524 2.54734004990515e-06 92.1762804544086)
(4.59722237964117 -7.9626032681868 2.36309560813174)
(-1.6953243140585 2.93639153213004 5.23639299750928)
(-12.0448120310737 20.8622152262241 30.4026223267556)
(-21.2849118789585 36.8664151288608 67.6820150454525)
)
;
    }
    sides
    {
        type            zeroGradient;
    }
}


// ************************************************************************* //
