/*--------------------------------*- C++ -*----------------------------------*\
  =========                 |
  \\      /  F ield         | OpenFOAM: The Open Source CFD Toolbox
   \\    /   O peration     | Website:  https://openfoam.org
    \\  /    A nd           | Version:  11
     \\/     M anipulation  |
\*---------------------------------------------------------------------------*/
FoamFile
{
    format      ascii;
    class       faceList;
    location    "constant/polyMesh";
    object      faces;
}
// * * * * * * * * * * * * * * * * * * * * * * * * * * * * * * * * * * * * * //


2742
(
4(2 10 11 3)
4(8 9 11 10)
4(1 3 11 9)
4(0 8 10 2)
4(0 1 9 8)
4(4 12 13 5)
4(10 11 13 12)
4(3 5 13 11)
4(2 10 12 4)
4(12 13 15 14)
4(5 7 15 13)
4(4 12 14 6)
4(6 14 15 7)
4(10 18 19 11)
4(16 17 19 18)
4(9 11 19 17)
4(8 16 18 10)
4(8 9 17 16)
4(12 20 21 13)
4(18 19 21 20)
4(11 13 21 19)
4(10 18 20 12)
4(20 21 23 22)
4(13 15 23 21)
4(12 20 22 14)
4(14 22 23 15)
3(18 25 19)
4(24 17 19 25)
4(16 24 25 18)
3(16 17 24)
3(20 26 21)
4(25 19 21 26)
4(18 25 26 20)
4(26 21 23 27)
4(20 26 27 22)
3(22 27 23)
4(3 11 33 29)
4(9 32 33 11)
4(28 29 33 32)
4(1 28 32 9)
4(5 13 34 30)
4(11 33 34 13)
4(29 30 34 33)
4(13 34 35 15)
4(30 31 35 34)
4(7 15 35 31)
4(11 19 37 33)
4(17 36 37 19)
4(32 33 37 36)
4(9 32 36 17)
4(13 21 38 34)
4(19 37 38 21)
4(33 34 38 37)
4(21 38 39 23)
4(34 35 39 38)
4(15 23 39 35)
3(19 25 37)
4(24 36 37 25)
3(17 36 24)
3(21 26 38)
4(25 37 38 26)
4(26 38 39 27)
3(23 27 39)
4(29 33 45 41)
4(32 44 45 33)
4(40 41 45 44)
4(28 40 44 32)
4(30 34 46 42)
4(33 45 46 34)
4(41 42 46 45)
4(34 46 47 35)
4(42 43 47 46)
4(31 35 47 43)
4(33 37 49 45)
4(36 48 49 37)
4(44 45 49 48)
4(32 44 48 36)
4(34 38 50 46)
4(37 49 50 38)
4(45 46 50 49)
4(38 50 51 39)
4(46 47 51 50)
4(35 39 51 47)
3(37 25 49)
4(24 48 49 25)
3(36 48 24)
3(38 26 50)
4(25 49 50 26)
4(26 50 51 27)
3(39 27 51)
4(41 45 57 53)
4(44 56 57 45)
4(52 53 57 56)
4(40 52 56 44)
4(42 46 58 54)
4(45 57 58 46)
4(53 54 58 57)
4(46 58 59 47)
4(54 55 59 58)
4(43 47 59 55)
4(45 49 61 57)
4(48 60 61 49)
4(56 57 61 60)
4(44 56 60 48)
4(46 50 62 58)
4(49 61 62 50)
4(57 58 62 61)
4(50 62 63 51)
4(58 59 63 62)
4(47 51 63 59)
3(49 25 61)
4(24 60 61 25)
3(48 60 24)
3(50 26 62)
4(25 61 62 26)
4(26 62 63 27)
3(51 27 63)
4(53 57 69 65)
4(56 68 69 57)
4(64 65 69 68)
4(52 64 68 56)
4(54 58 70 66)
4(57 69 70 58)
4(65 66 70 69)
4(58 70 71 59)
4(66 67 71 70)
4(55 59 71 67)
4(57 61 73 69)
4(60 72 73 61)
4(68 69 73 72)
4(56 68 72 60)
4(58 62 74 70)
4(61 73 74 62)
4(69 70 74 73)
4(62 74 75 63)
4(70 71 75 74)
4(59 63 75 71)
3(61 25 73)
4(24 72 73 25)
3(60 72 24)
3(62 26 74)
4(25 73 74 26)
4(26 74 75 27)
3(63 27 75)
4(65 69 10 2)
4(68 8 10 69)
4(64 0 8 68)
4(66 70 12 4)
4(69 10 12 70)
4(70 12 14 71)
4(67 71 14 6)
4(69 73 18 10)
4(72 16 18 73)
4(68 8 16 72)
4(70 74 20 12)
4(73 18 20 74)
4(74 20 22 75)
4(71 75 22 14)
3(73 25 18)
3(72 16 24)
3(74 26 20)
3(75 27 22)
4(76 82 83 77)
4(14 15 83 82)
4(7 77 83 15)
4(6 14 82 76)
4(78 84 85 79)
4(82 83 85 84)
4(77 79 85 83)
4(76 82 84 78)
4(84 85 87 86)
4(79 81 87 85)
4(78 84 86 80)
4(80 86 87 81)
4(82 88 89 83)
4(22 23 89 88)
4(15 83 89 23)
4(14 22 88 82)
4(84 90 91 85)
4(88 89 91 90)
4(83 85 91 89)
4(82 88 90 84)
4(90 91 93 92)
4(85 87 93 91)
4(84 90 92 86)
4(86 92 93 87)
3(88 94 89)
4(27 23 89 94)
4(22 27 94 88)
3(90 95 91)
4(94 89 91 95)
4(88 94 95 90)
4(95 91 93 96)
4(90 95 96 92)
3(92 96 93)
4(77 83 100 97)
4(15 35 100 83)
4(31 97 100 35)
4(79 85 101 98)
4(83 100 101 85)
4(97 98 101 100)
4(85 101 102 87)
4(98 99 102 101)
4(81 87 102 99)
4(83 89 103 100)
4(23 39 103 89)
4(35 100 103 39)
4(85 91 104 101)
4(89 103 104 91)
4(100 101 104 103)
4(91 104 105 93)
4(101 102 105 104)
4(87 93 105 102)
3(89 94 103)
4(27 39 103 94)
3(91 95 104)
4(94 103 104 95)
4(95 104 105 96)
3(93 96 105)
4(97 100 109 106)
4(35 47 109 100)
4(43 106 109 47)
4(98 101 110 107)
4(100 109 110 101)
4(106 107 110 109)
4(101 110 111 102)
4(107 108 111 110)
4(99 102 111 108)
4(100 103 112 109)
4(39 51 112 103)
4(47 109 112 51)
4(101 104 113 110)
4(103 112 113 104)
4(109 110 113 112)
4(104 113 114 105)
4(110 111 114 113)
4(102 105 114 111)
3(103 94 112)
4(27 51 112 94)
3(104 95 113)
4(94 112 113 95)
4(95 113 114 96)
3(105 96 114)
4(106 109 118 115)
4(47 59 118 109)
4(55 115 118 59)
4(107 110 119 116)
4(109 118 119 110)
4(115 116 119 118)
4(110 119 120 111)
4(116 117 120 119)
4(108 111 120 117)
4(109 112 121 118)
4(51 63 121 112)
4(59 118 121 63)
4(110 113 122 119)
4(112 121 122 113)
4(118 119 122 121)
4(113 122 123 114)
4(119 120 123 122)
4(111 114 123 120)
3(112 94 121)
4(27 63 121 94)
3(113 95 122)
4(94 121 122 95)
4(95 122 123 96)
3(114 96 123)
4(115 118 127 124)
4(59 71 127 118)
4(67 124 127 71)
4(116 119 128 125)
4(118 127 128 119)
4(124 125 128 127)
4(119 128 129 120)
4(125 126 129 128)
4(117 120 129 126)
4(118 121 130 127)
4(63 75 130 121)
4(71 127 130 75)
4(119 122 131 128)
4(121 130 131 122)
4(127 128 131 130)
4(122 131 132 123)
4(128 129 132 131)
4(120 123 132 129)
3(121 94 130)
4(27 75 130 94)
3(122 95 131)
4(94 130 131 95)
4(95 131 132 96)
3(123 96 132)
4(124 127 82 76)
4(71 14 82 127)
4(125 128 84 78)
4(127 82 84 128)
4(128 84 86 129)
4(126 129 86 80)
4(127 130 88 82)
4(75 22 88 130)
4(128 131 90 84)
4(130 88 90 131)
4(131 90 92 132)
4(129 132 92 86)
3(130 94 88)
3(131 95 90)
3(132 96 92)
4(86 87 136 135)
4(81 134 136 87)
4(80 86 135 133)
4(133 135 136 134)
4(92 93 138 137)
4(87 136 138 93)
4(86 92 137 135)
4(135 137 138 136)
4(96 93 138 139)
4(92 96 139 137)
3(137 139 138)
4(87 102 141 136)
4(99 140 141 102)
4(134 136 141 140)
4(93 105 142 138)
4(102 141 142 105)
4(136 138 142 141)
4(96 105 142 139)
3(138 139 142)
4(102 111 144 141)
4(108 143 144 111)
4(140 141 144 143)
4(105 114 145 142)
4(111 144 145 114)
4(141 142 145 144)
4(96 114 145 139)
3(142 139 145)
4(111 120 147 144)
4(117 146 147 120)
4(143 144 147 146)
4(114 123 148 145)
4(120 147 148 123)
4(144 145 148 147)
4(96 123 148 139)
3(145 139 148)
4(120 129 150 147)
4(126 149 150 129)
4(146 147 150 149)
4(123 132 151 148)
4(129 150 151 132)
4(147 148 151 150)
4(96 132 151 139)
3(148 139 151)
4(129 86 135 150)
4(149 150 135 133)
4(132 92 137 151)
4(150 151 137 135)
3(151 139 137)
4(135 136 155 154)
4(134 153 155 136)
4(133 135 154 152)
4(152 154 155 153)
4(137 138 157 156)
4(136 155 157 138)
4(135 137 156 154)
4(154 156 157 155)
4(139 138 157 158)
4(137 139 158 156)
3(156 158 157)
4(136 141 160 155)
4(140 159 160 141)
4(153 155 160 159)
4(138 142 161 157)
4(141 160 161 142)
4(155 157 161 160)
4(139 142 161 158)
3(157 158 161)
4(141 144 163 160)
4(143 162 163 144)
4(159 160 163 162)
4(142 145 164 161)
4(144 163 164 145)
4(160 161 164 163)
4(139 145 164 158)
3(161 158 164)
4(144 147 166 163)
4(146 165 166 147)
4(162 163 166 165)
4(145 148 167 164)
4(147 166 167 148)
4(163 164 167 166)
4(139 148 167 158)
3(164 158 167)
4(147 150 169 166)
4(149 168 169 150)
4(165 166 169 168)
4(148 151 170 167)
4(150 169 170 151)
4(166 167 170 169)
4(139 151 170 158)
3(167 158 170)
4(150 135 154 169)
4(168 169 154 152)
4(151 137 156 170)
4(169 170 156 154)
3(170 158 156)
4(154 155 174 173)
4(153 172 174 155)
4(152 154 173 171)
4(171 173 174 172)
4(156 157 176 175)
4(155 174 176 157)
4(154 156 175 173)
4(173 175 176 174)
4(158 157 176 177)
4(156 158 177 175)
3(175 177 176)
4(155 160 179 174)
4(159 178 179 160)
4(172 174 179 178)
4(157 161 180 176)
4(160 179 180 161)
4(174 176 180 179)
4(158 161 180 177)
3(176 177 180)
4(160 163 182 179)
4(162 181 182 163)
4(178 179 182 181)
4(161 164 183 180)
4(163 182 183 164)
4(179 180 183 182)
4(158 164 183 177)
3(180 177 183)
4(163 166 185 182)
4(165 184 185 166)
4(181 182 185 184)
4(164 167 186 183)
4(166 185 186 167)
4(182 183 186 185)
4(158 167 186 177)
3(183 177 186)
4(166 169 188 185)
4(168 187 188 169)
4(184 185 188 187)
4(167 170 189 186)
4(169 188 189 170)
4(185 186 189 188)
4(158 170 189 177)
3(186 177 189)
4(169 154 173 188)
4(187 188 173 171)
4(170 156 175 189)
4(188 189 175 173)
3(189 177 175)
4(173 174 193 192)
4(172 191 193 174)
4(171 173 192 190)
4(190 192 193 191)
4(175 176 195 194)
4(174 193 195 176)
4(173 175 194 192)
4(192 194 195 193)
4(177 176 195 196)
4(175 177 196 194)
3(194 196 195)
4(174 179 198 193)
4(178 197 198 179)
4(191 193 198 197)
4(176 180 199 195)
4(179 198 199 180)
4(193 195 199 198)
4(177 180 199 196)
3(195 196 199)
4(179 182 201 198)
4(181 200 201 182)
4(197 198 201 200)
4(180 183 202 199)
4(182 201 202 183)
4(198 199 202 201)
4(177 183 202 196)
3(199 196 202)
4(182 185 204 201)
4(184 203 204 185)
4(200 201 204 203)
4(183 186 205 202)
4(185 204 205 186)
4(201 202 205 204)
4(177 186 205 196)
3(202 196 205)
4(185 188 207 204)
4(187 206 207 188)
4(203 204 207 206)
4(186 189 208 205)
4(188 207 208 189)
4(204 205 208 207)
4(177 189 208 196)
3(205 196 208)
4(188 173 192 207)
4(206 207 192 190)
4(189 175 194 208)
4(207 208 194 192)
3(208 196 194)
4(192 193 212 211)
4(191 210 212 193)
4(190 192 211 209)
4(209 211 212 210)
4(194 195 214 213)
4(193 212 214 195)
4(192 194 213 211)
4(211 213 214 212)
4(196 195 214 215)
4(194 196 215 213)
3(213 215 214)
4(193 198 217 212)
4(197 216 217 198)
4(210 212 217 216)
4(195 199 218 214)
4(198 217 218 199)
4(212 214 218 217)
4(196 199 218 215)
3(214 215 218)
4(198 201 220 217)
4(200 219 220 201)
4(216 217 220 219)
4(199 202 221 218)
4(201 220 221 202)
4(217 218 221 220)
4(196 202 221 215)
3(218 215 221)
4(201 204 223 220)
4(203 222 223 204)
4(219 220 223 222)
4(202 205 224 221)
4(204 223 224 205)
4(220 221 224 223)
4(196 205 224 215)
3(221 215 224)
4(204 207 226 223)
4(206 225 226 207)
4(222 223 226 225)
4(205 208 227 224)
4(207 226 227 208)
4(223 224 227 226)
4(196 208 227 215)
3(224 215 227)
4(207 192 211 226)
4(225 226 211 209)
4(208 194 213 227)
4(226 227 213 211)
3(227 215 213)
4(211 212 231 230)
4(210 229 231 212)
4(209 211 230 228)
4(228 230 231 229)
4(213 214 233 232)
4(212 231 233 214)
4(211 213 232 230)
4(230 232 233 231)
4(215 214 233 234)
4(213 215 234 232)
3(232 234 233)
4(212 217 236 231)
4(216 235 236 217)
4(229 231 236 235)
4(214 218 237 233)
4(217 236 237 218)
4(231 233 237 236)
4(215 218 237 234)
3(233 234 237)
4(217 220 239 236)
4(219 238 239 220)
4(235 236 239 238)
4(218 221 240 237)
4(220 239 240 221)
4(236 237 240 239)
4(215 221 240 234)
3(237 234 240)
4(220 223 242 239)
4(222 241 242 223)
4(238 239 242 241)
4(221 224 243 240)
4(223 242 243 224)
4(239 240 243 242)
4(215 224 243 234)
3(240 234 243)
4(223 226 245 242)
4(225 244 245 226)
4(241 242 245 244)
4(224 227 246 243)
4(226 245 246 227)
4(242 243 246 245)
4(215 227 246 234)
3(243 234 246)
4(226 211 230 245)
4(244 245 230 228)
4(227 213 232 246)
4(245 246 232 230)
3(246 234 232)
4(230 231 250 249)
4(229 248 250 231)
4(228 230 249 247)
4(247 249 250 248)
4(232 233 252 251)
4(231 250 252 233)
4(230 232 251 249)
4(249 251 252 250)
4(234 233 252 253)
4(232 234 253 251)
3(251 253 252)
4(231 236 255 250)
4(235 254 255 236)
4(248 250 255 254)
4(233 237 256 252)
4(236 255 256 237)
4(250 252 256 255)
4(234 237 256 253)
3(252 253 256)
4(236 239 258 255)
4(238 257 258 239)
4(254 255 258 257)
4(237 240 259 256)
4(239 258 259 240)
4(255 256 259 258)
4(234 240 259 253)
3(256 253 259)
4(239 242 261 258)
4(241 260 261 242)
4(257 258 261 260)
4(240 243 262 259)
4(242 261 262 243)
4(258 259 262 261)
4(234 243 262 253)
3(259 253 262)
4(242 245 264 261)
4(244 263 264 245)
4(260 261 264 263)
4(243 246 265 262)
4(245 264 265 246)
4(261 262 265 264)
4(234 246 265 253)
3(262 253 265)
4(245 230 249 264)
4(263 264 249 247)
4(246 232 251 265)
4(264 265 251 249)
3(265 253 251)
4(249 250 269 268)
4(248 267 269 250)
4(247 249 268 266)
4(266 268 269 267)
4(251 252 271 270)
4(250 269 271 252)
4(249 251 270 268)
4(268 270 271 269)
4(253 252 271 272)
4(251 253 272 270)
3(270 272 271)
4(250 255 274 269)
4(254 273 274 255)
4(267 269 274 273)
4(252 256 275 271)
4(255 274 275 256)
4(269 271 275 274)
4(253 256 275 272)
3(271 272 275)
4(255 258 277 274)
4(257 276 277 258)
4(273 274 277 276)
4(256 259 278 275)
4(258 277 278 259)
4(274 275 278 277)
4(253 259 278 272)
3(275 272 278)
4(258 261 280 277)
4(260 279 280 261)
4(276 277 280 279)
4(259 262 281 278)
4(261 280 281 262)
4(277 278 281 280)
4(253 262 281 272)
3(278 272 281)
4(261 264 283 280)
4(263 282 283 264)
4(279 280 283 282)
4(262 265 284 281)
4(264 283 284 265)
4(280 281 284 283)
4(253 265 284 272)
3(281 272 284)
4(264 249 268 283)
4(282 283 268 266)
4(265 251 270 284)
4(283 284 270 268)
3(284 272 270)
4(287 288 9 8)
4(286 1 9 288)
4(285 287 8 0)
4(289 290 17 16)
4(288 9 17 290)
4(287 289 16 8)
4(291 290 17 24)
4(289 291 24 16)
4(288 293 32 9)
4(292 28 32 293)
4(290 294 36 17)
4(293 32 36 294)
4(291 294 36 24)
4(293 296 44 32)
4(295 40 44 296)
4(294 297 48 36)
4(296 44 48 297)
4(291 297 48 24)
4(296 299 56 44)
4(298 52 56 299)
4(297 300 60 48)
4(299 56 60 300)
4(291 300 60 24)
4(299 302 68 56)
4(301 64 68 302)
4(300 303 72 60)
4(302 68 72 303)
4(291 303 72 24)
4(302 287 8 68)
4(303 289 16 72)
4(306 338 339 307)
4(336 337 339 338)
4(305 307 339 337)
4(304 336 338 306)
4(308 340 341 309)
4(338 339 341 340)
4(307 309 341 339)
4(306 338 340 308)
4(310 342 343 311)
4(340 341 343 342)
4(309 311 343 341)
4(308 340 342 310)
4(312 344 345 313)
4(342 343 345 344)
4(311 313 345 343)
4(310 342 344 312)
4(314 346 347 315)
4(344 345 347 346)
4(313 315 347 345)
4(312 344 346 314)
4(316 348 349 317)
4(346 347 349 348)
4(315 317 349 347)
4(314 346 348 316)
4(318 350 351 319)
4(348 349 351 350)
4(317 319 351 349)
4(316 348 350 318)
4(320 352 353 321)
4(350 351 353 352)
4(319 321 353 351)
4(318 350 352 320)
4(322 354 355 323)
4(352 353 355 354)
4(321 323 355 353)
4(320 352 354 322)
4(324 356 357 325)
4(354 355 357 356)
4(323 325 357 355)
4(322 354 356 324)
4(326 358 359 327)
4(356 357 359 358)
4(325 327 359 357)
4(324 356 358 326)
4(328 360 361 329)
4(358 359 361 360)
4(327 329 361 359)
4(326 358 360 328)
4(330 362 363 331)
4(360 361 363 362)
4(329 331 363 361)
4(328 360 362 330)
4(332 364 365 333)
4(362 363 365 364)
4(331 333 365 363)
4(330 362 364 332)
4(364 365 367 366)
4(333 335 367 365)
4(332 364 366 334)
4(338 370 371 339)
4(368 369 371 370)
4(337 339 371 369)
4(336 368 370 338)
4(340 372 373 341)
4(370 371 373 372)
4(339 341 373 371)
4(338 370 372 340)
4(342 374 375 343)
4(372 373 375 374)
4(341 343 375 373)
4(340 372 374 342)
4(344 376 377 345)
4(374 375 377 376)
4(343 345 377 375)
4(342 374 376 344)
4(346 378 379 347)
4(376 377 379 378)
4(345 347 379 377)
4(344 376 378 346)
4(348 380 381 349)
4(378 379 381 380)
4(347 349 381 379)
4(346 378 380 348)
4(350 382 383 351)
4(380 381 383 382)
4(349 351 383 381)
4(348 380 382 350)
4(352 384 385 353)
4(382 383 385 384)
4(351 353 385 383)
4(350 382 384 352)
4(354 386 387 355)
4(384 385 387 386)
4(353 355 387 385)
4(352 384 386 354)
4(356 388 389 357)
4(386 387 389 388)
4(355 357 389 387)
4(354 386 388 356)
4(358 390 391 359)
4(388 389 391 390)
4(357 359 391 389)
4(356 388 390 358)
4(360 392 393 361)
4(390 391 393 392)
4(359 361 393 391)
4(358 390 392 360)
4(362 394 395 363)
4(392 393 395 394)
4(361 363 395 393)
4(360 392 394 362)
4(364 396 397 365)
4(394 395 397 396)
4(363 365 397 395)
4(362 394 396 364)
4(396 397 399 398)
4(365 367 399 397)
4(364 396 398 366)
4(370 402 403 371)
4(400 401 403 402)
4(369 371 403 401)
4(368 400 402 370)
4(372 404 405 373)
4(402 403 405 404)
4(371 373 405 403)
4(370 402 404 372)
4(374 406 407 375)
4(404 405 407 406)
4(373 375 407 405)
4(372 404 406 374)
4(376 408 409 377)
4(406 407 409 408)
4(375 377 409 407)
4(374 406 408 376)
4(378 410 411 379)
4(408 409 411 410)
4(377 379 411 409)
4(376 408 410 378)
4(380 412 413 381)
4(410 411 413 412)
4(379 381 413 411)
4(378 410 412 380)
4(382 414 415 383)
4(412 413 415 414)
4(381 383 415 413)
4(380 412 414 382)
4(384 416 417 385)
4(414 415 417 416)
4(383 385 417 415)
4(382 414 416 384)
4(386 418 419 387)
4(416 417 419 418)
4(385 387 419 417)
4(384 416 418 386)
4(388 420 421 389)
4(418 419 421 420)
4(387 389 421 419)
4(386 418 420 388)
4(390 422 423 391)
4(420 421 423 422)
4(389 391 423 421)
4(388 420 422 390)
4(392 424 425 393)
4(422 423 425 424)
4(391 393 425 423)
4(390 422 424 392)
4(394 426 427 395)
4(424 425 427 426)
4(393 395 427 425)
4(392 424 426 394)
4(396 428 429 397)
4(426 427 429 428)
4(395 397 429 427)
4(394 426 428 396)
4(428 429 431 430)
4(397 399 431 429)
4(396 428 430 398)
4(402 432 433 403)
4(401 403 433 267)
4(400 266 432 402)
4(266 267 433 432)
4(404 434 435 405)
4(403 405 435 433)
4(402 432 434 404)
4(432 433 435 434)
4(406 436 437 407)
4(405 407 437 435)
4(404 434 436 406)
4(434 435 437 436)
4(408 438 439 409)
4(407 409 439 437)
4(406 436 438 408)
4(436 437 439 438)
4(410 440 441 411)
4(409 411 441 439)
4(408 438 440 410)
4(438 439 441 440)
4(412 442 443 413)
4(411 413 443 441)
4(410 440 442 412)
4(440 441 443 442)
4(414 444 445 415)
4(413 415 445 443)
4(412 442 444 414)
4(442 443 445 444)
4(416 446 447 417)
4(415 417 447 445)
4(414 444 446 416)
4(444 445 447 446)
4(418 448 449 419)
4(417 419 449 447)
4(416 446 448 418)
4(446 447 449 448)
4(420 450 451 421)
4(419 421 451 449)
4(418 448 450 420)
4(448 449 451 450)
4(422 452 453 423)
4(421 423 453 451)
4(420 450 452 422)
4(450 451 453 452)
4(424 454 455 425)
4(423 425 455 453)
4(422 452 454 424)
4(452 453 455 454)
4(426 456 457 427)
4(425 427 457 455)
4(424 454 456 426)
4(454 455 457 456)
4(428 458 459 429)
4(427 429 459 457)
4(426 456 458 428)
4(456 457 459 458)
4(429 431 461 459)
4(428 458 460 430)
4(458 459 461 460)
4(307 339 479 463)
4(337 478 479 339)
4(462 463 479 478)
4(309 341 480 464)
4(339 479 480 341)
4(463 464 480 479)
4(311 343 481 465)
4(341 480 481 343)
4(464 465 481 480)
4(313 345 482 466)
4(343 481 482 345)
4(465 466 482 481)
4(315 347 483 467)
4(345 482 483 347)
4(466 467 483 482)
4(317 349 484 468)
4(347 483 484 349)
4(467 468 484 483)
4(319 351 485 469)
4(349 484 485 351)
4(468 469 485 484)
4(321 353 486 470)
4(351 485 486 353)
4(469 470 486 485)
4(323 355 487 471)
4(353 486 487 355)
4(470 471 487 486)
4(325 357 488 472)
4(355 487 488 357)
4(471 472 488 487)
4(327 359 489 473)
4(357 488 489 359)
4(472 473 489 488)
4(329 361 490 474)
4(359 489 490 361)
4(473 474 490 489)
4(331 363 491 475)
4(361 490 491 363)
4(474 475 491 490)
4(333 365 492 476)
4(363 491 492 365)
4(475 476 492 491)
4(365 492 493 367)
4(476 477 493 492)
4(339 371 495 479)
4(369 494 495 371)
4(478 479 495 494)
4(341 373 496 480)
4(371 495 496 373)
4(479 480 496 495)
4(343 375 497 481)
4(373 496 497 375)
4(480 481 497 496)
4(345 377 498 482)
4(375 497 498 377)
4(481 482 498 497)
4(347 379 499 483)
4(377 498 499 379)
4(482 483 499 498)
4(349 381 500 484)
4(379 499 500 381)
4(483 484 500 499)
4(351 383 501 485)
4(381 500 501 383)
4(484 485 501 500)
4(353 385 502 486)
4(383 501 502 385)
4(485 486 502 501)
4(355 387 503 487)
4(385 502 503 387)
4(486 487 503 502)
4(357 389 504 488)
4(387 503 504 389)
4(487 488 504 503)
4(359 391 505 489)
4(389 504 505 391)
4(488 489 505 504)
4(361 393 506 490)
4(391 505 506 393)
4(489 490 506 505)
4(363 395 507 491)
4(393 506 507 395)
4(490 491 507 506)
4(365 397 508 492)
4(395 507 508 397)
4(491 492 508 507)
4(397 508 509 399)
4(492 493 509 508)
4(371 403 511 495)
4(401 510 511 403)
4(494 495 511 510)
4(373 405 512 496)
4(403 511 512 405)
4(495 496 512 511)
4(375 407 513 497)
4(405 512 513 407)
4(496 497 513 512)
4(377 409 514 498)
4(407 513 514 409)
4(497 498 514 513)
4(379 411 515 499)
4(409 514 515 411)
4(498 499 515 514)
4(381 413 516 500)
4(411 515 516 413)
4(499 500 516 515)
4(383 415 517 501)
4(413 516 517 415)
4(500 501 517 516)
4(385 417 518 502)
4(415 517 518 417)
4(501 502 518 517)
4(387 419 519 503)
4(417 518 519 419)
4(502 503 519 518)
4(389 421 520 504)
4(419 519 520 421)
4(503 504 520 519)
4(391 423 521 505)
4(421 520 521 423)
4(504 505 521 520)
4(393 425 522 506)
4(423 521 522 425)
4(505 506 522 521)
4(395 427 523 507)
4(425 522 523 427)
4(506 507 523 522)
4(397 429 524 508)
4(427 523 524 429)
4(507 508 524 523)
4(429 524 525 431)
4(508 509 525 524)
4(403 433 526 511)
4(510 511 526 273)
4(267 273 526 433)
4(405 435 527 512)
4(511 512 527 526)
4(433 526 527 435)
4(407 437 528 513)
4(512 513 528 527)
4(435 527 528 437)
4(409 439 529 514)
4(513 514 529 528)
4(437 528 529 439)
4(411 441 530 515)
4(514 515 530 529)
4(439 529 530 441)
4(413 443 531 516)
4(515 516 531 530)
4(441 530 531 443)
4(415 445 532 517)
4(516 517 532 531)
4(443 531 532 445)
4(417 447 533 518)
4(517 518 533 532)
4(445 532 533 447)
4(419 449 534 519)
4(518 519 534 533)
4(447 533 534 449)
4(421 451 535 520)
4(519 520 535 534)
4(449 534 535 451)
4(423 453 536 521)
4(520 521 536 535)
4(451 535 536 453)
4(425 455 537 522)
4(521 522 537 536)
4(453 536 537 455)
4(427 457 538 523)
4(522 523 538 537)
4(455 537 538 457)
4(429 459 539 524)
4(523 524 539 538)
4(457 538 539 459)
4(524 525 540 539)
4(459 539 540 461)
4(463 479 558 542)
4(478 557 558 479)
4(541 542 558 557)
4(464 480 559 543)
4(479 558 559 480)
4(542 543 559 558)
4(465 481 560 544)
4(480 559 560 481)
4(543 544 560 559)
4(466 482 561 545)
4(481 560 561 482)
4(544 545 561 560)
4(467 483 562 546)
4(482 561 562 483)
4(545 546 562 561)
4(468 484 563 547)
4(483 562 563 484)
4(546 547 563 562)
4(469 485 564 548)
4(484 563 564 485)
4(547 548 564 563)
4(470 486 565 549)
4(485 564 565 486)
4(548 549 565 564)
4(471 487 566 550)
4(486 565 566 487)
4(549 550 566 565)
4(472 488 567 551)
4(487 566 567 488)
4(550 551 567 566)
4(473 489 568 552)
4(488 567 568 489)
4(551 552 568 567)
4(474 490 569 553)
4(489 568 569 490)
4(552 553 569 568)
4(475 491 570 554)
4(490 569 570 491)
4(553 554 570 569)
4(476 492 571 555)
4(491 570 571 492)
4(554 555 571 570)
4(492 571 572 493)
4(555 556 572 571)
4(479 495 574 558)
4(494 573 574 495)
4(557 558 574 573)
4(480 496 575 559)
4(495 574 575 496)
4(558 559 575 574)
4(481 497 576 560)
4(496 575 576 497)
4(559 560 576 575)
4(482 498 577 561)
4(497 576 577 498)
4(560 561 577 576)
4(483 499 578 562)
4(498 577 578 499)
4(561 562 578 577)
4(484 500 579 563)
4(499 578 579 500)
4(562 563 579 578)
4(485 501 580 564)
4(500 579 580 501)
4(563 564 580 579)
4(486 502 581 565)
4(501 580 581 502)
4(564 565 581 580)
4(487 503 582 566)
4(502 581 582 503)
4(565 566 582 581)
4(488 504 583 567)
4(503 582 583 504)
4(566 567 583 582)
4(489 505 584 568)
4(504 583 584 505)
4(567 568 584 583)
4(490 506 585 569)
4(505 584 585 506)
4(568 569 585 584)
4(491 507 586 570)
4(506 585 586 507)
4(569 570 586 585)
4(492 508 587 571)
4(507 586 587 508)
4(570 571 587 586)
4(508 587 588 509)
4(571 572 588 587)
4(495 511 590 574)
4(510 589 590 511)
4(573 574 590 589)
4(496 512 591 575)
4(511 590 591 512)
4(574 575 591 590)
4(497 513 592 576)
4(512 591 592 513)
4(575 576 592 591)
4(498 514 593 577)
4(513 592 593 514)
4(576 577 593 592)
4(499 515 594 578)
4(514 593 594 515)
4(577 578 594 593)
4(500 516 595 579)
4(515 594 595 516)
4(578 579 595 594)
4(501 517 596 580)
4(516 595 596 517)
4(579 580 596 595)
4(502 518 597 581)
4(517 596 597 518)
4(580 581 597 596)
4(503 519 598 582)
4(518 597 598 519)
4(581 582 598 597)
4(504 520 599 583)
4(519 598 599 520)
4(582 583 599 598)
4(505 521 600 584)
4(520 599 600 521)
4(583 584 600 599)
4(506 522 601 585)
4(521 600 601 522)
4(584 585 601 600)
4(507 523 602 586)
4(522 601 602 523)
4(585 586 602 601)
4(508 524 603 587)
4(523 602 603 524)
4(586 587 603 602)
4(524 603 604 525)
4(587 588 604 603)
4(511 526 605 590)
4(589 590 605 276)
4(273 276 605 526)
4(512 527 606 591)
4(590 591 606 605)
4(526 605 606 527)
4(513 528 607 592)
4(591 592 607 606)
4(527 606 607 528)
4(514 529 608 593)
4(592 593 608 607)
4(528 607 608 529)
4(515 530 609 594)
4(593 594 609 608)
4(529 608 609 530)
4(516 531 610 595)
4(594 595 610 609)
4(530 609 610 531)
4(517 532 611 596)
4(595 596 611 610)
4(531 610 611 532)
4(518 533 612 597)
4(596 597 612 611)
4(532 611 612 533)
4(519 534 613 598)
4(597 598 613 612)
4(533 612 613 534)
4(520 535 614 599)
4(598 599 614 613)
4(534 613 614 535)
4(521 536 615 600)
4(599 600 615 614)
4(535 614 615 536)
4(522 537 616 601)
4(600 601 616 615)
4(536 615 616 537)
4(523 538 617 602)
4(601 602 617 616)
4(537 616 617 538)
4(524 539 618 603)
4(602 603 618 617)
4(538 617 618 539)
4(603 604 619 618)
4(539 618 619 540)
4(542 558 637 621)
4(557 636 637 558)
4(620 621 637 636)
4(543 559 638 622)
4(558 637 638 559)
4(621 622 638 637)
4(544 560 639 623)
4(559 638 639 560)
4(622 623 639 638)
4(545 561 640 624)
4(560 639 640 561)
4(623 624 640 639)
4(546 562 641 625)
4(561 640 641 562)
4(624 625 641 640)
4(547 563 642 626)
4(562 641 642 563)
4(625 626 642 641)
4(548 564 643 627)
4(563 642 643 564)
4(626 627 643 642)
4(549 565 644 628)
4(564 643 644 565)
4(627 628 644 643)
4(550 566 645 629)
4(565 644 645 566)
4(628 629 645 644)
4(551 567 646 630)
4(566 645 646 567)
4(629 630 646 645)
4(552 568 647 631)
4(567 646 647 568)
4(630 631 647 646)
4(553 569 648 632)
4(568 647 648 569)
4(631 632 648 647)
4(554 570 649 633)
4(569 648 649 570)
4(632 633 649 648)
4(555 571 650 634)
4(570 649 650 571)
4(633 634 650 649)
4(571 650 651 572)
4(634 635 651 650)
4(558 574 653 637)
4(573 652 653 574)
4(636 637 653 652)
4(559 575 654 638)
4(574 653 654 575)
4(637 638 654 653)
4(560 576 655 639)
4(575 654 655 576)
4(638 639 655 654)
4(561 577 656 640)
4(576 655 656 577)
4(639 640 656 655)
4(562 578 657 641)
4(577 656 657 578)
4(640 641 657 656)
4(563 579 658 642)
4(578 657 658 579)
4(641 642 658 657)
4(564 580 659 643)
4(579 658 659 580)
4(642 643 659 658)
4(565 581 660 644)
4(580 659 660 581)
4(643 644 660 659)
4(566 582 661 645)
4(581 660 661 582)
4(644 645 661 660)
4(567 583 662 646)
4(582 661 662 583)
4(645 646 662 661)
4(568 584 663 647)
4(583 662 663 584)
4(646 647 663 662)
4(569 585 664 648)
4(584 663 664 585)
4(647 648 664 663)
4(570 586 665 649)
4(585 664 665 586)
4(648 649 665 664)
4(571 587 666 650)
4(586 665 666 587)
4(649 650 666 665)
4(587 666 667 588)
4(650 651 667 666)
4(574 590 669 653)
4(589 668 669 590)
4(652 653 669 668)
4(575 591 670 654)
4(590 669 670 591)
4(653 654 670 669)
4(576 592 671 655)
4(591 670 671 592)
4(654 655 671 670)
4(577 593 672 656)
4(592 671 672 593)
4(655 656 672 671)
4(578 594 673 657)
4(593 672 673 594)
4(656 657 673 672)
4(579 595 674 658)
4(594 673 674 595)
4(657 658 674 673)
4(580 596 675 659)
4(595 674 675 596)
4(658 659 675 674)
4(581 597 676 660)
4(596 675 676 597)
4(659 660 676 675)
4(582 598 677 661)
4(597 676 677 598)
4(660 661 677 676)
4(583 599 678 662)
4(598 677 678 599)
4(661 662 678 677)
4(584 600 679 663)
4(599 678 679 600)
4(662 663 679 678)
4(585 601 680 664)
4(600 679 680 601)
4(663 664 680 679)
4(586 602 681 665)
4(601 680 681 602)
4(664 665 681 680)
4(587 603 682 666)
4(602 681 682 603)
4(665 666 682 681)
4(603 682 683 604)
4(666 667 683 682)
4(590 605 684 669)
4(668 669 684 279)
4(276 279 684 605)
4(591 606 685 670)
4(669 670 685 684)
4(605 684 685 606)
4(592 607 686 671)
4(670 671 686 685)
4(606 685 686 607)
4(593 608 687 672)
4(671 672 687 686)
4(607 686 687 608)
4(594 609 688 673)
4(672 673 688 687)
4(608 687 688 609)
4(595 610 689 674)
4(673 674 689 688)
4(609 688 689 610)
4(596 611 690 675)
4(674 675 690 689)
4(610 689 690 611)
4(597 612 691 676)
4(675 676 691 690)
4(611 690 691 612)
4(598 613 692 677)
4(676 677 692 691)
4(612 691 692 613)
4(599 614 693 678)
4(677 678 693 692)
4(613 692 693 614)
4(600 615 694 679)
4(678 679 694 693)
4(614 693 694 615)
4(601 616 695 680)
4(679 680 695 694)
4(615 694 695 616)
4(602 617 696 681)
4(680 681 696 695)
4(616 695 696 617)
4(603 618 697 682)
4(681 682 697 696)
4(617 696 697 618)
4(682 683 698 697)
4(618 697 698 619)
4(621 637 716 700)
4(636 715 716 637)
4(699 700 716 715)
4(622 638 717 701)
4(637 716 717 638)
4(700 701 717 716)
4(623 639 718 702)
4(638 717 718 639)
4(701 702 718 717)
4(624 640 719 703)
4(639 718 719 640)
4(702 703 719 718)
4(625 641 720 704)
4(640 719 720 641)
4(703 704 720 719)
4(626 642 721 705)
4(641 720 721 642)
4(704 705 721 720)
4(627 643 722 706)
4(642 721 722 643)
4(705 706 722 721)
4(628 644 723 707)
4(643 722 723 644)
4(706 707 723 722)
4(629 645 724 708)
4(644 723 724 645)
4(707 708 724 723)
4(630 646 725 709)
4(645 724 725 646)
4(708 709 725 724)
4(631 647 726 710)
4(646 725 726 647)
4(709 710 726 725)
4(632 648 727 711)
4(647 726 727 648)
4(710 711 727 726)
4(633 649 728 712)
4(648 727 728 649)
4(711 712 728 727)
4(634 650 729 713)
4(649 728 729 650)
4(712 713 729 728)
4(650 729 730 651)
4(713 714 730 729)
4(637 653 732 716)
4(652 731 732 653)
4(715 716 732 731)
4(638 654 733 717)
4(653 732 733 654)
4(716 717 733 732)
4(639 655 734 718)
4(654 733 734 655)
4(717 718 734 733)
4(640 656 735 719)
4(655 734 735 656)
4(718 719 735 734)
4(641 657 736 720)
4(656 735 736 657)
4(719 720 736 735)
4(642 658 737 721)
4(657 736 737 658)
4(720 721 737 736)
4(643 659 738 722)
4(658 737 738 659)
4(721 722 738 737)
4(644 660 739 723)
4(659 738 739 660)
4(722 723 739 738)
4(645 661 740 724)
4(660 739 740 661)
4(723 724 740 739)
4(646 662 741 725)
4(661 740 741 662)
4(724 725 741 740)
4(647 663 742 726)
4(662 741 742 663)
4(725 726 742 741)
4(648 664 743 727)
4(663 742 743 664)
4(726 727 743 742)
4(649 665 744 728)
4(664 743 744 665)
4(727 728 744 743)
4(650 666 745 729)
4(665 744 745 666)
4(728 729 745 744)
4(666 745 746 667)
4(729 730 746 745)
4(653 669 748 732)
4(668 747 748 669)
4(731 732 748 747)
4(654 670 749 733)
4(669 748 749 670)
4(732 733 749 748)
4(655 671 750 734)
4(670 749 750 671)
4(733 734 750 749)
4(656 672 751 735)
4(671 750 751 672)
4(734 735 751 750)
4(657 673 752 736)
4(672 751 752 673)
4(735 736 752 751)
4(658 674 753 737)
4(673 752 753 674)
4(736 737 753 752)
4(659 675 754 738)
4(674 753 754 675)
4(737 738 754 753)
4(660 676 755 739)
4(675 754 755 676)
4(738 739 755 754)
4(661 677 756 740)
4(676 755 756 677)
4(739 740 756 755)
4(662 678 757 741)
4(677 756 757 678)
4(740 741 757 756)
4(663 679 758 742)
4(678 757 758 679)
4(741 742 758 757)
4(664 680 759 743)
4(679 758 759 680)
4(742 743 759 758)
4(665 681 760 744)
4(680 759 760 681)
4(743 744 760 759)
4(666 682 761 745)
4(681 760 761 682)
4(744 745 761 760)
4(682 761 762 683)
4(745 746 762 761)
4(669 684 763 748)
4(747 748 763 282)
4(279 282 763 684)
4(670 685 764 749)
4(748 749 764 763)
4(684 763 764 685)
4(671 686 765 750)
4(749 750 765 764)
4(685 764 765 686)
4(672 687 766 751)
4(750 751 766 765)
4(686 765 766 687)
4(673 688 767 752)
4(751 752 767 766)
4(687 766 767 688)
4(674 689 768 753)
4(752 753 768 767)
4(688 767 768 689)
4(675 690 769 754)
4(753 754 769 768)
4(689 768 769 690)
4(676 691 770 755)
4(754 755 770 769)
4(690 769 770 691)
4(677 692 771 756)
4(755 756 771 770)
4(691 770 771 692)
4(678 693 772 757)
4(756 757 772 771)
4(692 771 772 693)
4(679 694 773 758)
4(757 758 773 772)
4(693 772 773 694)
4(680 695 774 759)
4(758 759 774 773)
4(694 773 774 695)
4(681 696 775 760)
4(759 760 775 774)
4(695 774 775 696)
4(682 697 776 761)
4(760 761 776 775)
4(696 775 776 697)
4(761 762 777 776)
4(697 776 777 698)
4(700 716 338 306)
4(715 336 338 716)
4(701 717 340 308)
4(716 338 340 717)
4(702 718 342 310)
4(717 340 342 718)
4(703 719 344 312)
4(718 342 344 719)
4(704 720 346 314)
4(719 344 346 720)
4(705 721 348 316)
4(720 346 348 721)
4(706 722 350 318)
4(721 348 350 722)
4(707 723 352 320)
4(722 350 352 723)
4(708 724 354 322)
4(723 352 354 724)
4(709 725 356 324)
4(724 354 356 725)
4(710 726 358 326)
4(725 356 358 726)
4(711 727 360 328)
4(726 358 360 727)
4(712 728 362 330)
4(727 360 362 728)
4(713 729 364 332)
4(728 362 364 729)
4(729 364 366 730)
4(716 732 370 338)
4(731 368 370 732)
4(717 733 372 340)
4(732 370 372 733)
4(718 734 374 342)
4(733 372 374 734)
4(719 735 376 344)
4(734 374 376 735)
4(720 736 378 346)
4(735 376 378 736)
4(721 737 380 348)
4(736 378 380 737)
4(722 738 382 350)
4(737 380 382 738)
4(723 739 384 352)
4(738 382 384 739)
4(724 740 386 354)
4(739 384 386 740)
4(725 741 388 356)
4(740 386 388 741)
4(726 742 390 358)
4(741 388 390 742)
4(727 743 392 360)
4(742 390 392 743)
4(728 744 394 362)
4(743 392 394 744)
4(729 745 396 364)
4(744 394 396 745)
4(745 396 398 746)
4(732 748 402 370)
4(747 400 402 748)
4(733 749 404 372)
4(748 402 404 749)
4(734 750 406 374)
4(749 404 406 750)
4(735 751 408 376)
4(750 406 408 751)
4(736 752 410 378)
4(751 408 410 752)
4(737 753 412 380)
4(752 410 412 753)
4(738 754 414 382)
4(753 412 414 754)
4(739 755 416 384)
4(754 414 416 755)
4(740 756 418 386)
4(755 416 418 756)
4(741 757 420 388)
4(756 418 420 757)
4(742 758 422 390)
4(757 420 422 758)
4(743 759 424 392)
4(758 422 424 759)
4(744 760 426 394)
4(759 424 426 760)
4(745 761 428 396)
4(760 426 428 761)
4(761 428 430 762)
4(748 763 432 402)
4(282 266 432 763)
4(749 764 434 404)
4(763 432 434 764)
4(750 765 436 406)
4(764 434 436 765)
4(751 766 438 408)
4(765 436 438 766)
4(752 767 440 410)
4(766 438 440 767)
4(753 768 442 412)
4(767 440 442 768)
4(754 769 444 414)
4(768 442 444 769)
4(755 770 446 416)
4(769 444 446 770)
4(756 771 448 418)
4(770 446 448 771)
4(757 772 450 420)
4(771 448 450 772)
4(758 773 452 422)
4(772 450 452 773)
4(759 774 454 424)
4(773 452 454 774)
4(760 775 456 426)
4(774 454 456 775)
4(761 776 458 428)
4(775 456 458 776)
4(776 458 460 777)
4(432 778 779 433)
4(268 269 779 778)
4(267 433 779 269)
4(266 268 778 432)
4(434 780 781 435)
4(778 779 781 780)
4(433 435 781 779)
4(432 778 780 434)
4(436 782 783 437)
4(780 781 783 782)
4(435 437 783 781)
4(434 780 782 436)
4(438 784 785 439)
4(782 783 785 784)
4(437 439 785 783)
4(436 782 784 438)
4(440 786 787 441)
4(784 785 787 786)
4(439 441 787 785)
4(438 784 786 440)
4(442 788 789 443)
4(786 787 789 788)
4(441 443 789 787)
4(440 786 788 442)
4(444 790 791 445)
4(788 789 791 790)
4(443 445 791 789)
4(442 788 790 444)
4(446 792 793 447)
4(790 791 793 792)
4(445 447 793 791)
4(444 790 792 446)
4(448 794 795 449)
4(792 793 795 794)
4(447 449 795 793)
4(446 792 794 448)
4(450 796 797 451)
4(794 795 797 796)
4(449 451 797 795)
4(448 794 796 450)
4(452 798 799 453)
4(796 797 799 798)
4(451 453 799 797)
4(450 796 798 452)
4(454 800 801 455)
4(798 799 801 800)
4(453 455 801 799)
4(452 798 800 454)
4(456 802 803 457)
4(800 801 803 802)
4(455 457 803 801)
4(454 800 802 456)
4(458 804 805 459)
4(802 803 805 804)
4(457 459 805 803)
4(456 802 804 458)
4(804 805 807 806)
4(459 461 807 805)
4(458 804 806 460)
4(778 808 809 779)
4(270 271 809 808)
4(269 779 809 271)
4(268 270 808 778)
4(780 810 811 781)
4(808 809 811 810)
4(779 781 811 809)
4(778 808 810 780)
4(782 812 813 783)
4(810 811 813 812)
4(781 783 813 811)
4(780 810 812 782)
4(784 814 815 785)
4(812 813 815 814)
4(783 785 815 813)
4(782 812 814 784)
4(786 816 817 787)
4(814 815 817 816)
4(785 787 817 815)
4(784 814 816 786)
4(788 818 819 789)
4(816 817 819 818)
4(787 789 819 817)
4(786 816 818 788)
4(790 820 821 791)
4(818 819 821 820)
4(789 791 821 819)
4(788 818 820 790)
4(792 822 823 793)
4(820 821 823 822)
4(791 793 823 821)
4(790 820 822 792)
4(794 824 825 795)
4(822 823 825 824)
4(793 795 825 823)
4(792 822 824 794)
4(796 826 827 797)
4(824 825 827 826)
4(795 797 827 825)
4(794 824 826 796)
4(798 828 829 799)
4(826 827 829 828)
4(797 799 829 827)
4(796 826 828 798)
4(800 830 831 801)
4(828 829 831 830)
4(799 801 831 829)
4(798 828 830 800)
4(802 832 833 803)
4(830 831 833 832)
4(801 803 833 831)
4(800 830 832 802)
4(804 834 835 805)
4(832 833 835 834)
4(803 805 835 833)
4(802 832 834 804)
4(834 835 837 836)
4(805 807 837 835)
4(804 834 836 806)
3(808 838 809)
4(272 271 809 838)
4(270 272 838 808)
3(810 839 811)
4(838 809 811 839)
4(808 838 839 810)
3(812 840 813)
4(839 811 813 840)
4(810 839 840 812)
3(814 841 815)
4(840 813 815 841)
4(812 840 841 814)
3(816 842 817)
4(841 815 817 842)
4(814 841 842 816)
3(818 843 819)
4(842 817 819 843)
4(816 842 843 818)
3(820 844 821)
4(843 819 821 844)
4(818 843 844 820)
3(822 845 823)
4(844 821 823 845)
4(820 844 845 822)
3(824 846 825)
4(845 823 825 846)
4(822 845 846 824)
3(826 847 827)
4(846 825 827 847)
4(824 846 847 826)
3(828 848 829)
4(847 827 829 848)
4(826 847 848 828)
3(830 849 831)
4(848 829 831 849)
4(828 848 849 830)
3(832 850 833)
4(849 831 833 850)
4(830 849 850 832)
3(834 851 835)
4(850 833 835 851)
4(832 850 851 834)
4(851 835 837 852)
4(834 851 852 836)
4(433 779 853 526)
4(269 274 853 779)
4(273 526 853 274)
4(435 781 854 527)
4(779 853 854 781)
4(526 527 854 853)
4(437 783 855 528)
4(781 854 855 783)
4(527 528 855 854)
4(439 785 856 529)
4(783 855 856 785)
4(528 529 856 855)
4(441 787 857 530)
4(785 856 857 787)
4(529 530 857 856)
4(443 789 858 531)
4(787 857 858 789)
4(530 531 858 857)
4(445 791 859 532)
4(789 858 859 791)
4(531 532 859 858)
4(447 793 860 533)
4(791 859 860 793)
4(532 533 860 859)
4(449 795 861 534)
4(793 860 861 795)
4(533 534 861 860)
4(451 797 862 535)
4(795 861 862 797)
4(534 535 862 861)
4(453 799 863 536)
4(797 862 863 799)
4(535 536 863 862)
4(455 801 864 537)
4(799 863 864 801)
4(536 537 864 863)
4(457 803 865 538)
4(801 864 865 803)
4(537 538 865 864)
4(459 805 866 539)
4(803 865 866 805)
4(538 539 866 865)
4(805 866 867 807)
4(539 540 867 866)
4(779 809 868 853)
4(271 275 868 809)
4(274 853 868 275)
4(781 811 869 854)
4(809 868 869 811)
4(853 854 869 868)
4(783 813 870 855)
4(811 869 870 813)
4(854 855 870 869)
4(785 815 871 856)
4(813 870 871 815)
4(855 856 871 870)
4(787 817 872 857)
4(815 871 872 817)
4(856 857 872 871)
4(789 819 873 858)
4(817 872 873 819)
4(857 858 873 872)
4(791 821 874 859)
4(819 873 874 821)
4(858 859 874 873)
4(793 823 875 860)
4(821 874 875 823)
4(859 860 875 874)
4(795 825 876 861)
4(823 875 876 825)
4(860 861 876 875)
4(797 827 877 862)
4(825 876 877 827)
4(861 862 877 876)
4(799 829 878 863)
4(827 877 878 829)
4(862 863 878 877)
4(801 831 879 864)
4(829 878 879 831)
4(863 864 879 878)
4(803 833 880 865)
4(831 879 880 833)
4(864 865 880 879)
4(805 835 881 866)
4(833 880 881 835)
4(865 866 881 880)
4(835 881 882 837)
4(866 867 882 881)
3(809 838 868)
4(272 275 868 838)
3(811 839 869)
4(838 868 869 839)
3(813 840 870)
4(839 869 870 840)
3(815 841 871)
4(840 870 871 841)
3(817 842 872)
4(841 871 872 842)
3(819 843 873)
4(842 872 873 843)
3(821 844 874)
4(843 873 874 844)
3(823 845 875)
4(844 874 875 845)
3(825 846 876)
4(845 875 876 846)
3(827 847 877)
4(846 876 877 847)
3(829 848 878)
4(847 877 878 848)
3(831 849 879)
4(848 878 879 849)
3(833 850 880)
4(849 879 880 850)
3(835 851 881)
4(850 880 881 851)
4(851 881 882 852)
4(526 853 883 605)
4(274 277 883 853)
4(276 605 883 277)
4(527 854 884 606)
4(853 883 884 854)
4(605 606 884 883)
4(528 855 885 607)
4(854 884 885 855)
4(606 607 885 884)
4(529 856 886 608)
4(855 885 886 856)
4(607 608 886 885)
4(530 857 887 609)
4(856 886 887 857)
4(608 609 887 886)
4(531 858 888 610)
4(857 887 888 858)
4(609 610 888 887)
4(532 859 889 611)
4(858 888 889 859)
4(610 611 889 888)
4(533 860 890 612)
4(859 889 890 860)
4(611 612 890 889)
4(534 861 891 613)
4(860 890 891 861)
4(612 613 891 890)
4(535 862 892 614)
4(861 891 892 862)
4(613 614 892 891)
4(536 863 893 615)
4(862 892 893 863)
4(614 615 893 892)
4(537 864 894 616)
4(863 893 894 864)
4(615 616 894 893)
4(538 865 895 617)
4(864 894 895 865)
4(616 617 895 894)
4(539 866 896 618)
4(865 895 896 866)
4(617 618 896 895)
4(866 896 897 867)
4(618 619 897 896)
4(853 868 898 883)
4(275 278 898 868)
4(277 883 898 278)
4(854 869 899 884)
4(868 898 899 869)
4(883 884 899 898)
4(855 870 900 885)
4(869 899 900 870)
4(884 885 900 899)
4(856 871 901 886)
4(870 900 901 871)
4(885 886 901 900)
4(857 872 902 887)
4(871 901 902 872)
4(886 887 902 901)
4(858 873 903 888)
4(872 902 903 873)
4(887 888 903 902)
4(859 874 904 889)
4(873 903 904 874)
4(888 889 904 903)
4(860 875 905 890)
4(874 904 905 875)
4(889 890 905 904)
4(861 876 906 891)
4(875 905 906 876)
4(890 891 906 905)
4(862 877 907 892)
4(876 906 907 877)
4(891 892 907 906)
4(863 878 908 893)
4(877 907 908 878)
4(892 893 908 907)
4(864 879 909 894)
4(878 908 909 879)
4(893 894 909 908)
4(865 880 910 895)
4(879 909 910 880)
4(894 895 910 909)
4(866 881 911 896)
4(880 910 911 881)
4(895 896 911 910)
4(881 911 912 882)
4(896 897 912 911)
3(868 838 898)
4(272 278 898 838)
3(869 839 899)
4(838 898 899 839)
3(870 840 900)
4(839 899 900 840)
3(871 841 901)
4(840 900 901 841)
3(872 842 902)
4(841 901 902 842)
3(873 843 903)
4(842 902 903 843)
3(874 844 904)
4(843 903 904 844)
3(875 845 905)
4(844 904 905 845)
3(876 846 906)
4(845 905 906 846)
3(877 847 907)
4(846 906 907 847)
3(878 848 908)
4(847 907 908 848)
3(879 849 909)
4(848 908 909 849)
3(880 850 910)
4(849 909 910 850)
3(881 851 911)
4(850 910 911 851)
4(851 911 912 852)
4(605 883 913 684)
4(277 280 913 883)
4(279 684 913 280)
4(606 884 914 685)
4(883 913 914 884)
4(684 685 914 913)
4(607 885 915 686)
4(884 914 915 885)
4(685 686 915 914)
4(608 886 916 687)
4(885 915 916 886)
4(686 687 916 915)
4(609 887 917 688)
4(886 916 917 887)
4(687 688 917 916)
4(610 888 918 689)
4(887 917 918 888)
4(688 689 918 917)
4(611 889 919 690)
4(888 918 919 889)
4(689 690 919 918)
4(612 890 920 691)
4(889 919 920 890)
4(690 691 920 919)
4(613 891 921 692)
4(890 920 921 891)
4(691 692 921 920)
4(614 892 922 693)
4(891 921 922 892)
4(692 693 922 921)
4(615 893 923 694)
4(892 922 923 893)
4(693 694 923 922)
4(616 894 924 695)
4(893 923 924 894)
4(694 695 924 923)
4(617 895 925 696)
4(894 924 925 895)
4(695 696 925 924)
4(618 896 926 697)
4(895 925 926 896)
4(696 697 926 925)
4(896 926 927 897)
4(697 698 927 926)
4(883 898 928 913)
4(278 281 928 898)
4(280 913 928 281)
4(884 899 929 914)
4(898 928 929 899)
4(913 914 929 928)
4(885 900 930 915)
4(899 929 930 900)
4(914 915 930 929)
4(886 901 931 916)
4(900 930 931 901)
4(915 916 931 930)
4(887 902 932 917)
4(901 931 932 902)
4(916 917 932 931)
4(888 903 933 918)
4(902 932 933 903)
4(917 918 933 932)
4(889 904 934 919)
4(903 933 934 904)
4(918 919 934 933)
4(890 905 935 920)
4(904 934 935 905)
4(919 920 935 934)
4(891 906 936 921)
4(905 935 936 906)
4(920 921 936 935)
4(892 907 937 922)
4(906 936 937 907)
4(921 922 937 936)
4(893 908 938 923)
4(907 937 938 908)
4(922 923 938 937)
4(894 909 939 924)
4(908 938 939 909)
4(923 924 939 938)
4(895 910 940 925)
4(909 939 940 910)
4(924 925 940 939)
4(896 911 941 926)
4(910 940 941 911)
4(925 926 941 940)
4(911 941 942 912)
4(926 927 942 941)
3(898 838 928)
4(272 281 928 838)
3(899 839 929)
4(838 928 929 839)
3(900 840 930)
4(839 929 930 840)
3(901 841 931)
4(840 930 931 841)
3(902 842 932)
4(841 931 932 842)
3(903 843 933)
4(842 932 933 843)
3(904 844 934)
4(843 933 934 844)
3(905 845 935)
4(844 934 935 845)
3(906 846 936)
4(845 935 936 846)
3(907 847 937)
4(846 936 937 847)
3(908 848 938)
4(847 937 938 848)
3(909 849 939)
4(848 938 939 849)
3(910 850 940)
4(849 939 940 850)
3(911 851 941)
4(850 940 941 851)
4(851 941 942 852)
4(684 913 943 763)
4(280 283 943 913)
4(282 763 943 283)
4(685 914 944 764)
4(913 943 944 914)
4(763 764 944 943)
4(686 915 945 765)
4(914 944 945 915)
4(764 765 945 944)
4(687 916 946 766)
4(915 945 946 916)
4(765 766 946 945)
4(688 917 947 767)
4(916 946 947 917)
4(766 767 947 946)
4(689 918 948 768)
4(917 947 948 918)
4(767 768 948 947)
4(690 919 949 769)
4(918 948 949 919)
4(768 769 949 948)
4(691 920 950 770)
4(919 949 950 920)
4(769 770 950 949)
4(692 921 951 771)
4(920 950 951 921)
4(770 771 951 950)
4(693 922 952 772)
4(921 951 952 922)
4(771 772 952 951)
4(694 923 953 773)
4(922 952 953 923)
4(772 773 953 952)
4(695 924 954 774)
4(923 953 954 924)
4(773 774 954 953)
4(696 925 955 775)
4(924 954 955 925)
4(774 775 955 954)
4(697 926 956 776)
4(925 955 956 926)
4(775 776 956 955)
4(926 956 957 927)
4(776 777 957 956)
4(913 928 958 943)
4(281 284 958 928)
4(283 943 958 284)
4(914 929 959 944)
4(928 958 959 929)
4(943 944 959 958)
4(915 930 960 945)
4(929 959 960 930)
4(944 945 960 959)
4(916 931 961 946)
4(930 960 961 931)
4(945 946 961 960)
4(917 932 962 947)
4(931 961 962 932)
4(946 947 962 961)
4(918 933 963 948)
4(932 962 963 933)
4(947 948 963 962)
4(919 934 964 949)
4(933 963 964 934)
4(948 949 964 963)
4(920 935 965 950)
4(934 964 965 935)
4(949 950 965 964)
4(921 936 966 951)
4(935 965 966 936)
4(950 951 966 965)
4(922 937 967 952)
4(936 966 967 937)
4(951 952 967 966)
4(923 938 968 953)
4(937 967 968 938)
4(952 953 968 967)
4(924 939 969 954)
4(938 968 969 939)
4(953 954 969 968)
4(925 940 970 955)
4(939 969 970 940)
4(954 955 970 969)
4(926 941 971 956)
4(940 970 971 941)
4(955 956 971 970)
4(941 971 972 942)
4(956 957 972 971)
3(928 838 958)
4(272 284 958 838)
3(929 839 959)
4(838 958 959 839)
3(930 840 960)
4(839 959 960 840)
3(931 841 961)
4(840 960 961 841)
3(932 842 962)
4(841 961 962 842)
3(933 843 963)
4(842 962 963 843)
3(934 844 964)
4(843 963 964 844)
3(935 845 965)
4(844 964 965 845)
3(936 846 966)
4(845 965 966 846)
3(937 847 967)
4(846 966 967 847)
3(938 848 968)
4(847 967 968 848)
3(939 849 969)
4(848 968 969 849)
3(940 850 970)
4(849 969 970 850)
3(941 851 971)
4(850 970 971 851)
4(851 971 972 852)
4(763 943 778 432)
4(283 268 778 943)
4(764 944 780 434)
4(943 778 780 944)
4(765 945 782 436)
4(944 780 782 945)
4(766 946 784 438)
4(945 782 784 946)
4(767 947 786 440)
4(946 784 786 947)
4(768 948 788 442)
4(947 786 788 948)
4(769 949 790 444)
4(948 788 790 949)
4(770 950 792 446)
4(949 790 792 950)
4(771 951 794 448)
4(950 792 794 951)
4(772 952 796 450)
4(951 794 796 952)
4(773 953 798 452)
4(952 796 798 953)
4(774 954 800 454)
4(953 798 800 954)
4(775 955 802 456)
4(954 800 802 955)
4(776 956 804 458)
4(955 802 804 956)
4(956 804 806 957)
4(943 958 808 778)
4(284 270 808 958)
4(944 959 810 780)
4(958 808 810 959)
4(945 960 812 782)
4(959 810 812 960)
4(946 961 814 784)
4(960 812 814 961)
4(947 962 816 786)
4(961 814 816 962)
4(948 963 818 788)
4(962 816 818 963)
4(949 964 820 790)
4(963 818 820 964)
4(950 965 822 792)
4(964 820 822 965)
4(951 966 824 794)
4(965 822 824 966)
4(952 967 826 796)
4(966 824 826 967)
4(953 968 828 798)
4(967 826 828 968)
4(954 969 830 800)
4(968 828 830 969)
4(955 970 832 802)
4(969 830 832 970)
4(956 971 834 804)
4(970 832 834 971)
4(971 834 836 972)
3(958 838 808)
3(959 839 810)
3(960 840 812)
3(961 841 814)
3(962 842 816)
3(963 843 818)
3(964 844 820)
3(965 845 822)
3(966 846 824)
3(967 847 826)
3(968 848 828)
3(969 849 830)
3(970 850 832)
3(971 851 834)
4(285 0 1 286)
4(286 1 28 292)
4(292 28 40 295)
4(295 40 52 298)
4(298 52 64 301)
4(301 64 0 285)
4(285 286 288 287)
4(287 288 290 289)
3(289 290 291)
4(286 292 293 288)
4(288 293 294 290)
3(290 294 291)
4(292 295 296 293)
4(293 296 297 294)
3(294 297 291)
4(295 298 299 296)
4(296 299 300 297)
3(297 300 291)
4(298 301 302 299)
4(299 302 303 300)
3(300 303 291)
4(301 285 287 302)
4(302 287 289 303)
3(303 289 291)
4(304 306 307 305)
4(306 308 309 307)
4(308 310 311 309)
4(310 312 313 311)
4(312 314 315 313)
4(314 316 317 315)
4(316 318 319 317)
4(318 320 321 319)
4(320 322 323 321)
4(322 324 325 323)
4(324 326 327 325)
4(326 328 329 327)
4(328 330 331 329)
4(330 332 333 331)
4(332 334 335 333)
4(305 307 463 462)
4(307 309 464 463)
4(309 311 465 464)
4(311 313 466 465)
4(313 315 467 466)
4(315 317 468 467)
4(317 319 469 468)
4(319 321 470 469)
4(321 323 471 470)
4(323 325 472 471)
4(325 327 473 472)
4(327 329 474 473)
4(329 331 475 474)
4(331 333 476 475)
4(333 335 477 476)
4(462 463 542 541)
4(463 464 543 542)
4(464 465 544 543)
4(465 466 545 544)
4(466 467 546 545)
4(467 468 547 546)
4(468 469 548 547)
4(469 470 549 548)
4(470 471 550 549)
4(471 472 551 550)
4(472 473 552 551)
4(473 474 553 552)
4(474 475 554 553)
4(475 476 555 554)
4(476 477 556 555)
4(541 542 621 620)
4(542 543 622 621)
4(543 544 623 622)
4(544 545 624 623)
4(545 546 625 624)
4(546 547 626 625)
4(547 548 627 626)
4(548 549 628 627)
4(549 550 629 628)
4(550 551 630 629)
4(551 552 631 630)
4(552 553 632 631)
4(553 554 633 632)
4(554 555 634 633)
4(555 556 635 634)
4(620 621 700 699)
4(621 622 701 700)
4(622 623 702 701)
4(623 624 703 702)
4(624 625 704 703)
4(625 626 705 704)
4(626 627 706 705)
4(627 628 707 706)
4(628 629 708 707)
4(629 630 709 708)
4(630 631 710 709)
4(631 632 711 710)
4(632 633 712 711)
4(633 634 713 712)
4(634 635 714 713)
4(699 700 306 304)
4(700 701 308 306)
4(701 702 310 308)
4(702 703 312 310)
4(703 704 314 312)
4(704 705 316 314)
4(705 706 318 316)
4(706 707 320 318)
4(707 708 322 320)
4(708 709 324 322)
4(709 710 326 324)
4(710 711 328 326)
4(711 712 330 328)
4(712 713 332 330)
4(713 714 334 332)
4(334 366 367 335)
4(366 398 399 367)
4(398 430 431 399)
4(430 460 461 431)
4(460 806 807 461)
4(806 836 837 807)
3(836 852 837)
4(335 367 493 477)
4(367 399 509 493)
4(399 431 525 509)
4(431 461 540 525)
4(461 807 867 540)
4(807 837 882 867)
3(837 852 882)
4(477 493 572 556)
4(493 509 588 572)
4(509 525 604 588)
4(525 540 619 604)
4(540 867 897 619)
4(867 882 912 897)
3(882 852 912)
4(556 572 651 635)
4(572 588 667 651)
4(588 604 683 667)
4(604 619 698 683)
4(619 897 927 698)
4(897 912 942 927)
3(912 852 942)
4(635 651 730 714)
4(651 667 746 730)
4(667 683 762 746)
4(683 698 777 762)
4(698 927 957 777)
4(927 942 972 957)
3(942 852 972)
4(714 730 366 334)
4(730 746 398 366)
4(746 762 430 398)
4(762 777 460 430)
4(777 957 806 460)
4(957 972 836 806)
3(972 852 836)
4(304 305 337 336)
4(336 337 369 368)
4(368 369 401 400)
4(400 401 267 266)
4(305 462 478 337)
4(337 478 494 369)
4(369 494 510 401)
4(401 510 273 267)
4(462 541 557 478)
4(478 557 573 494)
4(494 573 589 510)
4(510 589 276 273)
4(541 620 636 557)
4(557 636 652 573)
4(573 652 668 589)
4(589 668 279 276)
4(620 699 715 636)
4(636 715 731 652)
4(652 731 747 668)
4(668 747 282 279)
4(699 304 336 715)
4(715 336 368 731)
4(731 368 400 747)
4(747 400 266 282)
4(0 2 3 1)
4(2 4 5 3)
4(4 6 7 5)
4(1 3 29 28)
4(3 5 30 29)
4(5 7 31 30)
4(28 29 41 40)
4(29 30 42 41)
4(30 31 43 42)
4(40 41 53 52)
4(41 42 54 53)
4(42 43 55 54)
4(52 53 65 64)
4(53 54 66 65)
4(54 55 67 66)
4(64 65 2 0)
4(65 66 4 2)
4(66 67 6 4)
4(6 76 77 7)
4(76 78 79 77)
4(78 80 81 79)
4(7 77 97 31)
4(77 79 98 97)
4(79 81 99 98)
4(31 97 106 43)
4(97 98 107 106)
4(98 99 108 107)
4(43 106 115 55)
4(106 107 116 115)
4(107 108 117 116)
4(55 115 124 67)
4(115 116 125 124)
4(116 117 126 125)
4(67 124 76 6)
4(124 125 78 76)
4(125 126 80 78)
4(80 133 134 81)
4(81 134 140 99)
4(99 140 143 108)
4(108 143 146 117)
4(117 146 149 126)
4(126 149 133 80)
4(133 152 153 134)
4(134 153 159 140)
4(140 159 162 143)
4(143 162 165 146)
4(146 165 168 149)
4(149 168 152 133)
4(152 171 172 153)
4(153 172 178 159)
4(159 178 181 162)
4(162 181 184 165)
4(165 184 187 168)
4(168 187 171 152)
4(171 190 191 172)
4(172 191 197 178)
4(178 197 200 181)
4(181 200 203 184)
4(184 203 206 187)
4(187 206 190 171)
4(190 209 210 191)
4(191 210 216 197)
4(197 216 219 200)
4(200 219 222 203)
4(203 222 225 206)
4(206 225 209 190)
4(209 228 229 210)
4(210 229 235 216)
4(216 235 238 219)
4(219 238 241 222)
4(222 241 244 225)
4(225 244 228 209)
4(228 247 248 229)
4(229 248 254 235)
4(235 254 257 238)
4(238 257 260 241)
4(241 260 263 244)
4(244 263 247 228)
4(247 266 267 248)
4(248 267 273 254)
4(254 273 276 257)
4(257 276 279 260)
4(260 279 282 263)
4(263 282 266 247)
)


// ************************************************************************* //
