/*--------------------------------*- C++ -*----------------------------------*\
  =========                 |
  \\      /  F ield         | OpenFOAM: The Open Source CFD Toolbox
   \\    /   O peration     | Website:  https://openfoam.org
    \\  /    A nd           | Version:  11
     \\/     M anipulation  |
\*---------------------------------------------------------------------------*/
FoamFile
{
    format      ascii;
    class       labelList;
    note        "nPoints: 973 nCells: 900 nFaces: 2742 nInternalFaces: 2478";
    location    "constant/polyMesh";
    object      neighbour;
}
// * * * * * * * * * * * * * * * * * * * * * * * * * * * * * * * * * * * * * //


2478
(
1
3
9
45
252
2
4
10
46
5
11
47
54
4
6
12
48
253
5
7
13
49
8
14
50
57
7
15
51
254
8
16
52
17
53
60
10
12
18
255
11
13
19
14
20
63
13
15
21
256
14
16
22
17
23
66
16
24
257
17
25
26
69
19
21
27
258
20
22
28
23
29
72
22
24
30
259
23
25
31
26
32
75
25
33
260
26
34
35
78
28
30
36
261
29
31
37
32
38
81
31
33
39
262
32
34
40
35
41
84
34
42
263
35
43
44
87
37
39
45
264
38
40
46
41
47
90
40
42
48
265
41
43
49
44
50
93
43
51
266
44
52
53
96
46
48
267
47
49
50
99
49
51
268
50
52
53
102
52
269
53
105
55
57
63
99
56
58
64
100
59
65
101
108
58
60
66
102
59
61
67
103
62
68
104
109
61
69
105
62
70
106
71
107
110
64
66
72
65
67
73
68
74
111
67
69
75
68
70
76
71
77
112
70
78
71
79
80
113
73
75
81
74
76
82
77
83
114
76
78
84
77
79
85
80
86
115
79
87
80
88
89
116
82
84
90
83
85
91
86
92
117
85
87
93
86
88
94
89
95
118
88
96
89
97
98
119
91
93
99
92
94
100
95
101
120
94
96
102
95
97
103
98
104
121
97
105
98
106
107
122
100
102
101
103
104
123
103
105
104
106
107
124
106
107
125
109
111
123
126
110
112
124
127
113
125
128
112
114
129
113
115
130
116
131
115
117
132
116
118
133
119
134
118
120
135
119
121
136
122
137
121
123
138
122
124
139
125
140
124
141
125
142
143
127
129
141
144
128
130
142
145
131
143
146
130
132
147
131
133
148
134
149
133
135
150
134
136
151
137
152
136
138
153
137
139
154
140
155
139
141
156
140
142
157
143
158
142
159
143
160
161
145
147
159
162
146
148
160
163
149
161
164
148
150
165
149
151
166
152
167
151
153
168
152
154
169
155
170
154
156
171
155
157
172
158
173
157
159
174
158
160
175
161
176
160
177
161
178
179
163
165
177
180
164
166
178
181
167
179
182
166
168
183
167
169
184
170
185
169
171
186
170
172
187
173
188
172
174
189
173
175
190
176
191
175
177
192
176
178
193
179
194
178
195
179
196
197
181
183
195
198
182
184
196
199
185
197
200
184
186
201
185
187
202
188
203
187
189
204
188
190
205
191
206
190
192
207
191
193
208
194
209
193
195
210
194
196
211
197
212
196
213
197
214
215
199
201
213
216
200
202
214
217
203
215
218
202
204
219
203
205
220
206
221
205
207
222
206
208
223
209
224
208
210
225
209
211
226
212
227
211
213
228
212
214
229
215
230
214
231
215
232
233
217
219
231
234
218
220
232
235
221
233
236
220
222
237
221
223
238
224
239
223
225
240
224
226
241
227
242
226
228
243
227
229
244
230
245
229
231
246
230
232
247
233
248
232
249
233
250
251
235
237
249
630
236
238
250
645
239
251
660
238
240
675
239
241
690
242
705
241
243
720
242
244
735
245
750
244
246
765
245
247
780
248
795
247
249
810
248
250
825
251
840
250
855
251
870
885
253
255
267
254
256
268
257
269
256
258
257
259
260
259
261
260
262
263
262
264
263
265
266
265
267
266
268
269
268
269
271
285
330
570
272
286
331
571
273
287
332
572
274
288
333
573
275
289
334
574
276
290
335
575
277
291
336
576
278
292
337
577
279
293
338
578
280
294
339
579
281
295
340
580
282
296
341
581
283
297
342
582
284
298
343
583
299
344
584
286
300
345
585
287
301
346
586
288
302
347
587
289
303
348
588
290
304
349
589
291
305
350
590
292
306
351
591
293
307
352
592
294
308
353
593
295
309
354
594
296
310
355
595
297
311
356
596
298
312
357
597
299
313
358
598
314
359
599
301
315
360
600
302
316
361
601
303
317
362
602
304
318
363
603
305
319
364
604
306
320
365
605
307
321
366
606
308
322
367
607
309
323
368
608
310
324
369
609
311
325
370
610
312
326
371
611
313
327
372
612
314
328
373
613
329
374
614
316
375
615
630
317
376
616
631
318
377
617
632
319
378
618
633
320
379
619
634
321
380
620
635
322
381
621
636
323
382
622
637
324
383
623
638
325
384
624
639
326
385
625
640
327
386
626
641
328
387
627
642
329
388
628
643
389
629
644
331
345
390
332
346
391
333
347
392
334
348
393
335
349
394
336
350
395
337
351
396
338
352
397
339
353
398
340
354
399
341
355
400
342
356
401
343
357
402
344
358
403
359
404
346
360
405
347
361
406
348
362
407
349
363
408
350
364
409
351
365
410
352
366
411
353
367
412
354
368
413
355
369
414
356
370
415
357
371
416
358
372
417
359
373
418
374
419
361
375
420
362
376
421
363
377
422
364
378
423
365
379
424
366
380
425
367
381
426
368
382
427
369
383
428
370
384
429
371
385
430
372
386
431
373
387
432
374
388
433
389
434
376
435
675
377
436
676
378
437
677
379
438
678
380
439
679
381
440
680
382
441
681
383
442
682
384
443
683
385
444
684
386
445
685
387
446
686
388
447
687
389
448
688
449
689
391
405
450
392
406
451
393
407
452
394
408
453
395
409
454
396
410
455
397
411
456
398
412
457
399
413
458
400
414
459
401
415
460
402
416
461
403
417
462
404
418
463
419
464
406
420
465
407
421
466
408
422
467
409
423
468
410
424
469
411
425
470
412
426
471
413
427
472
414
428
473
415
429
474
416
430
475
417
431
476
418
432
477
419
433
478
434
479
421
435
480
422
436
481
423
437
482
424
438
483
425
439
484
426
440
485
427
441
486
428
442
487
429
443
488
430
444
489
431
445
490
432
446
491
433
447
492
434
448
493
449
494
436
495
720
437
496
721
438
497
722
439
498
723
440
499
724
441
500
725
442
501
726
443
502
727
444
503
728
445
504
729
446
505
730
447
506
731
448
507
732
449
508
733
509
734
451
465
510
452
466
511
453
467
512
454
468
513
455
469
514
456
470
515
457
471
516
458
472
517
459
473
518
460
474
519
461
475
520
462
476
521
463
477
522
464
478
523
479
524
466
480
525
467
481
526
468
482
527
469
483
528
470
484
529
471
485
530
472
486
531
473
487
532
474
488
533
475
489
534
476
490
535
477
491
536
478
492
537
479
493
538
494
539
481
495
540
482
496
541
483
497
542
484
498
543
485
499
544
486
500
545
487
501
546
488
502
547
489
503
548
490
504
549
491
505
550
492
506
551
493
507
552
494
508
553
509
554
496
555
765
497
556
766
498
557
767
499
558
768
500
559
769
501
560
770
502
561
771
503
562
772
504
563
773
505
564
774
506
565
775
507
566
776
508
567
777
509
568
778
569
779
511
525
570
512
526
571
513
527
572
514
528
573
515
529
574
516
530
575
517
531
576
518
532
577
519
533
578
520
534
579
521
535
580
522
536
581
523
537
582
524
538
583
539
584
526
540
585
527
541
586
528
542
587
529
543
588
530
544
589
531
545
590
532
546
591
533
547
592
534
548
593
535
549
594
536
550
595
537
551
596
538
552
597
539
553
598
554
599
541
555
600
542
556
601
543
557
602
544
558
603
545
559
604
546
560
605
547
561
606
548
562
607
549
563
608
550
564
609
551
565
610
552
566
611
553
567
612
554
568
613
569
614
556
615
810
557
616
811
558
617
812
559
618
813
560
619
814
561
620
815
562
621
816
563
622
817
564
623
818
565
624
819
566
625
820
567
626
821
568
627
822
569
628
823
629
824
571
585
572
586
573
587
574
588
575
589
576
590
577
591
578
592
579
593
580
594
581
595
582
596
583
597
584
598
599
586
600
587
601
588
602
589
603
590
604
591
605
592
606
593
607
594
608
595
609
596
610
597
611
598
612
599
613
614
601
615
602
616
603
617
604
618
605
619
606
620
607
621
608
622
609
623
610
624
611
625
612
626
613
627
614
628
629
616
855
617
856
618
857
619
858
620
859
621
860
622
861
623
862
624
863
625
864
626
865
627
866
628
867
629
868
869
631
645
675
855
632
646
676
856
633
647
677
857
634
648
678
858
635
649
679
859
636
650
680
860
637
651
681
861
638
652
682
862
639
653
683
863
640
654
684
864
641
655
685
865
642
656
686
866
643
657
687
867
644
658
688
868
659
689
869
646
660
690
870
647
661
691
871
648
662
692
872
649
663
693
873
650
664
694
874
651
665
695
875
652
666
696
876
653
667
697
877
654
668
698
878
655
669
699
879
656
670
700
880
657
671
701
881
658
672
702
882
659
673
703
883
674
704
884
661
705
885
662
706
886
663
707
887
664
708
888
665
709
889
666
710
890
667
711
891
668
712
892
669
713
893
670
714
894
671
715
895
672
716
896
673
717
897
674
718
898
719
899
676
690
720
677
691
721
678
692
722
679
693
723
680
694
724
681
695
725
682
696
726
683
697
727
684
698
728
685
699
729
686
700
730
687
701
731
688
702
732
689
703
733
704
734
691
705
735
692
706
736
693
707
737
694
708
738
695
709
739
696
710
740
697
711
741
698
712
742
699
713
743
700
714
744
701
715
745
702
716
746
703
717
747
704
718
748
719
749
706
750
707
751
708
752
709
753
710
754
711
755
712
756
713
757
714
758
715
759
716
760
717
761
718
762
719
763
764
721
735
765
722
736
766
723
737
767
724
738
768
725
739
769
726
740
770
727
741
771
728
742
772
729
743
773
730
744
774
731
745
775
732
746
776
733
747
777
734
748
778
749
779
736
750
780
737
751
781
738
752
782
739
753
783
740
754
784
741
755
785
742
756
786
743
757
787
744
758
788
745
759
789
746
760
790
747
761
791
748
762
792
749
763
793
764
794
751
795
752
796
753
797
754
798
755
799
756
800
757
801
758
802
759
803
760
804
761
805
762
806
763
807
764
808
809
766
780
810
767
781
811
768
782
812
769
783
813
770
784
814
771
785
815
772
786
816
773
787
817
774
788
818
775
789
819
776
790
820
777
791
821
778
792
822
779
793
823
794
824
781
795
825
782
796
826
783
797
827
784
798
828
785
799
829
786
800
830
787
801
831
788
802
832
789
803
833
790
804
834
791
805
835
792
806
836
793
807
837
794
808
838
809
839
796
840
797
841
798
842
799
843
800
844
801
845
802
846
803
847
804
848
805
849
806
850
807
851
808
852
809
853
854
811
825
855
812
826
856
813
827
857
814
828
858
815
829
859
816
830
860
817
831
861
818
832
862
819
833
863
820
834
864
821
835
865
822
836
866
823
837
867
824
838
868
839
869
826
840
870
827
841
871
828
842
872
829
843
873
830
844
874
831
845
875
832
846
876
833
847
877
834
848
878
835
849
879
836
850
880
837
851
881
838
852
882
839
853
883
854
884
841
885
842
886
843
887
844
888
845
889
846
890
847
891
848
892
849
893
850
894
851
895
852
896
853
897
854
898
899
856
870
857
871
858
872
859
873
860
874
861
875
862
876
863
877
864
878
865
879
866
880
867
881
868
882
869
883
884
871
885
872
886
873
887
874
888
875
889
876
890
877
891
878
892
879
893
880
894
881
895
882
896
883
897
884
898
899
886
887
888
889
890
891
892
893
894
895
896
897
898
899
)


// ************************************************************************* //
