/*--------------------------------*- C++ -*----------------------------------*\
  =========                 |
  \\      /  F ield         | OpenFOAM: The Open Source CFD Toolbox
   \\    /   O peration     | Website:  https://openfoam.org
    \\  /    A nd           | Version:  11
     \\/     M anipulation  |
\*---------------------------------------------------------------------------*/
FoamFile
{
    format      ascii;
    class       vectorField;
    location    "constant/polyMesh";
    object      points;
}
// * * * * * * * * * * * * * * * * * * * * * * * * * * * * * * * * * * * * * //


973
(
(0 0.0021375 0.001)
(0.001851129 0.00106875 0.001)
(0 0.0019 0.0017125)
(0.001645448 0.00095 0.0017125)
(0 0.0016625 0.002425)
(0.001439767 0.00083125 0.002425)
(0 0.001425 0.0031375)
(0.001234086 0.0007125 0.0031375)
(0 0.001425 0.001)
(0.001234086 0.0007125 0.001)
(0 0.00126666666666667 0.0017125)
(0.00109696533333333 0.000633333333333333 0.0017125)
(0 0.00110833333333333 0.002425)
(0.000959844666666667 0.000554166666666667 0.002425)
(0 0.00095 0.0031375)
(0.000822724 0.000475 0.0031375)
(0 0.0007125 0.001)
(0.000617043 0.00035625 0.001)
(0 0.000633333333333334 0.0017125)
(0.000548482666666667 0.000316666666666667 0.0017125)
(0 0.000554166666666667 0.002425)
(0.000479922333333333 0.000277083333333333 0.002425)
(0 0.000475 0.0031375)
(0.000411362 0.0002375 0.0031375)
(0 0 0.001)
(0 0 0.0017125)
(0 0 0.002425)
(0 0 0.0031375)
(0.001851129 -0.00106875 0.001)
(0.001645448 -0.00095 0.0017125)
(0.001439767 -0.00083125 0.002425)
(0.001234086 -0.0007125 0.0031375)
(0.001234086 -0.0007125 0.001)
(0.00109696533333333 -0.000633333333333333 0.0017125)
(0.000959844666666667 -0.000554166666666667 0.002425)
(0.000822724 -0.000475 0.0031375)
(0.000617043 -0.00035625 0.001)
(0.000548482666666667 -0.000316666666666667 0.0017125)
(0.000479922333333333 -0.000277083333333333 0.002425)
(0.000411362 -0.0002375 0.0031375)
(0 -0.0021375 0.001)
(0 -0.0019 0.0017125)
(0 -0.0016625 0.002425)
(0 -0.001425 0.0031375)
(0 -0.001425 0.001)
(0 -0.00126666666666667 0.0017125)
(0 -0.00110833333333333 0.002425)
(0 -0.00095 0.0031375)
(0 -0.0007125 0.001)
(0 -0.000633333333333334 0.0017125)
(0 -0.000554166666666667 0.002425)
(0 -0.000475 0.0031375)
(-0.001851129 -0.00106875 0.001)
(-0.001645448 -0.00095 0.0017125)
(-0.001439767 -0.00083125 0.002425)
(-0.001234086 -0.0007125 0.0031375)
(-0.001234086 -0.0007125 0.001)
(-0.00109696533333333 -0.000633333333333333 0.0017125)
(-0.000959844666666667 -0.000554166666666667 0.002425)
(-0.000822724 -0.000475 0.0031375)
(-0.000617043 -0.00035625 0.001)
(-0.000548482666666667 -0.000316666666666667 0.0017125)
(-0.000479922333333333 -0.000277083333333333 0.002425)
(-0.000411362 -0.0002375 0.0031375)
(-0.001851129 0.00106875 0.001)
(-0.001645448 0.00095 0.0017125)
(-0.001439767 0.00083125 0.002425)
(-0.001234086 0.0007125 0.0031375)
(-0.001234086 0.0007125 0.001)
(-0.00109696533333333 0.000633333333333333 0.0017125)
(-0.000959844666666667 0.000554166666666667 0.002425)
(-0.000822724 0.000475 0.0031375)
(-0.000617043 0.00035625 0.001)
(-0.000548482666666667 0.000316666666666667 0.0017125)
(-0.000479922333333333 0.000277083333333333 0.002425)
(-0.000411362 0.0002375 0.0031375)
(0 0.001425 0.0040875)
(0.001234086 0.0007125 0.0040875)
(0 0.001425 0.0050375)
(0.001234086 0.0007125 0.0050375)
(0 0.001425 0.0059875)
(0.001234086 0.0007125 0.0059875)
(0 0.00095 0.0040875)
(0.000822724 0.000475 0.0040875)
(0 0.00095 0.0050375)
(0.000822724 0.000475 0.0050375)
(0 0.00095 0.0059875)
(0.000822724 0.000475 0.0059875)
(0 0.000475 0.0040875)
(0.000411362 0.0002375 0.0040875)
(0 0.000475 0.0050375)
(0.000411362 0.0002375 0.0050375)
(0 0.000475 0.0059875)
(0.000411362 0.0002375 0.0059875)
(0 0 0.0040875)
(0 0 0.0050375)
(0 0 0.0059875)
(0.001234086 -0.0007125 0.0040875)
(0.001234086 -0.0007125 0.0050375)
(0.001234086 -0.0007125 0.0059875)
(0.000822724 -0.000475 0.0040875)
(0.000822724 -0.000475 0.0050375)
(0.000822724 -0.000475 0.0059875)
(0.000411362 -0.0002375 0.0040875)
(0.000411362 -0.0002375 0.0050375)
(0.000411362 -0.0002375 0.0059875)
(0 -0.001425 0.0040875)
(0 -0.001425 0.0050375)
(0 -0.001425 0.0059875)
(0 -0.00095 0.0040875)
(0 -0.00095 0.0050375)
(0 -0.00095 0.0059875)
(0 -0.000475 0.0040875)
(0 -0.000475 0.0050375)
(0 -0.000475 0.0059875)
(-0.001234086 -0.0007125 0.0040875)
(-0.001234086 -0.0007125 0.0050375)
(-0.001234086 -0.0007125 0.0059875)
(-0.000822724 -0.000475 0.0040875)
(-0.000822724 -0.000475 0.0050375)
(-0.000822724 -0.000475 0.0059875)
(-0.000411362 -0.0002375 0.0040875)
(-0.000411362 -0.0002375 0.0050375)
(-0.000411362 -0.0002375 0.0059875)
(-0.001234086 0.0007125 0.0040875)
(-0.001234086 0.0007125 0.0050375)
(-0.001234086 0.0007125 0.0059875)
(-0.000822724 0.000475 0.0040875)
(-0.000822724 0.000475 0.0050375)
(-0.000822724 0.000475 0.0059875)
(-0.000411362 0.0002375 0.0040875)
(-0.000411362 0.0002375 0.0050375)
(-0.000411362 0.0002375 0.0059875)
(0 0.0015 0.00695)
(0.001299038 0.00075 0.00695)
(0 0.001 0.00695)
(0.000866025333333333 0.0005 0.00695)
(0 0.0005 0.00695)
(0.000433012666666667 0.00025 0.00695)
(0 0 0.00695)
(0.001299038 -0.00075 0.00695)
(0.000866025333333333 -0.0005 0.00695)
(0.000433012666666667 -0.00025 0.00695)
(0 -0.0015 0.00695)
(0 -0.001 0.00695)
(0 -0.0005 0.00695)
(-0.001299038 -0.00075 0.00695)
(-0.000866025333333333 -0.0005 0.00695)
(-0.000433012666666667 -0.00025 0.00695)
(-0.001299038 0.00075 0.00695)
(-0.000866025333333333 0.0005 0.00695)
(-0.000433012666666667 0.00025 0.00695)
(0 0.00156 0.0079125)
(0.001351 0.00078 0.0079125)
(0 0.00104 0.0079125)
(0.000900666666666667 0.00052 0.0079125)
(0 0.00052 0.0079125)
(0.000450333333333333 0.00026 0.0079125)
(0 0 0.0079125)
(0.001351 -0.00078 0.0079125)
(0.000900666666666667 -0.00052 0.0079125)
(0.000450333333333333 -0.00026 0.0079125)
(0 -0.00156 0.0079125)
(0 -0.00104 0.0079125)
(0 -0.00052 0.0079125)
(-0.001351 -0.00078 0.0079125)
(-0.000900666666666667 -0.00052 0.0079125)
(-0.000450333333333333 -0.00026 0.0079125)
(-0.001351 0.00078 0.0079125)
(-0.000900666666666667 0.00052 0.0079125)
(-0.000450333333333333 0.00026 0.0079125)
(0 0.0016 0.008875)
(0.001385641 0.0008 0.008875)
(0 0.00106666666666667 0.008875)
(0.000923760666666667 0.000533333333333333 0.008875)
(0 0.000533333333333333 0.008875)
(0.000461880333333333 0.000266666666666667 0.008875)
(0 0 0.008875)
(0.001385641 -0.0008 0.008875)
(0.000923760666666667 -0.000533333333333333 0.008875)
(0.000461880333333333 -0.000266666666666667 0.008875)
(0 -0.0016 0.008875)
(0 -0.00106666666666667 0.008875)
(0 -0.000533333333333333 0.008875)
(-0.001385641 -0.0008 0.008875)
(-0.000923760666666667 -0.000533333333333333 0.008875)
(-0.000461880333333333 -0.000266666666666667 0.008875)
(-0.001385641 0.0008 0.008875)
(-0.000923760666666667 0.000533333333333333 0.008875)
(-0.000461880333333333 0.000266666666666667 0.008875)
(0 0.001605 0.0098375)
(0.001389971 0.0008025 0.0098375)
(0 0.00107 0.0098375)
(0.000926647333333333 0.000535 0.0098375)
(0 0.000535 0.0098375)
(0.000463323666666667 0.0002675 0.0098375)
(0 0 0.0098375)
(0.001389971 -0.0008025 0.0098375)
(0.000926647333333333 -0.000535 0.0098375)
(0.000463323666666667 -0.0002675 0.0098375)
(0 -0.001605 0.0098375)
(0 -0.00107 0.0098375)
(0 -0.000535 0.0098375)
(-0.001389971 -0.0008025 0.0098375)
(-0.000926647333333333 -0.000535 0.0098375)
(-0.000463323666666667 -0.0002675 0.0098375)
(-0.001389971 0.0008025 0.0098375)
(-0.000926647333333333 0.000535 0.0098375)
(-0.000463323666666667 0.0002675 0.0098375)
(0 0.00173 0.0108)
(0.001498224 0.000865 0.0108)
(0 0.00115333333333333 0.0108)
(0.000998816 0.000576666666666667 0.0108)
(0 0.000576666666666667 0.0108)
(0.000499408 0.000288333333333333 0.0108)
(0 0 0.0108)
(0.001498224 -0.000865 0.0108)
(0.000998816 -0.000576666666666667 0.0108)
(0.000499408 -0.000288333333333333 0.0108)
(0 -0.00173 0.0108)
(0 -0.00115333333333333 0.0108)
(0 -0.000576666666666667 0.0108)
(-0.001498224 -0.000865 0.0108)
(-0.000998816 -0.000576666666666667 0.0108)
(-0.000499408 -0.000288333333333333 0.0108)
(-0.001498224 0.000865 0.0108)
(-0.000998816 0.000576666666666667 0.0108)
(-0.000499408 0.000288333333333333 0.0108)
(0 0.003 0.0117625)
(0.002598076 0.0015 0.0117625)
(0 0.002 0.0117625)
(0.00173205066666667 0.001 0.0117625)
(0 0.001 0.0117625)
(0.000866025333333333 0.0005 0.0117625)
(0 0 0.0117625)
(0.002598076 -0.0015 0.0117625)
(0.00173205066666667 -0.001 0.0117625)
(0.000866025333333333 -0.0005 0.0117625)
(0 -0.003 0.0117625)
(0 -0.002 0.0117625)
(0 -0.001 0.0117625)
(-0.002598076 -0.0015 0.0117625)
(-0.00173205066666667 -0.001 0.0117625)
(-0.000866025333333333 -0.0005 0.0117625)
(-0.002598076 0.0015 0.0117625)
(-0.00173205066666667 0.001 0.0117625)
(-0.000866025333333333 0.0005 0.0117625)
(0 0.0036 0.012725)
(0.003117691 0.0018 0.012725)
(0 0.0024 0.012725)
(0.00207846066666667 0.0012 0.012725)
(0 0.0012 0.012725)
(0.00103923033333333 0.0006 0.012725)
(0 0 0.012725)
(0.003117691 -0.0018 0.012725)
(0.00207846066666667 -0.0012 0.012725)
(0.00103923033333333 -0.0006 0.012725)
(0 -0.0036 0.012725)
(0 -0.0024 0.012725)
(0 -0.0012 0.012725)
(-0.003117691 -0.0018 0.012725)
(-0.00207846066666667 -0.0012 0.012725)
(-0.00103923033333333 -0.0006 0.012725)
(-0.003117691 0.0018 0.012725)
(-0.00207846066666667 0.0012 0.012725)
(-0.00103923033333333 0.0006 0.012725)
(0 0.001925 0.0136875)
(0.001667099 0.0009625 0.0136875)
(0 0.00128333333333333 0.0136875)
(0.00111139933333333 0.000641666666666667 0.0136875)
(0 0.000641666666666667 0.0136875)
(0.000555699666666667 0.000320833333333333 0.0136875)
(0 0 0.0136875)
(0.001667099 -0.0009625 0.0136875)
(0.00111139933333333 -0.000641666666666667 0.0136875)
(0.000555699666666667 -0.000320833333333333 0.0136875)
(0 -0.001925 0.0136875)
(0 -0.00128333333333333 0.0136875)
(0 -0.000641666666666667 0.0136875)
(-0.001667099 -0.0009625 0.0136875)
(-0.00111139933333333 -0.000641666666666667 0.0136875)
(-0.000555699666666667 -0.000320833333333333 0.0136875)
(-0.001667099 0.0009625 0.0136875)
(-0.00111139933333333 0.000641666666666667 0.0136875)
(-0.000555699666666667 0.000320833333333333 0.0136875)
(0 0.0021375 0)
(0.001851129 0.00106875 0)
(0 0.001425 0)
(0.001234086 0.0007125 0)
(0 0.0007125 0)
(0.000617043 0.00035625 0)
(0 0 0)
(0.001851129 -0.00106875 0)
(0.001234086 -0.0007125 0)
(0.000617043 -0.00035625 0)
(0 -0.0021375 0)
(0 -0.001425 0)
(0 -0.0007125 0)
(-0.001851129 -0.00106875 0)
(-0.001234086 -0.0007125 0)
(-0.000617043 -0.00035625 0)
(-0.001851129 0.00106875 0)
(-0.001234086 0.0007125 0)
(-0.000617043 0.00035625 0)
(0 0.005775 0.0136875)
(0.005001297 0.0028875 0.0136875)
(0 0.005775 0.0156875)
(0.005001297 0.0028875 0.0156875)
(0 0.005775 0.0176875)
(0.005001297 0.0028875 0.0176875)
(0 0.005775 0.0196875)
(0.005001297 0.0028875 0.0196875)
(0 0.005775 0.0216875)
(0.005001297 0.0028875 0.0216875)
(0 0.005775 0.0236875)
(0.005001297 0.0028875 0.0236875)
(0 0.005775 0.0256875)
(0.005001297 0.0028875 0.0256875)
(0 0.005775 0.0276875)
(0.005001297 0.0028875 0.0276875)
(0 0.005775 0.0296875)
(0.005001297 0.0028875 0.0296875)
(0 0.005775 0.0316875)
(0.005001297 0.0028875 0.0316875)
(0 0.005775 0.0336875)
(0.005001297 0.0028875 0.0336875)
(0 0.005775 0.0356875)
(0.005001297 0.0028875 0.0356875)
(0 0.005775 0.0376875)
(0.005001297 0.0028875 0.0376875)
(0 0.005775 0.0396875)
(0.005001297 0.0028875 0.0396875)
(0 0.005775 0.0416875)
(0.005001297 0.0028875 0.0416875)
(0 0.005775 0.0436875)
(0.005001297 0.0028875 0.0436875)
(0 0.0048125 0.0136875)
(0.0041677475 0.00240625 0.0136875)
(0 0.0048125 0.0156875)
(0.0041677475 0.00240625 0.0156875)
(0 0.0048125 0.0176875)
(0.0041677475 0.00240625 0.0176875)
(0 0.0048125 0.0196875)
(0.0041677475 0.00240625 0.0196875)
(0 0.0048125 0.0216875)
(0.0041677475 0.00240625 0.0216875)
(0 0.0048125 0.0236875)
(0.0041677475 0.00240625 0.0236875)
(0 0.0048125 0.0256875)
(0.0041677475 0.00240625 0.0256875)
(0 0.0048125 0.0276875)
(0.0041677475 0.00240625 0.0276875)
(0 0.0048125 0.0296875)
(0.0041677475 0.00240625 0.0296875)
(0 0.0048125 0.0316875)
(0.0041677475 0.00240625 0.0316875)
(0 0.0048125 0.0336875)
(0.0041677475 0.00240625 0.0336875)
(0 0.0048125 0.0356875)
(0.0041677475 0.00240625 0.0356875)
(0 0.0048125 0.0376875)
(0.0041677475 0.00240625 0.0376875)
(0 0.0048125 0.0396875)
(0.0041677475 0.00240625 0.0396875)
(0 0.0048125 0.0416875)
(0.0041677475 0.00240625 0.0416875)
(0 0.0048125 0.0436875)
(0.0041677475 0.00240625 0.0436875)
(0 0.00385 0.0136875)
(0.003334198 0.001925 0.0136875)
(0 0.00385 0.0156875)
(0.003334198 0.001925 0.0156875)
(0 0.00385 0.0176875)
(0.003334198 0.001925 0.0176875)
(0 0.00385 0.0196875)
(0.003334198 0.001925 0.0196875)
(0 0.00385 0.0216875)
(0.003334198 0.001925 0.0216875)
(0 0.00385 0.0236875)
(0.003334198 0.001925 0.0236875)
(0 0.00385 0.0256875)
(0.003334198 0.001925 0.0256875)
(0 0.00385 0.0276875)
(0.003334198 0.001925 0.0276875)
(0 0.00385 0.0296875)
(0.003334198 0.001925 0.0296875)
(0 0.00385 0.0316875)
(0.003334198 0.001925 0.0316875)
(0 0.00385 0.0336875)
(0.003334198 0.001925 0.0336875)
(0 0.00385 0.0356875)
(0.003334198 0.001925 0.0356875)
(0 0.00385 0.0376875)
(0.003334198 0.001925 0.0376875)
(0 0.00385 0.0396875)
(0.003334198 0.001925 0.0396875)
(0 0.00385 0.0416875)
(0.003334198 0.001925 0.0416875)
(0 0.00385 0.0436875)
(0.003334198 0.001925 0.0436875)
(0 0.0028875 0.0136875)
(0.0025006485 0.00144375 0.0136875)
(0 0.0028875 0.0156875)
(0.0025006485 0.00144375 0.0156875)
(0 0.0028875 0.0176875)
(0.0025006485 0.00144375 0.0176875)
(0 0.0028875 0.0196875)
(0.0025006485 0.00144375 0.0196875)
(0 0.0028875 0.0216875)
(0.0025006485 0.00144375 0.0216875)
(0 0.0028875 0.0236875)
(0.0025006485 0.00144375 0.0236875)
(0 0.0028875 0.0256875)
(0.0025006485 0.00144375 0.0256875)
(0 0.0028875 0.0276875)
(0.0025006485 0.00144375 0.0276875)
(0 0.0028875 0.0296875)
(0.0025006485 0.00144375 0.0296875)
(0 0.0028875 0.0316875)
(0.0025006485 0.00144375 0.0316875)
(0 0.0028875 0.0336875)
(0.0025006485 0.00144375 0.0336875)
(0 0.0028875 0.0356875)
(0.0025006485 0.00144375 0.0356875)
(0 0.0028875 0.0376875)
(0.0025006485 0.00144375 0.0376875)
(0 0.0028875 0.0396875)
(0.0025006485 0.00144375 0.0396875)
(0 0.0028875 0.0416875)
(0.0025006485 0.00144375 0.0416875)
(0 0.0028875 0.0436875)
(0.0025006485 0.00144375 0.0436875)
(0 0.001925 0.0156875)
(0.001667099 0.0009625 0.0156875)
(0 0.001925 0.0176875)
(0.001667099 0.0009625 0.0176875)
(0 0.001925 0.0196875)
(0.001667099 0.0009625 0.0196875)
(0 0.001925 0.0216875)
(0.001667099 0.0009625 0.0216875)
(0 0.001925 0.0236875)
(0.001667099 0.0009625 0.0236875)
(0 0.001925 0.0256875)
(0.001667099 0.0009625 0.0256875)
(0 0.001925 0.0276875)
(0.001667099 0.0009625 0.0276875)
(0 0.001925 0.0296875)
(0.001667099 0.0009625 0.0296875)
(0 0.001925 0.0316875)
(0.001667099 0.0009625 0.0316875)
(0 0.001925 0.0336875)
(0.001667099 0.0009625 0.0336875)
(0 0.001925 0.0356875)
(0.001667099 0.0009625 0.0356875)
(0 0.001925 0.0376875)
(0.001667099 0.0009625 0.0376875)
(0 0.001925 0.0396875)
(0.001667099 0.0009625 0.0396875)
(0 0.001925 0.0416875)
(0.001667099 0.0009625 0.0416875)
(0 0.001925 0.0436875)
(0.001667099 0.0009625 0.0436875)
(0.005001297 -0.0028875 0.0136875)
(0.005001297 -0.0028875 0.0156875)
(0.005001297 -0.0028875 0.0176875)
(0.005001297 -0.0028875 0.0196875)
(0.005001297 -0.0028875 0.0216875)
(0.005001297 -0.0028875 0.0236875)
(0.005001297 -0.0028875 0.0256875)
(0.005001297 -0.0028875 0.0276875)
(0.005001297 -0.0028875 0.0296875)
(0.005001297 -0.0028875 0.0316875)
(0.005001297 -0.0028875 0.0336875)
(0.005001297 -0.0028875 0.0356875)
(0.005001297 -0.0028875 0.0376875)
(0.005001297 -0.0028875 0.0396875)
(0.005001297 -0.0028875 0.0416875)
(0.005001297 -0.0028875 0.0436875)
(0.0041677475 -0.00240625 0.0136875)
(0.0041677475 -0.00240625 0.0156875)
(0.0041677475 -0.00240625 0.0176875)
(0.0041677475 -0.00240625 0.0196875)
(0.0041677475 -0.00240625 0.0216875)
(0.0041677475 -0.00240625 0.0236875)
(0.0041677475 -0.00240625 0.0256875)
(0.0041677475 -0.00240625 0.0276875)
(0.0041677475 -0.00240625 0.0296875)
(0.0041677475 -0.00240625 0.0316875)
(0.0041677475 -0.00240625 0.0336875)
(0.0041677475 -0.00240625 0.0356875)
(0.0041677475 -0.00240625 0.0376875)
(0.0041677475 -0.00240625 0.0396875)
(0.0041677475 -0.00240625 0.0416875)
(0.0041677475 -0.00240625 0.0436875)
(0.003334198 -0.001925 0.0136875)
(0.003334198 -0.001925 0.0156875)
(0.003334198 -0.001925 0.0176875)
(0.003334198 -0.001925 0.0196875)
(0.003334198 -0.001925 0.0216875)
(0.003334198 -0.001925 0.0236875)
(0.003334198 -0.001925 0.0256875)
(0.003334198 -0.001925 0.0276875)
(0.003334198 -0.001925 0.0296875)
(0.003334198 -0.001925 0.0316875)
(0.003334198 -0.001925 0.0336875)
(0.003334198 -0.001925 0.0356875)
(0.003334198 -0.001925 0.0376875)
(0.003334198 -0.001925 0.0396875)
(0.003334198 -0.001925 0.0416875)
(0.003334198 -0.001925 0.0436875)
(0.0025006485 -0.00144375 0.0136875)
(0.0025006485 -0.00144375 0.0156875)
(0.0025006485 -0.00144375 0.0176875)
(0.0025006485 -0.00144375 0.0196875)
(0.0025006485 -0.00144375 0.0216875)
(0.0025006485 -0.00144375 0.0236875)
(0.0025006485 -0.00144375 0.0256875)
(0.0025006485 -0.00144375 0.0276875)
(0.0025006485 -0.00144375 0.0296875)
(0.0025006485 -0.00144375 0.0316875)
(0.0025006485 -0.00144375 0.0336875)
(0.0025006485 -0.00144375 0.0356875)
(0.0025006485 -0.00144375 0.0376875)
(0.0025006485 -0.00144375 0.0396875)
(0.0025006485 -0.00144375 0.0416875)
(0.0025006485 -0.00144375 0.0436875)
(0.001667099 -0.0009625 0.0156875)
(0.001667099 -0.0009625 0.0176875)
(0.001667099 -0.0009625 0.0196875)
(0.001667099 -0.0009625 0.0216875)
(0.001667099 -0.0009625 0.0236875)
(0.001667099 -0.0009625 0.0256875)
(0.001667099 -0.0009625 0.0276875)
(0.001667099 -0.0009625 0.0296875)
(0.001667099 -0.0009625 0.0316875)
(0.001667099 -0.0009625 0.0336875)
(0.001667099 -0.0009625 0.0356875)
(0.001667099 -0.0009625 0.0376875)
(0.001667099 -0.0009625 0.0396875)
(0.001667099 -0.0009625 0.0416875)
(0.001667099 -0.0009625 0.0436875)
(0 -0.005775 0.0136875)
(0 -0.005775 0.0156875)
(0 -0.005775 0.0176875)
(0 -0.005775 0.0196875)
(0 -0.005775 0.0216875)
(0 -0.005775 0.0236875)
(0 -0.005775 0.0256875)
(0 -0.005775 0.0276875)
(0 -0.005775 0.0296875)
(0 -0.005775 0.0316875)
(0 -0.005775 0.0336875)
(0 -0.005775 0.0356875)
(0 -0.005775 0.0376875)
(0 -0.005775 0.0396875)
(0 -0.005775 0.0416875)
(0 -0.005775 0.0436875)
(0 -0.0048125 0.0136875)
(0 -0.0048125 0.0156875)
(0 -0.0048125 0.0176875)
(0 -0.0048125 0.0196875)
(0 -0.0048125 0.0216875)
(0 -0.0048125 0.0236875)
(0 -0.0048125 0.0256875)
(0 -0.0048125 0.0276875)
(0 -0.0048125 0.0296875)
(0 -0.0048125 0.0316875)
(0 -0.0048125 0.0336875)
(0 -0.0048125 0.0356875)
(0 -0.0048125 0.0376875)
(0 -0.0048125 0.0396875)
(0 -0.0048125 0.0416875)
(0 -0.0048125 0.0436875)
(0 -0.00385 0.0136875)
(0 -0.00385 0.0156875)
(0 -0.00385 0.0176875)
(0 -0.00385 0.0196875)
(0 -0.00385 0.0216875)
(0 -0.00385 0.0236875)
(0 -0.00385 0.0256875)
(0 -0.00385 0.0276875)
(0 -0.00385 0.0296875)
(0 -0.00385 0.0316875)
(0 -0.00385 0.0336875)
(0 -0.00385 0.0356875)
(0 -0.00385 0.0376875)
(0 -0.00385 0.0396875)
(0 -0.00385 0.0416875)
(0 -0.00385 0.0436875)
(0 -0.0028875 0.0136875)
(0 -0.0028875 0.0156875)
(0 -0.0028875 0.0176875)
(0 -0.0028875 0.0196875)
(0 -0.0028875 0.0216875)
(0 -0.0028875 0.0236875)
(0 -0.0028875 0.0256875)
(0 -0.0028875 0.0276875)
(0 -0.0028875 0.0296875)
(0 -0.0028875 0.0316875)
(0 -0.0028875 0.0336875)
(0 -0.0028875 0.0356875)
(0 -0.0028875 0.0376875)
(0 -0.0028875 0.0396875)
(0 -0.0028875 0.0416875)
(0 -0.0028875 0.0436875)
(0 -0.001925 0.0156875)
(0 -0.001925 0.0176875)
(0 -0.001925 0.0196875)
(0 -0.001925 0.0216875)
(0 -0.001925 0.0236875)
(0 -0.001925 0.0256875)
(0 -0.001925 0.0276875)
(0 -0.001925 0.0296875)
(0 -0.001925 0.0316875)
(0 -0.001925 0.0336875)
(0 -0.001925 0.0356875)
(0 -0.001925 0.0376875)
(0 -0.001925 0.0396875)
(0 -0.001925 0.0416875)
(0 -0.001925 0.0436875)
(-0.005001297 -0.0028875 0.0136875)
(-0.005001297 -0.0028875 0.0156875)
(-0.005001297 -0.0028875 0.0176875)
(-0.005001297 -0.0028875 0.0196875)
(-0.005001297 -0.0028875 0.0216875)
(-0.005001297 -0.0028875 0.0236875)
(-0.005001297 -0.0028875 0.0256875)
(-0.005001297 -0.0028875 0.0276875)
(-0.005001297 -0.0028875 0.0296875)
(-0.005001297 -0.0028875 0.0316875)
(-0.005001297 -0.0028875 0.0336875)
(-0.005001297 -0.0028875 0.0356875)
(-0.005001297 -0.0028875 0.0376875)
(-0.005001297 -0.0028875 0.0396875)
(-0.005001297 -0.0028875 0.0416875)
(-0.005001297 -0.0028875 0.0436875)
(-0.0041677475 -0.00240625 0.0136875)
(-0.0041677475 -0.00240625 0.0156875)
(-0.0041677475 -0.00240625 0.0176875)
(-0.0041677475 -0.00240625 0.0196875)
(-0.0041677475 -0.00240625 0.0216875)
(-0.0041677475 -0.00240625 0.0236875)
(-0.0041677475 -0.00240625 0.0256875)
(-0.0041677475 -0.00240625 0.0276875)
(-0.0041677475 -0.00240625 0.0296875)
(-0.0041677475 -0.00240625 0.0316875)
(-0.0041677475 -0.00240625 0.0336875)
(-0.0041677475 -0.00240625 0.0356875)
(-0.0041677475 -0.00240625 0.0376875)
(-0.0041677475 -0.00240625 0.0396875)
(-0.0041677475 -0.00240625 0.0416875)
(-0.0041677475 -0.00240625 0.0436875)
(-0.003334198 -0.001925 0.0136875)
(-0.003334198 -0.001925 0.0156875)
(-0.003334198 -0.001925 0.0176875)
(-0.003334198 -0.001925 0.0196875)
(-0.003334198 -0.001925 0.0216875)
(-0.003334198 -0.001925 0.0236875)
(-0.003334198 -0.001925 0.0256875)
(-0.003334198 -0.001925 0.0276875)
(-0.003334198 -0.001925 0.0296875)
(-0.003334198 -0.001925 0.0316875)
(-0.003334198 -0.001925 0.0336875)
(-0.003334198 -0.001925 0.0356875)
(-0.003334198 -0.001925 0.0376875)
(-0.003334198 -0.001925 0.0396875)
(-0.003334198 -0.001925 0.0416875)
(-0.003334198 -0.001925 0.0436875)
(-0.0025006485 -0.00144375 0.0136875)
(-0.0025006485 -0.00144375 0.0156875)
(-0.0025006485 -0.00144375 0.0176875)
(-0.0025006485 -0.00144375 0.0196875)
(-0.0025006485 -0.00144375 0.0216875)
(-0.0025006485 -0.00144375 0.0236875)
(-0.0025006485 -0.00144375 0.0256875)
(-0.0025006485 -0.00144375 0.0276875)
(-0.0025006485 -0.00144375 0.0296875)
(-0.0025006485 -0.00144375 0.0316875)
(-0.0025006485 -0.00144375 0.0336875)
(-0.0025006485 -0.00144375 0.0356875)
(-0.0025006485 -0.00144375 0.0376875)
(-0.0025006485 -0.00144375 0.0396875)
(-0.0025006485 -0.00144375 0.0416875)
(-0.0025006485 -0.00144375 0.0436875)
(-0.001667099 -0.0009625 0.0156875)
(-0.001667099 -0.0009625 0.0176875)
(-0.001667099 -0.0009625 0.0196875)
(-0.001667099 -0.0009625 0.0216875)
(-0.001667099 -0.0009625 0.0236875)
(-0.001667099 -0.0009625 0.0256875)
(-0.001667099 -0.0009625 0.0276875)
(-0.001667099 -0.0009625 0.0296875)
(-0.001667099 -0.0009625 0.0316875)
(-0.001667099 -0.0009625 0.0336875)
(-0.001667099 -0.0009625 0.0356875)
(-0.001667099 -0.0009625 0.0376875)
(-0.001667099 -0.0009625 0.0396875)
(-0.001667099 -0.0009625 0.0416875)
(-0.001667099 -0.0009625 0.0436875)
(-0.005001297 0.0028875 0.0136875)
(-0.005001297 0.0028875 0.0156875)
(-0.005001297 0.0028875 0.0176875)
(-0.005001297 0.0028875 0.0196875)
(-0.005001297 0.0028875 0.0216875)
(-0.005001297 0.0028875 0.0236875)
(-0.005001297 0.0028875 0.0256875)
(-0.005001297 0.0028875 0.0276875)
(-0.005001297 0.0028875 0.0296875)
(-0.005001297 0.0028875 0.0316875)
(-0.005001297 0.0028875 0.0336875)
(-0.005001297 0.0028875 0.0356875)
(-0.005001297 0.0028875 0.0376875)
(-0.005001297 0.0028875 0.0396875)
(-0.005001297 0.0028875 0.0416875)
(-0.005001297 0.0028875 0.0436875)
(-0.0041677475 0.00240625 0.0136875)
(-0.0041677475 0.00240625 0.0156875)
(-0.0041677475 0.00240625 0.0176875)
(-0.0041677475 0.00240625 0.0196875)
(-0.0041677475 0.00240625 0.0216875)
(-0.0041677475 0.00240625 0.0236875)
(-0.0041677475 0.00240625 0.0256875)
(-0.0041677475 0.00240625 0.0276875)
(-0.0041677475 0.00240625 0.0296875)
(-0.0041677475 0.00240625 0.0316875)
(-0.0041677475 0.00240625 0.0336875)
(-0.0041677475 0.00240625 0.0356875)
(-0.0041677475 0.00240625 0.0376875)
(-0.0041677475 0.00240625 0.0396875)
(-0.0041677475 0.00240625 0.0416875)
(-0.0041677475 0.00240625 0.0436875)
(-0.003334198 0.001925 0.0136875)
(-0.003334198 0.001925 0.0156875)
(-0.003334198 0.001925 0.0176875)
(-0.003334198 0.001925 0.0196875)
(-0.003334198 0.001925 0.0216875)
(-0.003334198 0.001925 0.0236875)
(-0.003334198 0.001925 0.0256875)
(-0.003334198 0.001925 0.0276875)
(-0.003334198 0.001925 0.0296875)
(-0.003334198 0.001925 0.0316875)
(-0.003334198 0.001925 0.0336875)
(-0.003334198 0.001925 0.0356875)
(-0.003334198 0.001925 0.0376875)
(-0.003334198 0.001925 0.0396875)
(-0.003334198 0.001925 0.0416875)
(-0.003334198 0.001925 0.0436875)
(-0.0025006485 0.00144375 0.0136875)
(-0.0025006485 0.00144375 0.0156875)
(-0.0025006485 0.00144375 0.0176875)
(-0.0025006485 0.00144375 0.0196875)
(-0.0025006485 0.00144375 0.0216875)
(-0.0025006485 0.00144375 0.0236875)
(-0.0025006485 0.00144375 0.0256875)
(-0.0025006485 0.00144375 0.0276875)
(-0.0025006485 0.00144375 0.0296875)
(-0.0025006485 0.00144375 0.0316875)
(-0.0025006485 0.00144375 0.0336875)
(-0.0025006485 0.00144375 0.0356875)
(-0.0025006485 0.00144375 0.0376875)
(-0.0025006485 0.00144375 0.0396875)
(-0.0025006485 0.00144375 0.0416875)
(-0.0025006485 0.00144375 0.0436875)
(-0.001667099 0.0009625 0.0156875)
(-0.001667099 0.0009625 0.0176875)
(-0.001667099 0.0009625 0.0196875)
(-0.001667099 0.0009625 0.0216875)
(-0.001667099 0.0009625 0.0236875)
(-0.001667099 0.0009625 0.0256875)
(-0.001667099 0.0009625 0.0276875)
(-0.001667099 0.0009625 0.0296875)
(-0.001667099 0.0009625 0.0316875)
(-0.001667099 0.0009625 0.0336875)
(-0.001667099 0.0009625 0.0356875)
(-0.001667099 0.0009625 0.0376875)
(-0.001667099 0.0009625 0.0396875)
(-0.001667099 0.0009625 0.0416875)
(-0.001667099 0.0009625 0.0436875)
(0 0.00128333333333333 0.0156875)
(0.00111139933333333 0.000641666666666667 0.0156875)
(0 0.00128333333333333 0.0176875)
(0.00111139933333333 0.000641666666666667 0.0176875)
(0 0.00128333333333333 0.0196875)
(0.00111139933333333 0.000641666666666667 0.0196875)
(0 0.00128333333333333 0.0216875)
(0.00111139933333333 0.000641666666666667 0.0216875)
(0 0.00128333333333333 0.0236875)
(0.00111139933333333 0.000641666666666667 0.0236875)
(0 0.00128333333333333 0.0256875)
(0.00111139933333333 0.000641666666666667 0.0256875)
(0 0.00128333333333333 0.0276875)
(0.00111139933333333 0.000641666666666667 0.0276875)
(0 0.00128333333333333 0.0296875)
(0.00111139933333333 0.000641666666666667 0.0296875)
(0 0.00128333333333333 0.0316875)
(0.00111139933333333 0.000641666666666667 0.0316875)
(0 0.00128333333333333 0.0336875)
(0.00111139933333333 0.000641666666666667 0.0336875)
(0 0.00128333333333333 0.0356875)
(0.00111139933333333 0.000641666666666667 0.0356875)
(0 0.00128333333333333 0.0376875)
(0.00111139933333333 0.000641666666666667 0.0376875)
(0 0.00128333333333333 0.0396875)
(0.00111139933333333 0.000641666666666667 0.0396875)
(0 0.00128333333333333 0.0416875)
(0.00111139933333333 0.000641666666666667 0.0416875)
(0 0.00128333333333333 0.0436875)
(0.00111139933333333 0.000641666666666667 0.0436875)
(0 0.000641666666666667 0.0156875)
(0.000555699666666667 0.000320833333333333 0.0156875)
(0 0.000641666666666667 0.0176875)
(0.000555699666666667 0.000320833333333333 0.0176875)
(0 0.000641666666666667 0.0196875)
(0.000555699666666667 0.000320833333333333 0.0196875)
(0 0.000641666666666667 0.0216875)
(0.000555699666666667 0.000320833333333333 0.0216875)
(0 0.000641666666666667 0.0236875)
(0.000555699666666667 0.000320833333333333 0.0236875)
(0 0.000641666666666667 0.0256875)
(0.000555699666666667 0.000320833333333333 0.0256875)
(0 0.000641666666666667 0.0276875)
(0.000555699666666667 0.000320833333333333 0.0276875)
(0 0.000641666666666667 0.0296875)
(0.000555699666666667 0.000320833333333333 0.0296875)
(0 0.000641666666666667 0.0316875)
(0.000555699666666667 0.000320833333333333 0.0316875)
(0 0.000641666666666667 0.0336875)
(0.000555699666666667 0.000320833333333333 0.0336875)
(0 0.000641666666666667 0.0356875)
(0.000555699666666667 0.000320833333333333 0.0356875)
(0 0.000641666666666667 0.0376875)
(0.000555699666666667 0.000320833333333333 0.0376875)
(0 0.000641666666666667 0.0396875)
(0.000555699666666667 0.000320833333333333 0.0396875)
(0 0.000641666666666667 0.0416875)
(0.000555699666666667 0.000320833333333333 0.0416875)
(0 0.000641666666666667 0.0436875)
(0.000555699666666667 0.000320833333333333 0.0436875)
(0 0 0.0156875)
(0 0 0.0176875)
(0 0 0.0196875)
(0 0 0.0216875)
(0 0 0.0236875)
(0 0 0.0256875)
(0 0 0.0276875)
(0 0 0.0296875)
(0 0 0.0316875)
(0 0 0.0336875)
(0 0 0.0356875)
(0 0 0.0376875)
(0 0 0.0396875)
(0 0 0.0416875)
(0 0 0.0436875)
(0.00111139933333333 -0.000641666666666667 0.0156875)
(0.00111139933333333 -0.000641666666666667 0.0176875)
(0.00111139933333333 -0.000641666666666667 0.0196875)
(0.00111139933333333 -0.000641666666666667 0.0216875)
(0.00111139933333333 -0.000641666666666667 0.0236875)
(0.00111139933333333 -0.000641666666666667 0.0256875)
(0.00111139933333333 -0.000641666666666667 0.0276875)
(0.00111139933333333 -0.000641666666666667 0.0296875)
(0.00111139933333333 -0.000641666666666667 0.0316875)
(0.00111139933333333 -0.000641666666666667 0.0336875)
(0.00111139933333333 -0.000641666666666667 0.0356875)
(0.00111139933333333 -0.000641666666666667 0.0376875)
(0.00111139933333333 -0.000641666666666667 0.0396875)
(0.00111139933333333 -0.000641666666666667 0.0416875)
(0.00111139933333333 -0.000641666666666667 0.0436875)
(0.000555699666666667 -0.000320833333333333 0.0156875)
(0.000555699666666667 -0.000320833333333333 0.0176875)
(0.000555699666666667 -0.000320833333333333 0.0196875)
(0.000555699666666667 -0.000320833333333333 0.0216875)
(0.000555699666666667 -0.000320833333333333 0.0236875)
(0.000555699666666667 -0.000320833333333333 0.0256875)
(0.000555699666666667 -0.000320833333333333 0.0276875)
(0.000555699666666667 -0.000320833333333333 0.0296875)
(0.000555699666666667 -0.000320833333333333 0.0316875)
(0.000555699666666667 -0.000320833333333333 0.0336875)
(0.000555699666666667 -0.000320833333333333 0.0356875)
(0.000555699666666667 -0.000320833333333333 0.0376875)
(0.000555699666666667 -0.000320833333333333 0.0396875)
(0.000555699666666667 -0.000320833333333333 0.0416875)
(0.000555699666666667 -0.000320833333333333 0.0436875)
(0 -0.00128333333333333 0.0156875)
(0 -0.00128333333333333 0.0176875)
(0 -0.00128333333333333 0.0196875)
(0 -0.00128333333333333 0.0216875)
(0 -0.00128333333333333 0.0236875)
(0 -0.00128333333333333 0.0256875)
(0 -0.00128333333333333 0.0276875)
(0 -0.00128333333333333 0.0296875)
(0 -0.00128333333333333 0.0316875)
(0 -0.00128333333333333 0.0336875)
(0 -0.00128333333333333 0.0356875)
(0 -0.00128333333333333 0.0376875)
(0 -0.00128333333333333 0.0396875)
(0 -0.00128333333333333 0.0416875)
(0 -0.00128333333333333 0.0436875)
(0 -0.000641666666666667 0.0156875)
(0 -0.000641666666666667 0.0176875)
(0 -0.000641666666666667 0.0196875)
(0 -0.000641666666666667 0.0216875)
(0 -0.000641666666666667 0.0236875)
(0 -0.000641666666666667 0.0256875)
(0 -0.000641666666666667 0.0276875)
(0 -0.000641666666666667 0.0296875)
(0 -0.000641666666666667 0.0316875)
(0 -0.000641666666666667 0.0336875)
(0 -0.000641666666666667 0.0356875)
(0 -0.000641666666666667 0.0376875)
(0 -0.000641666666666667 0.0396875)
(0 -0.000641666666666667 0.0416875)
(0 -0.000641666666666667 0.0436875)
(-0.00111139933333333 -0.000641666666666667 0.0156875)
(-0.00111139933333333 -0.000641666666666667 0.0176875)
(-0.00111139933333333 -0.000641666666666667 0.0196875)
(-0.00111139933333333 -0.000641666666666667 0.0216875)
(-0.00111139933333333 -0.000641666666666667 0.0236875)
(-0.00111139933333333 -0.000641666666666667 0.0256875)
(-0.00111139933333333 -0.000641666666666667 0.0276875)
(-0.00111139933333333 -0.000641666666666667 0.0296875)
(-0.00111139933333333 -0.000641666666666667 0.0316875)
(-0.00111139933333333 -0.000641666666666667 0.0336875)
(-0.00111139933333333 -0.000641666666666667 0.0356875)
(-0.00111139933333333 -0.000641666666666667 0.0376875)
(-0.00111139933333333 -0.000641666666666667 0.0396875)
(-0.00111139933333333 -0.000641666666666667 0.0416875)
(-0.00111139933333333 -0.000641666666666667 0.0436875)
(-0.000555699666666667 -0.000320833333333333 0.0156875)
(-0.000555699666666667 -0.000320833333333333 0.0176875)
(-0.000555699666666667 -0.000320833333333333 0.0196875)
(-0.000555699666666667 -0.000320833333333333 0.0216875)
(-0.000555699666666667 -0.000320833333333333 0.0236875)
(-0.000555699666666667 -0.000320833333333333 0.0256875)
(-0.000555699666666667 -0.000320833333333333 0.0276875)
(-0.000555699666666667 -0.000320833333333333 0.0296875)
(-0.000555699666666667 -0.000320833333333333 0.0316875)
(-0.000555699666666667 -0.000320833333333333 0.0336875)
(-0.000555699666666667 -0.000320833333333333 0.0356875)
(-0.000555699666666667 -0.000320833333333333 0.0376875)
(-0.000555699666666667 -0.000320833333333333 0.0396875)
(-0.000555699666666667 -0.000320833333333333 0.0416875)
(-0.000555699666666667 -0.000320833333333333 0.0436875)
(-0.00111139933333333 0.000641666666666667 0.0156875)
(-0.00111139933333333 0.000641666666666667 0.0176875)
(-0.00111139933333333 0.000641666666666667 0.0196875)
(-0.00111139933333333 0.000641666666666667 0.0216875)
(-0.00111139933333333 0.000641666666666667 0.0236875)
(-0.00111139933333333 0.000641666666666667 0.0256875)
(-0.00111139933333333 0.000641666666666667 0.0276875)
(-0.00111139933333333 0.000641666666666667 0.0296875)
(-0.00111139933333333 0.000641666666666667 0.0316875)
(-0.00111139933333333 0.000641666666666667 0.0336875)
(-0.00111139933333333 0.000641666666666667 0.0356875)
(-0.00111139933333333 0.000641666666666667 0.0376875)
(-0.00111139933333333 0.000641666666666667 0.0396875)
(-0.00111139933333333 0.000641666666666667 0.0416875)
(-0.00111139933333333 0.000641666666666667 0.0436875)
(-0.000555699666666667 0.000320833333333333 0.0156875)
(-0.000555699666666667 0.000320833333333333 0.0176875)
(-0.000555699666666667 0.000320833333333333 0.0196875)
(-0.000555699666666667 0.000320833333333333 0.0216875)
(-0.000555699666666667 0.000320833333333333 0.0236875)
(-0.000555699666666667 0.000320833333333333 0.0256875)
(-0.000555699666666667 0.000320833333333333 0.0276875)
(-0.000555699666666667 0.000320833333333333 0.0296875)
(-0.000555699666666667 0.000320833333333333 0.0316875)
(-0.000555699666666667 0.000320833333333333 0.0336875)
(-0.000555699666666667 0.000320833333333333 0.0356875)
(-0.000555699666666667 0.000320833333333333 0.0376875)
(-0.000555699666666667 0.000320833333333333 0.0396875)
(-0.000555699666666667 0.000320833333333333 0.0416875)
(-0.000555699666666667 0.000320833333333333 0.0436875)
)


// ************************************************************************* //
