/*--------------------------------*- C++ -*----------------------------------*\
  =========                 |
  \\      /  F ield         | OpenFOAM: The Open Source CFD Toolbox
   \\    /   O peration     | Website:  https://openfoam.org
    \\  /    A nd           | Version:  11
     \\/     M anipulation  |
\*---------------------------------------------------------------------------*/
FoamFile
{
    format      ascii;
    class       surfaceScalarField;
    location    "0.0001100002";
    object      phi;
}
// * * * * * * * * * * * * * * * * * * * * * * * * * * * * * * * * * * * * * //

dimensions      [1 0 -1 0 0 0 0];

internalField   nonuniform List<scalar> 
2478
(
0.000840785406599762
-0.00017869270324507
8.35591969423378e-11
6.35082327980936e-11
-0.00106387924669281
0.00064450426445373
-0.000157771758937564
8.84693301147869e-11
7.90033638010425e-11
-0.000136938929425729
1.21164484939403e-10
5.66382273926077e-11
0.000474353925586983
0.00050447422605331
-4.46764653202225e-05
6.95341108368323e-11
5.34257927611512e-11
-0.000638337435498259
0.000386701384255321
-3.94455439876809e-05
4.44744421954253e-11
3.90377385907532e-11
-3.4236111917833e-05
6.03726220762841e-11
-5.89273231989609e-13
0.000284609768806748
0.000168164666022514
4.60705277638244e-11
2.74389402800564e-11
-0.000212790566049983
0.000128903408426967
3.94849755105606e-11
3.58402366487133e-11
6.45626431277583e-11
4.94616169853176e-12
9.48708908225336e-05
0.000840785694637615
-0.000178693128364984
-8.19174484105109e-11
-0.00106387959851521
0.000644504447345282
-0.000157772186838998
-9.02492739828648e-11
-0.000136939388873528
-1.02241507117127e-10
0.000474354046016938
0.000504474375697277
-4.46766085553881e-05
-6.81498197175993e-11
-0.000638337659825248
0.000386701400241684
-3.94456994105718e-05
-4.63904898653431e-11
-3.42363012998209e-05
-4.15538485240043e-11
0.000284609695213683
0.000168164691873033
-4.4531028549951e-11
-0.000212790570236543
0.000128903437434085
-4.1475664049051e-11
-4.61369441999773e-11
9.48709077884752e-05
0.000840785402931463
-0.000178692705225281
6.36643243006642e-11
-0.00106387924204803
0.000644504261901681
-0.000157771753570189
7.93753181130112e-11
-0.000136938965072176
5.70592112512751e-11
0.000474353923589563
0.000504474223981077
-4.46764665897529e-05
5.36049867146636e-11
-0.000638337432768702
0.000386701383010907
-3.94455415628578e-05
3.93326508515979e-11
-3.42361297617406e-05
-2.95631493460805e-13
0.000284609768130117
0.000168164665559081
2.76260007166414e-11
-0.000212790565515956
0.000128903408055438
3.61653302249042e-11
5.34706331403907e-12
9.4870890619065e-05
0.000840785733933534
-0.00017869309817821
-8.0556320240701e-11
-0.00106387964925042
0.000644504473666739
-0.000157772171470251
-8.18151904731501e-11
-0.000136939305952028
-1.16301554839568e-10
0.000474354063379512
0.000504474399176377
-4.46765906306073e-05
-6.65546444995543e-11
-0.000638337689282368
0.000386701418294227
-3.94456908539443e-05
-3.94707853098968e-11
-3.42362564724372e-05
-5.69601567789683e-11
0.000284609707590879
0.000168164697057092
-4.2799263373812e-11
-0.000212790577365691
0.000128903440434561
-3.38786129141719e-11
-5.95822467698483e-11
9.48709098832912e-05
0.000840785461015888
-0.000178692692880793
7.87558277056885e-11
-0.00106387931527904
0.000644504301809801
-0.00015777177968647
8.32266534335491e-11
-0.000136938875768469
9.6946235761397e-11
0.000474353951180258
0.000504474256286432
-4.46764561898336e-05
6.49886669002245e-11
-0.00063833747551338
0.000386701402305155
-3.94455515172047e-05
4.10952217351143e-11
-3.42360834643504e-05
3.78366293645686e-11
0.000284609777718599
0.000168164672847942
4.10720648030133e-11
-0.000212790573960265
0.000128903413830572
3.55450945912182e-11
4.07584208354447e-11
9.48708938953458e-05
0.000840785736552904
-0.00017869309503557
-0.00106387965265612
0.000644504475381432
-0.000157772174713555
-0.000136939267838743
0.000474354064638101
0.000504474400722447
-4.46765888663057e-05
-0.000638337691246494
0.000386701419412674
-3.94456923523005e-05
-3.42362373751124e-05
0.000284609708460737
0.0001681646974162
-0.000212790577851933
0.00012890344064905
9.48709099972658e-05
0.000475576670614182
-2.70311691892913e-08
-3.91369116476727e-11
8.04339498109395e-11
0.000476810732578507
-7.08045403677218e-09
6.02182507580384e-10
6.10322853562308e-10
-2.6299480896004e-09
2.83546179699785e-11
-2.14625651452638e-10
0.00047799273191468
0.000285341522975013
-8.19799100229991e-09
-2.51090663018483e-12
1.11118187188456e-10
0.000286083715056306
-2.55842764080314e-09
7.08769758704132e-10
7.21515283337668e-10
-5.06716081420666e-10
1.92487250260092e-10
-7.76745302192433e-12
0.000286793882170916
9.51137422895535e-05
-4.74185232095595e-11
8.61297498166297e-11
9.53603032929838e-05
7.97871043864938e-11
1.98451580743584e-10
1.14986813365241e-10
-7.45791567608248e-11
9.55971872107689e-05
0.000475576957760815
-2.71717635273293e-08
-7.59843305896818e-12
0.000476811183727769
-1.07975804583245e-08
-6.23735559783598e-10
-2.74858677354675e-09
7.57120379303415e-11
0.00047799283575468
0.00028534151177466
-8.24515404465164e-09
-4.4000605838989e-11
0.000286083346934406
-3.16070428982079e-09
-7.31355042824476e-10
-5.88665463596705e-10
-9.07065247023574e-11
0.000286793808328695
9.511371025338e-05
1.78908607763664e-12
9.53601899846491e-05
-1.09007312616531e-10
-1.44544450735896e-11
9.55971819633807e-05
0.000475576666131455
-2.69362557445661e-08
8.14413288869296e-11
0.000476810729977307
-7.01979000221255e-09
6.13612063612469e-10
-2.82976081022318e-09
-2.12367865209517e-10
0.000477992730350165
0.000285341522070951
-8.15176750521051e-09
1.12209464268008e-10
0.000286083716796321
-2.52687677330726e-09
7.25214293619773e-10
-6.05885140073526e-10
-6.36966710930095e-12
0.000286793883193138
9.51137424631044e-05
8.61149828746202e-11
9.5360303720435e-05
2.0089301874587e-10
-7.32841091413347e-11
9.55971874604968e-05
0.000475576973110292
-2.7315902900618e-08
5.62479482478853e-11
0.000476811196970956
-1.08080690537768e-08
-5.59318197226183e-10
-2.56079137940252e-09
-4.7077764321439e-12
0.000477992838589434
0.000285341528110646
-8.33105456198241e-09
1.98773356715337e-11
0.000286083367661217
-3.23038742831199e-09
-6.59953250576641e-10
-4.92783249915387e-10
-1.77868686196837e-10
0.000286793815580797
9.51137172029165e-05
4.67343026799329e-11
9.53601912915972e-05
-4.93398883490322e-11
-9.9275933014651e-11
9.55971791267324e-05
0.00047557672397292
-2.72407249729328e-08
-1.0584715504254e-11
0.000476810765836448
-7.36442594558538e-09
5.77531912375993e-10
-2.49876984381725e-09
-1.00651545637594e-10
0.00047799275208735
0.000285341536282777
-8.29098902656615e-09
2.54809475928007e-11
0.000286083694790258
-2.71275989247987e-09
6.78780383625826e-10
-4.5114693518521e-10
7.5350334424653e-11
0.000286793872008909
9.51137414965084e-05
-1.1417646342271e-12
9.53602984725373e-05
7.6011214575171e-11
-2.38020112517182e-12
9.55971842326553e-05
0.000475576974695351
-2.74061435956343e-08
0.000476811198396605
-1.08474885433677e-08
-2.35618293745101e-09
0.00047799283901351
0.000285341529330248
-8.37660226967775e-09
0.000286083369322089
-3.25506227408321e-09
-3.90456435413189e-10
0.000286793816195191
9.51137175657583e-05
9.53601913421195e-05
9.5597178891294e-05
4.13642330185035e-05
-1.73913026991698e-10
6.38504590888024e-10
0.000530896483080386
1.03413686305504e-05
-5.5473369414737e-10
2.63791864166165e-10
0.00031853704847276
-3.55313429286491e-10
4.71227783085514e-10
0.000106178552732899
4.13649508364162e-05
9.93371341130936e-12
0.00053089674910513
1.03416473130237e-05
3.89537477469594e-10
0.000318537012308581
1.89808270825969e-10
0.000106178500918896
4.13645646617524e-05
6.40562330066728e-10
0.000530896482658434
1.03415358468827e-05
2.65897663967191e-10
0.000318537047994757
4.72989851495534e-10
0.000106178552556057
4.13636201044026e-05
1.53478914635945e-10
0.000530896741568231
1.03409697357066e-05
5.47269479679504e-10
0.000318537003766176
3.53366918137612e-10
0.000106178495478817
4.13629340150245e-05
7.74111840167596e-12
0.000530896488555009
1.03407052123018e-05
-3.8469900691656e-10
0.000318537057635574
-1.89936949686071e-10
0.000106178553804538
4.13632938961987e-05
0.000530896740951646
1.03408050736564e-05
0.000318537003278922
0.000106178494852906
3.46922445913807e-05
-8.08037513473376e-10
-6.91272057824766e-10
0.000575488125289213
8.67310932190407e-06
-5.84739135638199e-10
-5.20984409693032e-10
0.000345292177899835
-2.30957091830204e-10
-2.0247508124337e-10
0.000115097046806958
3.46957920332506e-05
8.6539117012804e-10
0.000575488445358835
8.6741451904073e-06
6.42405764759817e-10
0.000345292398347888
2.86774652527404e-10
0.000115097092173868
3.46921258845538e-05
-6.95584332212167e-10
0.000575488124479803
8.67305244216921e-06
-5.24371689515982e-10
0.000345292176517955
-2.03983942096472e-10
0.00011509704648346
3.46954233412917e-05
5.71661323747058e-10
0.0005754884582751
8.67402081052536e-06
4.36294766102945e-10
0.000345292398420671
1.77307022579745e-10
0.000115097092172684
3.46924465917443e-05
-6.23739468982951e-10
0.000575488130566629
8.67312944901054e-06
-4.89840756444284e-10
0.000345292189869003
-2.31844336860253e-10
0.000115097049586321
3.4695528789042e-05
0.000575488460340807
8.67407453397618e-06
0.000345292398404151
0.000115097092086758
2.39475439904535e-05
1.68863946816474e-09
8.08166877603461e-10
0.000606597582474011
5.98708684155797e-06
9.44329632340205e-10
9.91521848891889e-11
0.00036395926997903
7.26790981185003e-10
-8.36507150982387e-11
0.000121319397020121
2.3941866295011e-05
-1.66157353311382e-09
0.000606597796180931
5.98509491170357e-06
-9.18888404439783e-10
0.000363958773527255
-7.03140400830186e-10
0.000121319506450571
2.39474964049965e-05
8.11639895158429e-10
0.000606597580455268
5.98706330953399e-06
1.02514052693729e-10
0.000363959268391102
-8.31205097698122e-11
0.000121319396970947
2.39434958608267e-05
-1.63936181871247e-09
0.000606597771470304
5.98587917524825e-06
-9.15410632061978e-10
0.0003639587606733
-7.21809457907355e-10
0.00012131950066015
2.39490921892882e-05
1.60693855888894e-09
0.000606597595787587
5.98786478017227e-06
8.85298236412077e-10
0.000363959282881391
6.98749443722724e-10
0.000121319397279932
2.39435512833996e-05
0.000606597766500674
5.9859023730288e-06
0.000363958757743522
0.000121319499741446
3.0263374717175e-06
-2.63731036412741e-09
-1.27368107478033e-09
0.000611437069377091
7.5680839964153e-07
-1.70340836612914e-09
-3.60711006094742e-10
0.000366860861235829
-1.10452014835715e-09
2.93806565339859e-10
0.000122287007172897
3.0360565020707e-06
2.55162053411275e-09
0.000611436898647282
7.59841144440799e-07
1.61737083296566e-09
0.00036686161247955
1.01340967621722e-09
0.000122287212994999
3.02650305059103e-06
-1.28236965935436e-09
0.000611437068659984
7.56894787415363e-07
-3.66085819536281e-10
0.000366860859668835
2.89287567100012e-10
0.000122287007412977
3.03346464384212e-06
2.60098173652124e-09
0.000611436923590291
7.58508497436874e-07
1.67997342599702e-09
0.000366861611184052
1.07501933261289e-09
0.0001222872066865
3.02390035471472e-06
-2.50420448429361e-09
0.000611437064633045
7.5556029498615e-07
-1.58654237490674e-09
0.000366860874029849
-9.82174258265002e-10
0.000122287003913623
3.03327402488714e-06
0.000611436927402441
7.58411774675293e-07
0.000366861611969351
0.000122287206107644
7.92515684139248e-05
4.80614202895326e-09
3.96522423213143e-09
0.000711407321534029
1.98127684119415e-05
2.61308077037286e-09
1.85548258062416e-09
0.000426847842062916
1.57159062684226e-09
6.57324044316381e-10
0.000142281774478434
7.92329355882228e-05
-4.70615148695681e-09
0.000711408238669007
1.98070324083586e-05
-2.51687305431693e-09
0.000426845403505883
-1.46845925214556e-09
0.00014228151874646
7.92513771565652e-05
3.96571424885004e-09
0.00071140732155634
1.98126717773368e-05
1.85552439439882e-09
0.000426847841654332
6.64308302486018e-10
0.000142281774499342
7.92345175056501e-05
-4.67937006189741e-09
0.000711408241360589
1.98079006867398e-05
-2.55512205577652e-09
0.000426845396108797
-1.48629644036074e-09
0.000142281491477915
7.92527380807563e-05
4.57788265379334e-09
0.000711407319748812
1.98134095234207e-05
2.45792888315831e-09
0.000426847844250525
1.38007654485123e-09
0.000142281777139106
7.92347182639473e-05
0.000711408234843713
1.98080113778157e-05
0.000426845388702089
0.000142281487762917
0.00114292964029445
-8.74186930997908e-09
-5.43109695319002e-09
0.00214144141580463
0.000285731210360725
-4.65837614684918e-09
-1.36286080587144e-09
0.00128485893663517
-3.29773116360945e-09
2.67760933000613e-10
0.000428284678196987
0.00114296080025992
8.48954561554274e-09
0.00214143959224553
0.000285741962357086
4.40409562806185e-09
0.00128486177322837
3.02488056407339e-09
0.000428285742511148
0.00114293010704535
-5.44537312203303e-09
0.00214144140102215
0.00028573146728418
-1.37314124529437e-09
0.00128485890751923
2.53973559414047e-10
0.000428284677489458
0.00114295446793739
8.74022994099997e-09
0.00214143969425962
0.000285738593162822
4.65598574094211e-09
0.00128486178751933
3.20325805192988e-09
0.000428285732478156
0.00114292382863297
-8.47487592988338e-09
0.0021414415360791
0.000285728123357676
-4.39118593868531e-09
0.00128485920015209
-2.91911975852394e-09
0.000428284679399749
0.00114295390740997
0.00214143969043432
0.000285738299861216
0.00128486178422715
0.000428285731809438
0.000754311127882737
2.13898141863608e-09
7.77313324590214e-09
0.00308558413291992
0.000188586835916953
6.2698922692183e-10
6.5774732805517e-09
0.00185136526377156
-1.51214310495883e-09
4.37875086114082e-09
0.00061713157885865
0.000754314641282996
-2.60915148850554e-09
0.00308560067329157
0.000188587032020912
-1.09508287713441e-09
0.00185138000980622
1.0344972215014e-09
0.000617133157116177
0.000754312030711623
7.75593616642121e-09
0.00308558413200525
0.000188587294236589
6.54020539526783e-09
0.00185136525279321
4.3573816614368e-09
0.000617131580610178
0.000754303308594412
-2.13695077551281e-09
0.00308560062284925
0.000188581454263088
-9.45506850656523e-10
0.00185138009736772
1.31748338909506e-09
0.00061713316366809
0.000754301133588467
2.62388469838334e-09
0.00308558416195186
0.000188581808916333
1.45099164248434e-09
0.00185136535256073
-8.19507141726177e-10
0.000617131556255502
0.000754302251223523
0.00308560062056453
0.00018858093643748
0.00185138010658265
0.000617133165291638
-0.00176259152671508
-9.29102457822165e-09
-4.12391412175656e-09
0.000882201435267588
-0.00044065394568424
-7.8158334352609e-09
-2.74198184492015e-09
0.000529321134274253
-3.20022901440561e-09
1.81057869033923e-09
0.000176440646021445
-0.00176257455791238
8.8883259901501e-09
0.000882200228450123
-0.000440647822171424
7.40820685986342e-09
0.000529321422097961
2.78807726976056e-09
0.000176440958578556
-0.00176259072878732
-4.14799045746249e-09
0.000882201436499718
-0.000440653545381554
-2.75823016130609e-09
0.00052932113285467
1.79912034283056e-09
0.000176440647998319
-0.00176258445851862
8.70667645689856e-09
0.000882200228198317
-0.000440652603369838
7.44340663833953e-09
0.000529321453751793
3.011840373835e-09
0.000176440962952584
-0.00176259968416077
-8.27930156090074e-09
0.00088220142682468
-0.000440658148283538
-7.01905343651046e-09
0.000529321146213834
-2.589143732691e-09
0.000176440626199558
-0.00176258534491093
0.000882200230294328
-0.000440653039055187
0.000529321457967509
0.000176440963651959
-1.20643547145416e-07
6.43764189092039e-11
3.50300794773294e-11
-3.59963862441373e-08
8.78740432199224e-11
6.74174991549016e-11
3.66955679167655e-12
-3.38342412897416e-11
-1.20831676257531e-07
-6.1719350333625e-11
-3.59748676650095e-08
-8.59398928431711e-11
-3.9844245524473e-13
-1.20649345133482e-07
3.50718194720365e-11
-3.59997758229025e-08
6.76354520350378e-11
-3.38829933619993e-11
-1.20770329508453e-07
-6.29402473065546e-11
-3.5939931541842e-08
-8.42593729706055e-11
-3.87405092814458e-12
-1.2058624633657e-07
6.02372402717759e-11
-3.59604572634808e-08
8.2103416459197e-11
6.5076335162631e-13
-1.20764443078112e-07
-3.59367001032877e-08
-6.13661726122209e-05
7.63604009557341e-05
3.42774732302613e-06
3.42763831284937e-06
2.70698510681159e-05
-7.63114526408078e-05
6.44221394255093e-06
6.44279618590104e-06
0.000121801865175143
-9.45474304190979e-06
-2.37617718634655e-06
-2.375749489756e-06
0.00014415037059749
0.000121817728929598
-2.14225954404586e-05
-2.14228237161798e-05
0.000242541538979878
9.7535517755499e-05
-1.8231797128866e-05
-1.82320945212683e-05
0.000337308199993019
0.000533722122247293
-3.43600770596493e-06
-3.43572838526528e-06
0.000305897712473729
0.000256949331844157
9.62822442405624e-06
9.62849035925035e-06
0.000475265111688499
-2.48246342167587e-05
-3.30344666941572e-07
-3.30665284391371e-07
0.000543574809712384
9.89477161650503e-05
-9.91636471435182e-06
-9.91656782187974e-06
0.000546899524276903
0.000140626998483379
-2.08859386891063e-05
-2.08859096541354e-05
0.000503312669702735
9.31348195810974e-05
-1.49560845500629e-05
-1.49560093023434e-05
0.000437053057381468
2.97292519866343e-05
2.07823530873322e-05
2.07821724403614e-05
0.000400990954196463
2.27875551480877e-05
2.22421993640184e-05
2.22416304009939e-05
0.000416022223861743
4.2006713707446e-05
1.54732303588385e-05
1.54723668405359e-05
-5.52184828974116e-05
1.00869030705287e-05
1.0086878459174e-05
0.00013182778875127
2.18712647891873e-05
-2.77913332422154e-05
-2.779145496458e-05
0.000320296383744467
-0.000296787782705748
1.53934002359475e-05
1.53938154265943e-05
0.000330587652570643
-1.67248461642752e-05
-4.34355291473816e-07
-4.3420579836422e-07
0.000338919547497405
0.000157171165052999
-1.83749662684277e-05
-1.83752990767091e-05
0.000367291933987382
9.75623957655429e-05
-1.13237443876499e-05
-1.13238007213601e-05
0.000409960724900666
5.3067745095787e-05
2.72579844106269e-07
2.72333519404856e-07
0.000535351955092178
6.33047964930744e-05
6.0464323846428e-06
6.04587017288659e-06
0.000550068784490039
-2.9962487666616e-05
3.22347099134917e-06
3.22328415540754e-06
0.000609665936806793
4.60623839181975e-05
1.67332442202624e-06
1.67332714420219e-06
0.000625563336131256
7.60450218741127e-05
6.78516926423483e-07
6.78586440857351e-07
0.00060842408528919
3.84308300440118e-05
-2.19094672185949e-06
-2.19095627268761e-06
0.000568903621117511
-3.71066304911396e-06
-4.85560665833471e-06
-4.85582680540231e-06
0.000546995798442895
-4.52177517175844e-06
-4.00086359946764e-06
-4.00121292844086e-06
0.000521678170726933
1.12010781689738e-05
2.26914846136413e-06
2.26872177781911e-06
6.67222181859058e-05
4.4016355360048e-06
4.40141947078817e-06
0.000313865924374816
-0.000355995757307515
4.62622830912158e-05
4.6262538885191e-05
0.000475328984120633
-0.000459407863537766
-8.47766878373548e-07
-8.45951873655455e-07
0.000495416421712382
-2.98871782978889e-05
-5.61218466299326e-06
-5.61089914952762e-06
0.000461762323354372
0.000213107354270543
-1.24023514692286e-05
-1.24039677405122e-05
0.000451069547195042
0.000128234818979322
-8.24712712490443e-06
-8.24776726775814e-06
0.00046474726981628
-6.59754291326817e-06
5.31792916931922e-06
5.31721084855695e-06
0.000529928152713858
-5.7794964538684e-05
-1.34201652809366e-06
-1.34256586832538e-06
0.000554750874306231
-4.21494275018155e-05
-6.02870569703145e-06
-6.02883508126257e-06
0.000577362212990121
2.64667526152867e-05
1.83854845584914e-06
1.83736596581543e-06
0.00058749355997957
3.95936451760382e-05
7.52885310061215e-06
7.52871773696158e-06
0.000590028372538813
1.24272595438227e-05
1.5364183942387e-06
1.53519014804311e-06
0.00057893486782546
-3.48895447281378e-06
-5.23512024968472e-06
-5.2346383467212e-06
0.000570582972025717
-1.19580899931063e-06
-1.65131275131291e-06
-1.65126235614725e-06
0.000557394317557223
-1.94264896179404e-05
3.51326916441422e-06
3.51321940916308e-06
3.30121732302278e-05
1.31743697847153e-06
1.31736072782607e-06
0.000364330107189075
5.75835817460648e-05
5.75847502423852e-05
-0.000738607568980246
0.000285315634192539
-7.08672315662636e-06
-7.08603805115974e-06
-0.000367189745186166
0.000390104650307674
-1.05225499702968e-05
-1.05224119541391e-05
-0.000116864428084079
0.000469451375508019
-1.07460945993469e-05
-1.07467246789705e-05
0.000150571042095937
0.000460046720994622
2.13047038293934e-06
2.1295530133628e-06
0.00012955531692844
0.000460635198602429
-6.63785522585811e-07
-6.64774226085823e-07
-2.15610976185467e-07
0.000466031003063031
2.56852786693142e-06
2.57454395025377e-06
-6.05008981926382e-05
0.000479480854775584
-8.40949031648096e-06
-8.4093115799431e-06
-3.2234920078146e-05
0.000495978146648148
2.53292933213937e-06
2.53316904618033e-06
6.33333783598501e-06
0.00051078970469347
1.40136300693579e-06
1.40088486390901e-06
1.64212548139112e-05
0.000517611073608117
3.77596854959661e-07
3.77260044010847e-07
1.2401686620533e-06
0.000515550721588517
-1.04087093124363e-07
-1.0371364823409e-07
-2.86151398504533e-06
0.000505670098584617
4.23401974763808e-06
4.23437091102077e-06
2.06632935082862e-07
0.000476844727027116
6.72619808664686e-06
6.72659467229012e-06
-2.31191498250802e-05
-2.06590654984793e-06
-2.06592308916994e-06
4.67428736844346e-06
5.05069731717029e-05
-2.88616497263333e-05
-3.42773586501681e-06
0.000183456931794026
-0.00016347994400151
-6.44221557074252e-06
0.000314572194038553
-8.0491476856914e-05
2.37618735180552e-06
0.000302387700858121
0.000167976580183701
2.14226211040493e-05
0.000276415310810037
0.00013363279648448
1.82318364709973e-05
0.0003935459676214
-9.48075394026403e-06
3.43602101357489e-06
0.000362341275947652
0.000223614319852534
-9.628206102088e-06
0.000537670655877287
-2.88718400060022e-05
3.30349538425919e-07
0.000586810754744599
3.94509394513315e-05
9.91636862279722e-06
0.000564801666414776
7.38263873859401e-05
2.0885919498291e-05
0.000495224053498101
0.000102825461473126
1.49559178738756e-05
0.00040507501970436
6.88446737610897e-05
-2.07823600232759e-05
0.000398411716493792
5.97193300504307e-05
-2.2242180175528e-05
0.000424862767719225
1.22490565815077e-05
-1.54731526526859e-05
8.54585856118796e-05
-1.00868980536132e-05
0.000252510131178363
-0.000313160376845364
2.77913565109279e-05
0.00047848156357403
-0.000356053646487976
-1.5393410465889e-05
0.000450910609917902
-5.05794219228728e-05
4.34354187294975e-07
0.000425039496201459
0.000157670307990685
1.83749964593252e-05
0.000436841659092645
0.00010900108809051
1.13237510540723e-05
0.000439808247225705
-3.07764019707166e-06
-2.72589784452179e-07
0.000570503328249372
7.10601051515912e-05
-6.04640206224667e-06
0.000572677102190166
3.43333100338047e-06
-3.22341661662689e-06
0.000625032004471153
3.03558311825937e-05
-1.67332566094482e-06
0.000638321611977279
4.69313164138691e-05
-6.78527583138468e-07
0.000623012170548039
4.94120173326424e-05
2.19093978712432e-06
0.000565310774814198
1.78558138257533e-05
4.85562071876692e-06
0.000534761365794675
-4.29425812330892e-06
4.00088451001744e-06
0.000513978201679164
-1.97616002225369e-05
-2.26913034614989e-06
3.0015224026449e-05
-4.40162489886788e-06
0.000438987108302426
-0.000583706488342226
-4.6262297115096e-05
0.000589265200793987
-0.000509029996191192
8.47630630989798e-07
0.000547440022104531
-2.26469441005993e-05
5.61209374359055e-06
0.000497279522404467
0.000181316526672581
1.24024893082133e-05
0.000484426333637036
0.000106768599736499
8.24724100209693e-06
0.000498926224171602
-6.94108244515975e-06
-5.31781406209962e-06
0.000546329296546477
-4.41652415268117e-05
1.34216060146311e-06
0.000554967705103267
-1.59541818053833e-05
6.0288050917483e-06
0.000569186240924448
3.24283149969781e-05
-1.83837013942773e-06
0.000585988320527159
4.37536930674875e-05
-7.52886874668643e-06
0.000591388870881644
2.49723423222467e-05
-1.53615907592816e-06
0.000585485589154852
-1.13251532312097e-05
5.23508327642298e-06
0.000581648801529563
-2.12110320845309e-05
1.6513720288703e-06
0.000567145254411622
-4.32794536336086e-05
-3.51321580892153e-06
5.49645926368686e-06
-1.31742953971163e-06
0.000479114864393494
-5.75836872091394e-05
-0.000829712220175089
0.000397096770068233
7.08668350312836e-06
-0.000441354575117749
0.000438687108069025
1.05224844683355e-05
-8.87759530376912e-05
0.000473441481824588
1.07461343369097e-05
0.000121847473489301
0.00046657592211759
-2.13038390876655e-06
0.000114141604856687
0.000469290471876504
6.63746244006208e-07
-6.42008275768784e-06
0.000466915072302963
-2.56887773038579e-06
-6.03859029743845e-05
0.000469100333495798
8.40945430618723e-06
-3.3980577497095e-05
0.000493730459073022
-2.53298481329506e-06
1.63199813683002e-05
0.000502059566677407
-1.40125390788671e-06
3.43270610219025e-05
0.000508911444291388
-3.77618779551957e-07
1.15315019652291e-05
0.000510554635406536
1.04017575998014e-07
-1.96765793296707e-05
0.000514466046108866
-4.23406115964073e-06
-1.98019289330743e-05
0.000488664768067058
-6.72624392425314e-06
-2.41771428670197e-05
2.06590459066183e-06
1.21750421084262e-06
-6.13662696706235e-05
7.6360539457094e-05
3.42764619542594e-06
2.70695851924749e-05
-7.6311077059016e-05
6.44274806184004e-06
0.000121801464088752
-9.45450961206229e-06
-2.37579101065844e-06
0.000144150028343803
0.000121817467928818
-2.14228022930186e-05
0.000242541147331822
9.75354019847972e-05
-1.82320842067531e-05
0.000337307837033024
0.000533722112605423
-3.43577850937311e-06
0.000305897717284795
0.000256949315399971
9.6284240341263e-06
0.000475265133252021
-2.48246107912445e-05
-3.30643300010583e-07
0.000543574869200829
9.89476403191244e-05
-9.91655108089956e-06
0.000546899631270871
0.000140626919921505
-2.08858945492044e-05
0.000503312849189884
9.31342129979404e-05
-1.49558826714316e-05
0.000437053148668063
2.97292062816444e-05
2.07821894471146e-05
0.00040099085848652
2.27875622459597e-05
2.22416576758941e-05
0.00041602210722756
4.20067891086545e-05
1.5472364016238e-05
-5.52183972132964e-05
1.0086874880074e-05
0.000131827632850786
2.18716032527724e-05
-2.77914623806979e-05
0.000320296099484242
-0.000296787277041918
1.53937875998521e-05
0.000330587332081688
-1.67245787493972e-05
-4.3420862769165e-07
0.000338919172867732
0.000157171008796248
-1.83752869269524e-05
0.000367291622886305
9.75622048485871e-05
-1.13237952850824e-05
0.000409960529313048
5.30674832066955e-05
2.72381688739968e-07
0.000535351823770774
6.33047030682802e-05
6.0459193478995e-06
0.000550068670197196
-2.99623643347808e-05
3.22325648684658e-06
0.000609665849303168
4.60623273431498e-05
1.67333419099865e-06
0.000625563230458156
7.60449630546095e-05
6.78590173771286e-07
0.000608423940242624
3.84304166735047e-05
-2.19094659367552e-06
0.000568903453942879
-3.71052959656612e-06
-4.85581931937234e-06
0.000546995631940821
-4.52161680094957e-06
-4.00120275715054e-06
0.000521678046442141
1.12012054041916e-05
2.26874028112626e-06
6.67222630833944e-05
4.40142768957046e-06
0.000313865704278493
-0.000355995290008814
4.62625367670643e-05
0.000475328783893116
-0.000459407519099093
-8.45991961951378e-07
0.000495416176765596
-2.98869478451409e-05
-5.61094459264883e-06
0.000461762061400381
0.000213107318715751
-1.24039195043195e-05
0.000451069379392282
0.000128234687705055
-8.24780112674799e-06
0.000464747164295001
-6.59770334043592e-06
5.31719341471148e-06
0.000529928042351104
-5.77948610795382e-05
-1.34263501582832e-06
0.000554750735275538
-4.21491371038412e-05
-6.02890937181368e-06
0.000577362094966368
2.64669251670735e-05
1.83735536053779e-06
0.000587493400322672
3.95935287451017e-05
7.52875495466541e-06
0.000590028183757895
1.24274967167321e-05
1.53505879197101e-06
0.000578934548728904
-3.48868763856941e-06
-5.23464972688887e-06
0.000570582740949395
-1.19552961936047e-06
-1.65132920182132e-06
0.000557394220572822
-1.94263187912905e-05
3.51316906925872e-06
3.30122683084355e-05
1.31735969587439e-06
0.000364330004876612
5.75847587181933e-05
-0.000738607129569502
0.000285315643920322
-7.08606377884082e-06
-0.000367189562278389
0.000390104597321583
-1.05223558831705e-05
-0.000116864296229387
0.000469451260963378
-1.07467034100503e-05
0.000150571079724923
0.000460046592979067
2.12958371914227e-06
0.000129555264833968
0.000460635130799678
-6.64611560379641e-07
-2.1593657235664e-07
0.000466030866314391
2.57410385545452e-06
-6.05008298869714e-05
0.000479480702437347
-8.40928986284769e-06
-3.22346958339053e-05
0.000495977961117219
2.53321366975464e-06
6.33349092206642e-06
0.000510789553877914
1.40084533108018e-06
1.64212573321811e-05
0.000517610880908963
3.77341871514198e-07
1.24042659361656e-06
0.000515550480369791
-1.03665622598403e-07
-2.86130881041393e-06
0.000505669920175598
4.23437603261316e-06
2.06740811812655e-07
0.000476844629140545
6.72659865751473e-06
-2.31191720996191e-05
-2.06592036375633e-06
4.67429070311122e-06
5.05082556406159e-05
-2.88637597213606e-05
-3.42770581682664e-06
0.000183459163126327
-0.000163485110770066
-6.44269352642141e-06
0.000314574401149029
-8.04964087163819e-05
2.37574987287201e-06
0.000302391045238422
0.00016797759240569
2.14226560802947e-05
0.000276418631899993
0.000133633029510346
1.82318135686371e-05
0.000393549216207181
-9.48088972446194e-06
3.4356782475936e-06
0.000362341996011045
0.000223615686085047
-9.62860096882903e-06
0.000537670999788607
-2.88713637061112e-05
3.30607320358817e-07
0.000586810839906037
3.94511672495727e-05
9.91650855918506e-06
0.000564801635523427
7.3826474002617e-05
2.08860590728117e-05
0.00049522360447346
0.000102825904456027
1.4957267974231e-05
0.000405075679179369
6.8844351346195e-05
-2.0782188612802e-05
0.000398413583863365
5.9718185761802e-05
-2.22419048994908e-05
0.00042486435292278
1.22480360342551e-05
-1.54732227021076e-05
8.54577435786546e-05
-1.00869217025719e-05
0.000252512424596297
-0.000313165326314463
2.7791292589109e-05
0.000478485031055335
-0.000356059497914528
-1.5393640686466e-05
0.000450913713060409
-5.05834542128826e-05
4.34257088411082e-07
0.00042504180399785
0.000157672068607304
1.83750230546999e-05
0.000436844305207794
0.000109001023501786
1.13237636823671e-05
0.000439809387336085
-3.07548692600641e-06
-2.72278276777272e-07
0.000570504165869062
7.10612267485367e-05
-6.04616388185297e-06
0.000572678079960447
3.43298883778828e-06
-3.22372856002682e-06
0.000625032783097415
3.03557190231644e-05
-1.67326747683142e-06
0.000638322339471184
4.69313157567095e-05
-6.78479391438326e-07
0.000623012267538984
4.94129292090198e-05
2.19100059491791e-06
0.000565311694183406
1.78549273678775e-05
4.8556772967912e-06
0.000534762439662213
-4.2961681844607e-06
4.00096551869659e-06
0.000513979001725381
-1.97628679371034e-05
-2.26894933197307e-06
3.00146806629222e-05
-4.4015423223378e-06
0.000438988904256419
-0.000583712147724596
-4.62623827705248e-05
0.000589268512781277
-0.000509035130416938
8.47522957067665e-07
0.000547442766185003
-2.26488247244241e-05
5.6119200613064e-06
0.000497282255420505
0.000181316532105906
1.24026635969046e-05
0.000484428621215525
0.000106768634984117
8.2468610095113e-06
0.000498927092175411
-6.93700934991683e-06
-5.31801304484917e-06
0.00054633010659828
-4.41654456533932e-05
1.34159035966572e-06
0.000554968662493761
-1.59546416853346e-05
6.02821097560644e-06
0.000569187214015942
3.24269031271388e-05
-1.83870314161949e-06
0.00058598932253896
4.37531846647616e-05
-7.52855528792781e-06
0.000591389479238956
2.49730681829479e-05
-1.53740037279494e-06
0.000585486552879328
-1.13257368360992e-05
5.23502731540796e-06
0.000581649799052002
-2.12121728305418e-05
1.65072152229627e-06
0.000567146340014994
-4.32804080835474e-05
-3.51370397998267e-06
5.49591928913033e-06
-1.31743889427143e-06
0.000479116419199555
-5.75835467674173e-05
-0.000829717749969352
0.000397096692410572
7.08653764491285e-06
-0.000441356934449571
0.000438687205606108
1.05230697844924e-05
-8.87780743824315e-05
0.000473443527030172
1.07463786184069e-05
0.00012184478355443
0.000466577364137009
-2.13022877901595e-06
0.000114141842194107
0.000469291677800548
6.6495330208505e-07
-6.41724025509142e-06
0.000466917054865812
-2.57095747994396e-06
-6.03857113283805e-05
0.000469101564357292
8.40960957757038e-06
-3.39811776101646e-05
0.000493731385311769
-2.53266493983534e-06
1.6318464549987e-05
0.000502060526729517
-1.40170570271366e-06
3.43263611199483e-05
0.000508912372934364
-3.7698986180904e-07
1.15306391534387e-05
0.000510555651787058
1.04425819687546e-07
-1.96768866789002e-05
0.000514466936073532
-4.23400885177732e-06
-1.98020833489643e-05
0.000488665592997739
-6.7261547215889e-06
-2.41772667859471e-05
2.06593464289345e-06
1.21738942419059e-06
-6.13654175748108e-05
7.63591443475922e-05
3.42768645839641e-06
2.70724086910652e-05
-7.63152522341966e-05
6.4427432432762e-06
0.000121805347047566
-9.45748567940038e-06
-2.37571856059974e-06
0.000144153078319261
0.000121818989963031
-2.14227031732547e-05
0.000242544298887933
9.75358497455349e-05
-1.82318632222511e-05
0.000337310733185429
0.000533722202479803
-3.43564142548232e-06
0.000305897701890193
0.00025694954123933
9.62864897821418e-06
0.00047526506825142
-2.48246862507438e-05
-3.30634168998773e-07
0.000543574413027439
9.89484020519375e-05
-9.91652920012768e-06
0.000546898755512854
0.000140627519573487
-2.08860549807527e-05
0.000503311341736676
9.31397230864873e-05
-1.49572279360414e-05
0.000437052380110381
2.97296455777456e-05
2.07821785476348e-05
0.000400991969839556
2.27875400583368e-05
2.22418584440333e-05
0.000416023391126918
4.20059955252722e-05
1.54731478313269e-05
-5.52193354589785e-05
1.00869202718096e-05
0.000131829265479127
2.18679381429959e-05
-2.77913084753621e-05
0.00032029914668069
-0.000296793015560723
1.53936786825214e-05
0.000330590501840106
-1.67276833934302e-05
-4.34253236140339e-07
0.000338922522485853
0.000157172008214027
-1.83750654296915e-05
0.000367294252328671
9.75634536473756e-05
-1.13237758003659e-05
0.000409962328131733
5.30693495825405e-05
2.72240047857189e-07
0.000535353089898609
6.33052577210673e-05
6.04608438860337e-06
0.000550069623238936
-2.99634326644017e-05
3.22370185578503e-06
0.000609666584650531
4.60627673379209e-05
1.67326167372202e-06
0.000625564203849363
7.60453715158432e-05
6.78486320743275e-07
0.00060842534993533
3.84340352580714e-05
-2.19100335596971e-06
0.000568905114263424
-3.71178156863749e-06
-4.85569885006111e-06
0.000546997261380585
-4.52299518866842e-06
-4.00099659828454e-06
0.000521679272050147
1.12000372995488e-05
2.26891272511382e-06
6.67217841830888e-05
4.40152347714657e-06
0.000313867990500027
-0.000356000622890264
4.62623989268718e-05
0.000475331033622908
-0.00045941157063243
-8.47346549085287e-07
0.000495418773873241
-2.98895322737729e-05
-5.6117838012128e-06
0.000461764704925472
0.000213107165622821
-1.24028497186799e-05
0.000451071040075583
0.000128235552659436
-8.24694107013732e-06
0.000464748206668349
-6.59638508018539e-06
5.31791535060612e-06
0.000529929048107053
-5.77958411361514e-05
-1.34166530132575e-06
0.00055475187974203
-4.21514267539971e-05
-6.02823608604556e-06
0.000577363024769372
2.6465473107784e-05
1.83853542342187e-06
0.000587494881121158
3.95944405650544e-05
7.52853372253657e-06
0.000590029953408023
1.24251860776518e-05
1.53727236267581e-06
0.000578937567768858
-3.49122487870799e-06
-5.2349789751827e-06
0.000570584931445859
-1.19817525579902e-06
-1.65071391435478e-06
0.000557395124847522
-1.94279119901303e-05
3.51370102153777e-06
3.30113142541085e-05
1.31743251607602e-06
0.000364331323946682
5.75836439724344e-05
-0.000738612213968343
0.000285315662695765
-7.08647214752671e-06
-0.000367191661786287
0.00039010515127859
-1.05230603537291e-05
-0.000116865763997823
0.000469452464968474
-1.07464397210715e-05
0.000150570317767501
0.000460047888740088
2.13011154859893e-06
0.000129555490207746
0.000460635848388362
-6.65076735862762e-07
-2.13291510195478e-07
0.000466032137063583
2.57174749854132e-06
-6.0501315874426e-05
0.000479481950651173
-8.40959528052018e-06
-3.22364544538661e-05
0.000495979478110214
2.53267575819289e-06
6.33218687202524e-06
0.000510790799467718
1.40163620819449e-06
1.64211447017734e-05
0.000517612511779539
3.76929849981583e-07
1.23803964493076e-06
0.000515552609930883
-1.04404392734506e-07
-2.86329356965391e-06
0.000505671491376268
4.23404531233745e-06
2.05574575253508e-07
0.00047684553394775
6.72619680691446e-06
-2.31190268821843e-05
-2.06593534254879e-06
4.67424422070975e-06
5.05084034277016e-05
-2.88639599450417e-05
0.000183459425340461
-0.000163485644008274
0.000314574663379013
-8.0496876433096e-05
0.000302391445625927
0.000167977839772986
0.000276419068671412
0.000133633137982771
0.000393549703171256
-9.48087691855629e-06
0.000362342120601829
0.000223615892566546
0.000537671044458499
-2.88713016015055e-05
0.00058681082666918
3.94512031282252e-05
0.000564801592597606
7.3826486801342e-05
0.000495223531221482
0.000102825979969225
0.000405075712922476
6.88443372360041e-05
0.000398413745500139
5.97180759640827e-05
0.000424864508852905
1.22479265883366e-05
8.54576465746374e-05
0.000252512668336999
-0.000313165812772159
0.000478485405795524
-0.000356060111823578
0.000450914068015761
-5.05838987423964e-05
0.000425042077344395
0.000157672354230469
0.000436844653950426
0.000109001046448354
0.000439809527672286
-3.0751532564227e-06
0.000570504271923011
7.10614061418042e-05
0.000572678220251581
3.43296284618976e-06
0.00062503288498118
3.03557414382505e-05
0.000638322419295482
4.69313250902185e-05
0.000623012252669381
4.94130700590206e-05
0.000565311770572767
1.78548476879468e-05
0.000534762547815542
-4.29638344124543e-06
0.000513979094900271
-1.97630226325346e-05
3.00146141905533e-05
0.000438989072936791
-0.000583712680261016
0.000589268854983153
-0.000509035659206001
0.000547443052248271
-2.26490270429038e-05
0.00049728258074514
0.000181316550941101
0.000484428914819085
0.000106768650624566
0.000498927189135368
-6.93642325626785e-06
0.000546330221083163
-4.41654883714489e-05
0.000554968807978649
-1.59546863704485e-05
0.000569187352306942
3.24267336649543e-05
0.000585989442029163
4.37531445149937e-05
0.000591389544465679
2.49732068498864e-05
0.000585486657691798
-1.13257814855465e-05
0.000581649913547994
-2.12123042192443e-05
0.000567146467678864
-4.32805284836118e-05
5.49585397342629e-06
0.000479116562168548
-0.000829718269496371
0.000397096645058993
-0.000441357148120445
0.000438687177760911
-8.87783228304452e-05
0.000473443783918221
0.000121844438384603
0.000466577543486986
0.000114141884711765
0.00046929184620845
-6.41684461650903e-06
0.000466917353616951
-6.03856719250562e-05
0.000469101753600206
-3.39812520083319e-05
0.000493731522028145
1.63182652564182e-05
0.000502060655048586
3.43262875377968e-05
0.000508912493889386
1.15305436572921e-05
0.000510555781612914
-1.96769226852997e-05
0.000514467051617999
-1.98021018298287e-05
0.000488665696031415
-2.41772816059554e-05
1.21737467002573e-06
0.000336647411173931
-0.000296387696143699
5.1901533665239e-05
5.19038742638872e-05
0.000167895184286976
-0.000235765466579882
1.91965182241851e-05
1.91967638500234e-05
0.000144352461042337
-7.73461550853421e-05
-8.37078357962427e-06
-8.37045399494203e-06
0.000237478710911921
5.71350390534985e-05
-1.16918895241037e-06
-1.16785243555376e-06
0.000268032785252185
9.4932416369931e-05
3.56883908389293e-07
3.54466331443801e-07
0.000267163566822006
3.74143453864083e-06
-2.68030535760869e-08
-3.2856170243008e-08
0.000252675281173347
-3.45111991953033e-05
-4.37078783580892e-06
-4.37077224796748e-06
0.00024517578649157
-1.79133889872967e-05
-2.18934001953956e-06
-2.18952434363146e-06
0.000250261799254698
2.22218828037861e-06
-2.96270289209754e-07
-2.96387345490547e-07
0.000259420078663528
1.15364907832884e-05
-3.87368830007753e-06
-3.87448294380211e-06
0.000261711858175417
-1.04204330584614e-06
-7.95267998139246e-07
-7.95263399659446e-07
0.000260471554212791
-2.87928181541661e-06
6.39364704707981e-07
6.39431109619119e-07
0.000255549419960598
2.486982080185e-06
1.49666291850759e-06
1.49654409001598e-06
0.000234339125453127
-1.10135668276473e-05
2.11986683537023e-06
2.11983418447445e-06
-2.34099907151867e-06
-3.11483623349554e-06
-3.11499910533181e-06
0.000288972641649251
-7.559414856325e-05
9.79923555073544e-06
9.80176769713176e-06
0.00012703523527172
-7.17116169439176e-05
-7.58586667872629e-07
-7.58218594410919e-07
9.11019503455194e-05
-2.52322005692795e-05
-8.31287455188412e-06
-8.31261797665548e-06
0.000145341261828871
3.46483914995178e-06
-1.31820248944786e-06
-1.31734611782009e-06
0.000197601138751701
3.61991139633609e-05
1.75337006369609e-06
1.75410643532632e-06
0.000200154207506838
1.58804627713126e-06
5.10809664644663e-07
5.09872707619215e-07
0.000178223669450337
-8.6137392896424e-06
-9.88598292742034e-07
-9.86876371137898e-07
0.000162948271272323
-4.78535218264133e-06
1.91417068468586e-06
1.91446962255347e-06
0.000161539569041421
1.54500196015843e-06
9.70904526510508e-07
9.71382523385419e-07
0.000170644415842738
3.94872237204088e-06
-1.35706934770613e-06
-1.35634791739242e-06
0.000171573915147829
1.80318804328031e-07
-1.72900363784162e-06
-1.72820217801751e-06
0.000168419617295717
-1.21992361829634e-06
6.62746604149667e-07
6.63115438323089e-07
0.000163684012219972
6.05150970271181e-07
3.12205824705335e-06
3.12200892022688e-06
0.000150246326998155
-1.12647085332539e-06
5.6691502402978e-07
5.6655590968201e-07
-1.12969517037117e-06
-1.70938343477507e-06
-1.70960765942973e-06
0.000118211199015897
-8.66367161219067e-06
-8.66060096032985e-06
5.55183469049785e-05
-4.41750914622943e-06
-4.41694985838965e-06
3.52002389255142e-05
-2.47749713149994e-06
-2.47724516165372e-06
4.32019540133751e-05
-2.58248481845465e-06
-2.58186269979333e-06
7.75465153807063e-05
4.36215824183077e-07
4.39373623747718e-07
7.79853614959011e-05
1.61536170872266e-06
1.61870867223745e-06
6.48138690383967e-05
2.59792627073518e-06
2.59929905992385e-06
5.748647712332e-05
1.59989253765173e-06
1.60037242070319e-06
5.68085224150402e-05
1.02037265611087e-06
1.02058590498581e-06
6.0190262313871e-05
1.40400682133694e-07
1.4085746974844e-07
6.06579258046613e-05
-4.65645306114428e-07
-4.64876493829963e-07
5.86938830132085e-05
3.53401573450059e-07
3.54045676372031e-07
5.61639232149517e-05
1.45892609178404e-06
1.45895486495089e-06
5.19221826211364e-05
1.17191873317082e-06
1.17144938115973e-06
-1.96022119070863e-07
-1.9666848077956e-07
0.000411303387667658
-0.000254294571438639
-5.19017339065393e-05
0.000221953190720972
-0.000212937812539578
-1.91965261972919e-05
0.00017325924407281
-5.76580396388331e-05
8.37075473124985e-06
0.000241597864040257
4.97794196743168e-05
1.1690905357101e-06
0.000268440739161473
8.39016544764918e-05
-3.56667285330528e-07
0.000268323565880997
-3.16069638471773e-06
2.73207706803541e-08
0.000243197897536179
-4.44321518774625e-05
4.37077403206136e-06
0.0002356014635359
-2.99646141407102e-05
2.18932236573929e-06
0.000253529631447656
-1.10465516321007e-06
2.96280141046264e-07
0.00025904107126411
1.70392831183902e-05
3.87380203100635e-06
0.000259175394542109
7.44873097960068e-06
7.9521539801386e-07
0.000251989754335038
-1.28071011056198e-05
-6.3941218180566e-07
0.000250972352074779
-1.59643901638154e-05
-1.49666856875429e-06
0.000242073397721591
-1.48753117233209e-05
-2.11985959556267e-06
1.8624665190714e-06
3.11485414788808e-06
0.000330721677837035
-3.61147626007306e-05
-9.79944465901822e-06
0.00016761824052586
-5.08030818710315e-05
7.58559931847967e-07
0.00011259853556622
-1.94675928092287e-05
8.3128621389539e-06
0.00014785572221896
1.04113540430287e-05
1.31815100934452e-06
0.000198214546915315
3.40795740483245e-05
-1.75340028998698e-06
0.000199001297760602
-1.21219095395651e-06
-5.10564009930644e-07
0.000171868119368699
-1.83081131601957e-05
9.88469331813699e-07
0.000159097912730601
-1.23982430046188e-05
-1.91422102418929e-06
0.000162427745405589
-2.19959781638657e-06
-9.70947191782174e-07
0.000171631481275734
3.6413211961023e-06
1.35702041245986e-06
0.000172547879496655
1.63702114899745e-06
1.72891762121993e-06
0.00016365255045489
-3.1150301990638e-06
-6.62797972987087e-07
0.000158559853812307
-5.31692911849097e-06
-3.12205892302835e-06
0.000148710475136492
-6.10050967916502e-06
-5.66865939606852e-07
-4.41789941608861e-07
1.70940977784508e-06
0.000122921020547609
8.66342154528664e-06
6.34535651316969e-05
4.41746768626056e-06
3.90114831091554e-05
2.4774805282144e-06
4.36294656708201e-05
2.58242795965108e-06
7.75555458558356e-05
-4.36522143499587e-07
7.79380936867564e-05
-1.61574553017674e-06
6.55465543126861e-05
-2.59810489068037e-06
5.69073020975014e-05
-1.59996192660514e-06
5.65675462723803e-05
-1.02039180211617e-06
6.02405699370509e-05
-1.40455910856697e-07
6.06671912405616e-05
4.65555065034507e-07
5.819973344733e-05
-3.53476203234616e-07
5.55637043686258e-05
-1.45893013570023e-06
5.10645954082552e-05
-1.17186255380341e-06
1.96082066305757e-07
0.000336647301245953
-0.000296387328227514
5.19038726822858e-05
0.000167895167883373
-0.000235765371165113
1.91967575799158e-05
0.000144352486439035
-7.73460987644847e-05
-8.37046083953654e-06
0.000237478660848002
5.71350917873549e-05
-1.167907883229e-06
0.00026803272047881
9.49325577884745e-05
3.5452738770747e-07
0.000267163555543081
3.74140171439052e-06
-3.26502992197355e-08
0.000252675161909896
-3.45110577478935e-05
-4.37075701802078e-06
0.000245175679251899
-1.79132163032152e-05
-2.18947591241937e-06
0.00025026177459685
2.22225096740912e-06
-2.96372202129698e-07
0.00025942004701048
1.15366104291199e-05
-3.87449070784767e-06
0.000261711821284187
-1.04186423227609e-06
-7.9520182155351e-07
0.000260471495730891
-2.87914323248681e-06
6.39476500436729e-07
0.000255549356437462
2.48702932414515e-06
1.49656660520351e-06
0.000234339078196435
-1.10136421678801e-05
2.11983164434079e-06
-2.34101397080204e-06
-3.1150002159915e-06
0.000288972591258111
-7.55939260563236e-05
9.80176024018004e-06
0.000127035216049995
-7.17115748594555e-05
-7.58217616472702e-07
9.11019689906593e-05
-2.52321851879648e-05
-8.31263203461756e-06
0.000145341264040176
3.46489422720227e-06
-1.31739004048238e-06
0.000197601084961795
3.61993418014577e-05
1.75405710054085e-06
0.000200154210756651
1.58831948449126e-06
5.09745800595588e-07
0.000178223589185434
-8.61356458717736e-06
-9.86961493202351e-07
0.000162948228431065
-4.78526190943983e-06
1.91448485937282e-06
0.000161539532698072
1.54502274377351e-06
9.71370218989256e-07
0.00017064441376863
3.94878878338099e-06
-1.35638285569118e-06
0.000171573907237249
1.80394425273829e-07
-1.72820552250946e-06
0.000168419595100974
-1.21984507237716e-06
6.63126788277892e-07
0.000163683985837723
6.05165117276756e-07
3.12201730702383e-06
0.000150246303722984
-1.12652265481507e-06
5.66547732038986e-07
-1.12972210633663e-06
-1.70961070627389e-06
0.000118211189705465
-8.6606156467679e-06
5.55183397950195e-05
-4.41695013555097e-06
3.52002388175244e-05
-2.47725358910797e-06
4.32019605635168e-05
-2.5818722672279e-06
7.75465065322276e-05
4.3931277389107e-07
7.79853535200746e-05
1.61868349500132e-06
6.48138434182753e-05
2.59931105803875e-06
5.74864680765445e-05
1.60038153987729e-06
5.68085161268244e-05
1.02058486496852e-06
6.01902624182369e-05
1.40860748289127e-07
6.06579250809994e-05
-4.64872219193085e-07
5.86938789447455e-05
3.54049422750889e-07
5.61639187479964e-05
1.45895847063095e-06
5.19221777128036e-05
1.17144759383994e-06
-1.96663041963015e-07
0.000411304731029164
-0.000254299349061394
-5.19015422207211e-05
0.000221953423516266
-0.000212938790239782
-1.91966253873519e-05
0.000173258909540746
-5.76591949921834e-05
8.37076408602697e-06
0.000241598372759207
4.97775286974448e-05
1.168844388035e-06
0.00026844146979271
8.38985131319324e-05
-3.56463833240176e-07
0.000268323455589235
-3.16360579058689e-06
2.82043228244547e-08
0.00024319923131046
-4.44339736561202e-05
4.37088108959137e-06
0.000235602445599157
-2.99656174529784e-05
2.18964535219889e-06
0.000253529877641444
-1.10563915132339e-06
2.96340794322231e-07
0.000259041354507137
1.70377815674424e-05
3.87359417177603e-06
0.000259175879864738
7.44736898965296e-06
7.95736534889253e-07
0.000251990282716711
-1.2807830620385e-05
-6.3899892516744e-07
0.000250972846664976
-1.59644982100113e-05
-1.49646143032922e-06
0.000242073754579004
-1.48749649061981e-05
-2.11987490765508e-06
1.86263311459354e-06
3.11482495071876e-06
0.000330722224977855
-3.61176745492156e-05
-9.79932949904833e-06
0.000167618636375408
-5.08035999028645e-05
7.58560072351705e-07
0.000112598494461079
-1.9467958397539e-05
8.31277003953788e-06
0.000147855605991414
1.04106591901745e-05
1.3179350093923e-06
0.000198215011750045
3.40765905200514e-05
-1.75371440682358e-06
0.000199001536096702
-1.21514581743505e-06
-5.11655765380957e-07
0.00017186923214999
-1.83091018740036e-05
9.88021723678518e-07
0.000159098521544121
-1.23987004751761e-05
-1.91407726123984e-06
0.000162427946508694
-2.19976827073313e-06
-9.70991722904128e-07
0.000171631571246576
3.64085927573441e-06
1.35681659515776e-06
0.0001725480366628
1.63638113170666e-06
1.72898153760058e-06
0.000163652801269499
-3.11555763275466e-06
-6.62633185895061e-07
0.000158560076634785
-5.31697569678171e-06
-3.12195832310978e-06
0.000148710633331236
-6.10013791865504e-06
-5.66973163458517e-07
-4.41626795591356e-07
1.70935614512809e-06
0.000122921073598503
8.66351448491806e-06
6.34536346247105e-05
4.41747892122803e-06
3.90114842655461e-05
2.47742974504753e-06
4.36293883043677e-05
2.58243694973002e-06
7.75556222587857e-05
-4.36571344227714e-07
7.79381493865494e-05
-1.61552269948694e-06
6.55467248174039e-05
-2.59783885159942e-06
5.69073572365865e-05
-1.59983468708019e-06
5.65675925317841e-05
-1.02038135732118e-06
6.02405549647503e-05
-1.40372557186824e-07
6.06671950884854e-05
4.6567455909317e-07
5.81997593664363e-05
-3.53358737562579e-07
5.55637210365779e-05
-1.45888482152666e-06
5.1064621768582e-05
-1.17192673362657e-06
1.96073803551367e-07
0.000336648597200693
-0.000296391574204002
5.19017443090627e-05
0.000167895394350885
-0.000235766483868061
1.91966396942181e-05
0.000144352277885183
-7.73467348712679e-05
-8.37072838345866e-06
0.000237479159334624
5.71343167200948e-05
-1.16869060205944e-06
0.0002680333041396
9.49310527038184e-05
3.56186029548341e-07
0.000267163665671474
3.74141039708657e-06
-2.89283260412898e-08
0.000252676157501842
-3.45122494066952e-05
-4.37088252496245e-06
0.000245176547535255
-1.7914578329326e-05
-2.18967610443531e-06
0.000250261961319704
2.22168458123329e-06
-2.96365762153243e-07
0.000259420287364201
1.15355408137999e-05
-3.87370013772317e-06
0.000261712088449384
-1.04351152052578e-06
-7.95745510182648e-07
0.000260471956546151
-2.88048269479868e-06
6.39001023343253e-07
0.00025554988841133
2.48647031788444e-06
1.49644454718436e-06
0.000234339516750907
-1.10130075229113e-05
2.11987011055355e-06
-2.34087628469054e-06
-3.11484176680016e-06
0.000288973182063167
-7.5596505163589e-05
9.79954610811766e-06
0.000127035457435378
-7.17120892965627e-05
-7.58534359790393e-07
9.11018166248329e-05
-2.52323565485572e-05
-8.31274360055899e-06
0.000145341228257371
3.46429910710908e-06
-1.31783962371302e-06
0.000197601547796639
3.61971813506047e-05
1.75379381882841e-06
0.0002001542039025
1.58601123582163e-06
5.11536924401149e-07
0.00017822425091657
-8.61500314417837e-06
-9.8780766418508e-07
0.000162948568156463
-4.785967777433e-06
1.91411237905549e-06
0.000161539825029492
1.54481124300934e-06
9.7104670136344e-07
0.000170644408226312
3.94820522398502e-06
-1.35673271108783e-06
0.000171573946888549
1.79698131253653e-07
-1.7288921827663e-06
0.000168419763061148
-1.22058800257345e-06
6.62673209819178e-07
0.000163684205136484
6.04988005027533e-07
3.12195061583946e-06
0.000150246522619104
-1.12608808491728e-06
5.66932275817574e-07
-1.12946571846958e-06
-1.70937943233573e-06
0.000118211301017759
-8.66325013055105e-06
5.55184195871737e-05
-4.41743723983637e-06
3.52002495618273e-05
-2.47740471864579e-06
4.32018951272965e-05
-2.58237051900598e-06
7.75465852003549e-05
4.36938382599253e-07
7.79854166213379e-05
1.61593163957761e-06
6.48140485210702e-05
2.59800543340617e-06
5.74865390080632e-05
1.59989495425077e-06
5.68085662639474e-05
1.02040154897356e-06
6.01902609591183e-05
1.40424514105802e-07
6.06579306409724e-05
-4.65588589653297e-07
5.86939109490113e-05
3.53429621474465e-07
5.61639569723409e-05
1.45888526058527e-06
5.19222238932052e-05
1.1718723398762e-06
-1.96139177514253e-07
0.000411304864585104
-0.000254299797637185
0.000221953433029063
-0.000212938864607964
0.000173258855457972
-5.76593298210894e-05
0.000241598433111724
4.97772898280686e-05
0.000268441566287832
8.38980955214261e-05
0.000268323439527305
-3.1640116335845e-06
0.000243199429750115
-4.44342286182225e-05
0.000235602594691976
-2.9965758998963e-05
0.000253529916031307
-1.10577104616861e-06
0.000259041394958308
1.70375810685127e-05
0.000259175950308278
7.44719759358564e-06
0.000251990353144499
-1.28079233383551e-05
0.000250972910849879
-1.59645117087988e-05
0.000242073800097577
-1.48749202060733e-05
1.86265282827877e-06
0.000330722278066571
-3.61179493765422e-05
0.000167618674200837
-5.08036393727506e-05
0.000112598481293207
-1.94680001871045e-05
0.000147855588903291
1.04105740093865e-05
0.000198215074965009
3.40761841102191e-05
0.000199001568978352
-1.2155580252156e-06
0.000171869394881207
-1.83092377503161e-05
0.000159098613085728
-1.23987656790609e-05
0.000162427976655116
-2.19978488252838e-06
0.000171631584625422
3.64079860241841e-06
0.000172548059247302
1.63630113185611e-06
0.000163652834727318
-3.11562379176421e-06
0.000158560105412382
-5.31697988373024e-06
0.00014871065293515
-6.10009004495124e-06
-4.41606766758367e-07
0.000122921078864864
6.34536412833146e-05
3.90114828664673e-05
4.36293790615532e-05
7.75556328673777e-05
7.79381565878386e-05
6.55467492003304e-05
5.6907365431163e-05
5.65675992092793e-05
6.02405529661965e-05
6.06671956555338e-05
5.81997632149281e-05
5.55637234858048e-05
5.10646248312108e-05
)
;

boundaryField
{
    inlet
    {
        type            calculated;
        value           nonuniform List<scalar> 
24
(
2.10716608532117e-07
2.11029111073973e-07
2.10725341141804e-07
2.10937928386704e-07
2.10630204836504e-07
2.10929169940262e-07
-0.0010639623602048
-0.000638418308778537
-0.000212824275111786
-0.00106396259672418
-0.000638418416424719
-0.000212824282887595
-0.00106396235600672
-0.000638418306507559
-0.00021282427462879
-0.00106396264520565
-0.000638418443524145
-0.000212824289331498
-0.00106396242178977
-0.000638418341965344
-0.000212824282150903
-0.00106396264846065
-0.000638418445357403
-0.000212824289770668
)
;
    }
    outlet
    {
        type            calculated;
        value           nonuniform List<scalar> 
156
(
-1.16848268294023e-06
-1.27016341354112e-05
-7.49926210225874e-05
-0.000117334161457919
-0.000113251223440125
8.50901425378616e-06
5.43474927049141e-05
-4.21654072905245e-05
-0.000153609229069773
-0.00021062253340499
-0.000213646646054801
-0.000209379938298717
-0.000212551005595338
-0.000208999733837551
-9.45252470920342e-05
-3.15019569177956e-07
4.88040431303326e-05
-5.37409075046205e-05
-0.00021093201629131
-0.000140948273694594
-3.31392020349592e-05
5.96840683477543e-05
-4.1804502880511e-06
-8.5384080390989e-05
-0.000174930888296212
-0.000203051529276061
-0.000209748876053727
-0.000211122453695223
-0.000186343968053463
9.152106984843e-05
-1.16848650833575e-06
-1.27018068629501e-05
-7.49926011644805e-05
-0.000117333849278901
-0.00011325116066978
8.50890322769788e-06
5.43472126210141e-05
-4.21653405920106e-05
-0.000153609097694411
-0.000210622470910126
-0.000213646534089799
-0.00020937994764903
-0.000212551016619242
-0.000208999762331368
-9.45253288651437e-05
-3.1503137131665e-07
4.88091504431123e-05
-5.37334756130119e-05
-0.000210933680917018
-0.000140948843567836
-3.31366777678289e-05
5.96864632643691e-05
-4.18294527654989e-06
-8.53855107022616e-05
-0.000174931456784588
-0.000203051789445445
-0.00020974887302111
-0.000211122796871875
-0.000186343296354051
9.1522545069368e-05
-1.16844329302768e-06
-1.27000914872614e-05
-7.49923796956012e-05
-0.000117336626966368
-0.000113251545773407
8.50953540680014e-06
5.43489468847705e-05
-4.21664774686117e-05
-0.000153610497823743
-0.000210623093025707
-0.000213647619655134
-0.000209379915882343
-0.00021255096173566
-0.00020899948899378
-9.45244025855989e-05
-3.15033367320489e-07
4.88096569815919e-05
-5.37327855956761e-05
-0.000210933973190209
-0.000140948957155925
-3.31362925260212e-05
5.96869249389802e-05
-4.18316327068825e-06
-8.53856670498397e-05
-0.000174931526182075
-0.000203051814114614
-0.000209748864184007
-0.000211122821940364
-0.000186343225613339
9.15227000927114e-05
0.000541198652424887
0.000548238426744125
0.000616623211015866
0.000591030569624254
0.00029763957615897
0.000183924375189199
6.27717120508679e-05
0.000593112248788902
0.000573041306238881
0.000623185452289554
0.000571756054690529
0.000288717483356006
0.000181265661037363
6.24894377968519e-05
0.000541198498730315
0.000548238313214631
0.00061662313061076
0.000591030531559394
0.000297639556432678
0.000183924358533231
6.27717086991449e-05
0.000593113996602175
0.000573042735006743
0.000623186678090736
0.000571756839219207
0.000288717792229666
0.000181265810060107
6.24894277997075e-05
0.000541200174425039
0.000548239521589433
0.000616623941965364
0.000591030832723431
0.00029763969778097
0.00018392450240156
6.27717382951751e-05
0.00059311416999648
0.00057304288455175
0.000623186819071442
0.000571756941256302
0.000288717834607967
0.000181265829517676
6.24894268545713e-05
-6.98098404160749e-06
-1.31136210819295e-05
-2.17572161863842e-05
-9.27986838615866e-05
-3.09694359719003e-06
-1.31008107860066e-05
-6.40244096719358e-05
-0.000110674605318407
-6.98099165218524e-06
-1.31136490609042e-05
-2.17571499303368e-05
-9.27986513469287e-05
-3.09696178537309e-06
-1.31010657868822e-05
-6.40251291423352e-05
-0.000110675210965937
-6.98089381278265e-06
-1.31133386138811e-05
-2.17578748684991e-05
-9.27990358417348e-05
-3.0969678913612e-06
-1.31010846733954e-05
-6.40251974189134e-05
-0.000110675262334537
)
;
    }
    sides
    {
        type            calculated;
        value           nonuniform List<scalar> 
84
(
0.000402045990372191
0.000354977347269545
0.00030810924392546
0.000402046705964588
0.000354978182820933
0.000308110205447424
0.000402045993062043
0.000354977338870306
0.000308109297125339
0.00040204666490904
0.000354978162457067
0.000308110087432565
0.000402045978735302
0.000354977383048337
0.000308109168825295
0.000402046660515404
0.000354978167600019
0.000308110030538156
5.61938309131399e-08
1.85257254768905e-08
7.98527864177053e-09
5.60863023839819e-08
2.42252838845904e-08
8.20622231409093e-09
5.60532237197167e-08
1.84387259889816e-08
8.28541437921434e-09
5.62864329122338e-08
2.41815779220217e-08
7.86758118907511e-09
5.64921441747112e-08
1.89050014591475e-08
7.78086944159227e-09
5.64207709673453e-08
2.4235820457073e-08
7.55637668279144e-09
-9.30678038720052e-05
-9.30683325230363e-05
-9.30683005579026e-05
-9.30663104945371e-05
-9.30659083985396e-05
-9.30658240654815e-05
-7.80576453067324e-05
-7.80643661083767e-05
-7.80574638825878e-05
-7.80636238414044e-05
-7.80581589881214e-05
-7.80637817850674e-05
-5.38800230701858e-05
-5.38683300668573e-05
-5.38799490858781e-05
-5.38708205655367e-05
-5.38823534410643e-05
-5.38709024282069e-05
-6.81201318000584e-06
-6.83049405457653e-06
-6.81225412512256e-06
-6.82664407154797e-06
-6.808393820408e-06
-6.82635779724e-06
-0.000178309587049319
-0.000178273580661025
-0.000178309299421881
-0.000178276029028291
-0.000178311230017204
-0.000178276324825012
-0.00257160396971713
-0.00257166432249542
-0.00257160464337298
-0.00257165510894422
-0.00257159535419429
-0.00257165427378268
-0.00169714560532494
-0.00169715595250685
-0.00169714695507029
-0.00169713912828347
-0.00169713052178517
-0.00169713754712667
0.00396578931547218
0.00396576007815154
0.00396578814721886
0.00396577534709406
0.00396580098777518
0.00396577669103849
)
;
    }
}


// ************************************************************************* //
