/*--------------------------------*- C++ -*----------------------------------*\
  =========                 |
  \\      /  F ield         | OpenFOAM: The Open Source CFD Toolbox
   \\    /   O peration     | Website:  https://openfoam.org
    \\  /    A nd           | Version:  11
     \\/     M anipulation  |
\*---------------------------------------------------------------------------*/
FoamFile
{
    format      ascii;
    class       volVectorField;
    location    "0.0001100002";
    object      U;
}
// * * * * * * * * * * * * * * * * * * * * * * * * * * * * * * * * * * * * * //

dimensions      [0 1 -1 0 0 0 0];

internalField   nonuniform List<vector> 
900
(
(0.0342640495813454 0.0593125798922187 682.134199267568)
(0.0312740636997884 0.0541503820768739 684.515772444728)
(0.0249705914990836 0.0431069105442341 690.09076342297)
(0.01632371761708 0.0282395439101743 682.148166965438)
(0.0148720238143609 0.0257411955237422 684.522531612675)
(0.0115528095524672 0.0198708352007127 690.092855894867)
(0.0128769182762221 0.0222658913154267 682.183694290422)
(0.0116427930174199 0.0201521200064079 684.548454295178)
(0.00896782785718008 0.0153943129386961 690.110208611979)
(0.0687761529349794 -1.53669981725486e-06 682.134592274806)
(0.0629263034718875 1.67388420764535e-06 684.516056400966)
(0.0503917786763293 -2.1361447156153e-05 690.091013864874)
(0.0328966024030362 -1.51860560075322e-06 682.148501179626)
(0.0300564873996818 1.71000847418787e-06 684.522730422569)
(0.0234706393003803 -2.12298880639538e-05 690.092869180766)
(0.025814740333506 -1.49227157649655e-06 682.183784265852)
(0.0233671330774926 1.78114128588787e-06 684.548572081473)
(0.0179951854469281 -2.08595717631199e-05 690.110325468676)
(0.0342638069908932 -0.0593152285645534 682.134195533285)
(0.0312733497820787 -0.0541463073331053 684.515768553326)
(0.0249693457652182 -0.0431480970534512 690.090759772497)
(0.0163233202830946 -0.0282418921031476 682.14816354308)
(0.0148711381755921 -0.0257368414692658 684.522528210638)
(0.0115514785555275 -0.0199116631621969 690.092853098096)
(0.0128766656649857 -0.0222687412885329 682.183692303859)
(0.0116422947849916 -0.0201483547780732 684.548452162585)
(0.00896702024242911 -0.0154355290331169 690.110206809625)
(-0.0343589519516556 -0.0595447100641955 682.134627513892)
(-0.0314498253185259 -0.0544803289522357 684.516086677266)
(-0.0250947563325874 -0.0436020750329064 690.091038197024)
(-0.0164201725683608 -0.0284731042548802 682.148535196358)
(-0.0150162539411061 -0.0260145520337377 684.522762851)
(-0.0116330167337371 -0.0202811725875762 690.0928978356)
(-0.0128803380815394 -0.0223408761593744 682.183808369539)
(-0.0116779924824742 -0.0202282736720704 684.548593859891)
(-0.00890314244527131 -0.0155471237932797 690.110343946125)
(-0.0684798836805443 -1.53629237657676e-06 682.134255448347)
(-0.0625398867352426 1.42136969027631e-06 684.51583121975)
(-0.0497581973520531 -2.16804688979051e-05 690.090812667406)
(-0.0326051555169354 -1.51989029856734e-06 682.148217851601)
(-0.0297420096521339 1.41253206292681e-06 684.522581809977)
(-0.0229307776071891 -2.15773407597925e-05 690.092892848197)
(-0.0257003812400347 -1.64460450723542e-06 682.183723782523)
(-0.0232770145062388 1.45201999119246e-06 684.548485117451)
(-0.0177509156826684 -2.1304838322103e-05 690.110235903518)
(-0.0343588964173421 0.0595415367346628 682.134629837557)
(-0.0314495485902631 0.0544832032297685 684.516088636251)
(-0.0250946567464921 0.0435591603015119 690.091039587188)
(-0.0164201399648233 0.0284700069500018 682.148537431214)
(-0.0150159373482296 0.0260174289203135 684.52276495387)
(-0.0116326379980446 0.0202380385943536 690.092899641204)
(-0.0128802937797305 0.0223378138309932 682.183809992255)
(-0.011677825146596 0.0202315485602606 684.548595397214)
(-0.00890296623329763 0.0155050999072518 690.110344988746)
(0.0148212378809419 0.0258944887224624 698.490801394962)
(0.00497657855083786 0.00865129820279767 708.782874309176)
(0.00240078540494853 0.00365131072329955 719.864088195146)
(0.00845276383440134 0.0148366744337703 698.488062736385)
(0.00162324153356356 0.00283855079213964 708.779208158897)
(0.000413299326486091 0.00019567472617724 719.860372912555)
(0.00508288196931912 0.00903690901694748 698.49319011211)
(0.00208611900510937 0.00380008579654611 708.77543864319)
(0.000717520983749386 0.000825646396623656 719.854715448155)
(0.0297759904367437 4.26865847932074e-05 698.491391797197)
(0.0130270667867728 2.08229858766527e-05 708.784164584259)
(0.00450029750271881 -9.78655869771124e-05 719.863738206465)
(0.0172566928761633 4.27727489967916e-05 698.48822926665)
(0.00708314801624261 2.08740441365682e-05 708.779136320999)
(0.000540947733208158 -9.72047562925463e-05 719.859758651614)
(0.0103223103534604 4.1718491471067e-05 698.493210613989)
(0.00460594246537289 2.75789262112135e-05 708.774593585926)
(0.00105166877201741 -9.86289943042778e-05 719.85450525619)
(0.0148205700477062 -0.0258097229150779 698.490791993635)
(0.00496842803459352 -0.0085992905719708 708.782857863324)
(0.00239482917891114 -0.00384570057823775 719.864084455313)
(0.00845006825866131 -0.0147494161688992 698.488056692367)
(0.0016105251663248 -0.00277849383017808 708.77919978074)
(0.00040437383925116 -0.000385702237731461 719.860374227774)
(0.00508277975226567 -0.00895419896231586 698.493189540428)
(0.00208202806448033 -0.0037433774747503 708.775440477994)
(0.000715044020996148 -0.00101943270806359 719.854718864806)
(-0.0150550535620583 -0.0258120780515621 698.491434600462)
(-0.00654756691843928 -0.011239822026171 708.784223205796)
(-0.00198949508060061 -0.00382550540815036 719.863801781646)
(-0.00880140609574057 -0.0149825819839075 698.488270510579)
(-0.00358880372977696 -0.0061180801464064 708.779211806583)
(-2.41050860470144e-05 -0.000402845161473854 719.859805706456)
(-0.00533394751087041 -0.00899530596493509 698.493245916348)
(-0.0024963394463207 -0.00405677140504947 708.774641481836)
(-0.00028253159873438 -0.000884684956630355 719.854518614048)
(-0.0299924310726406 4.176370113059e-05 698.490900522356)
(-0.0101889130243199 1.88621199746505e-05 708.783075424322)
(-0.0042429735965818 -0.000101594054648138 719.864143049585)
(-0.0172579133474342 4.12695507693156e-05 698.488125564173)
(-0.00359308266254596 1.89350115291097e-05 708.779313660434)
(-0.000320386293014888 -0.000102102683012179 719.860363478805)
(-0.010506916888974 4.1211745589414e-05 698.493202457848)
(-0.0045636387479651 2.46153035441609e-05 708.775420590805)
(-0.000940244523952219 -9.87577929595366e-05 719.854681920427)
(-0.015053373412462 0.0258944103174112 698.491438698043)
(-0.00654527972267788 0.0112774925927163 708.784228391312)
(-0.00198798818548034 0.00362849818247549 719.863806908367)
(-0.00880024951570925 0.0150659961641484 698.488274389886)
(-0.00358773235961337 0.00615795282150798 708.779217859062)
(-2.2399321077328e-05 0.000206718842440867 719.85980939562)
(-0.00533356356973939 0.00907799893876021 698.493248085923)
(-0.00249499059039165 0.00410991480231739 708.774644843762)
(-0.000284123638829953 0.000690829555921511 719.854519537408)
(-0.00160449562997599 -0.00136729008545554 731.631318491076)
(-0.00158555961579422 -0.00131107908708136 731.628463143792)
(-0.00135507899062582 -0.000844950307249864 731.624230729783)
(-0.00218759161405304 0.000150806415997298 731.631168502251)
(-0.00246916439217725 0.00015194971052153 731.628266877929)
(-0.00176649263393809 0.000152445733700556 731.624103215139)
(-0.00160909759443648 0.00166865429819034 731.631317265717)
(-0.00159003205323056 0.00161420920529543 731.628463436475)
(-0.00135809335347254 0.00115033243392713 731.624231401999)
(-5.90713445898836e-05 0.00139120482550606 731.631181224665)
(7.20054507385066e-05 0.00164382052928992 731.628271803841)
(-0.000322807986809934 0.000972398376380441 731.624117198371)
(0.00092085201086098 0.000145949684217886 731.631342365073)
(0.000846471253856894 0.000147151367906614 731.62846555858)
(0.000330559657139873 0.000149740551283502 731.624224595294)
(-5.77367346890533e-05 -0.00109296098939155 731.631182129922)
(7.48256843774276e-05 -0.00134573914746304 731.628272030843)
(-0.000323517364339546 -0.000666679986412491 731.624119403723)
(0.00215434475569569 0.0038358309111745 744.095727554007)
(0.000940456534231089 0.00169014610609627 744.094156229232)
(0.000435924097792256 0.000806882703321728 744.091567768422)
(0.00120715380595844 -5.25809719848428e-05 744.0953067321)
(-0.000607218018734227 -5.17678054741586e-05 744.094191649069)
(5.46808689689185e-05 -4.88499169017399e-05 744.091729431027)
(0.0021625118669911 -0.00393577475196225 744.095729017187)
(0.000945512043380758 -0.001788927537701 744.094156708751)
(0.000437701325927653 -0.000902962208647941 744.091566970232)
(-0.000638740013407122 -0.00117779646384251 744.095337061841)
(0.000264189781161557 0.000402724889278498 744.09420204673)
(-9.20093169786472e-05 -0.000155874730392294 744.091728670444)
(-0.00443008604237374 -4.19486669956306e-05 744.095719106473)
(-0.00199210833164061 -4.42897815025038e-05 744.094154564701)
(-0.00100820723758539 -4.66770230354132e-05 744.091575178347)
(-0.000644716995542457 0.00108381325060187 744.095340116355)
(0.000259112636087901 -0.000496655421486565 744.094203273786)
(-9.40007307693617e-05 6.14738379589716e-05 744.091728414529)
(-0.00470546141532809 -0.00985169102110791 757.302874826574)
(-0.00243233541944033 -0.00582059862747476 757.30316372692)
(-0.000791532396922653 -0.0028551113553596 757.299778890859)
(-0.00494805628707388 -2.18823600684848e-05 757.30370852291)
(-0.00187678120901162 -2.11239069159611e-05 757.30260686039)
(-0.000718013277066235 -2.09760723846848e-05 757.30007653301)
(-0.00471710879953468 0.00979936800437667 757.302869694555)
(-0.00244187097524136 0.00577192295976177 757.303159422141)
(-0.000794109298284022 0.00281010564967878 757.299776166062)
(0.00372532660583655 0.00502435389711399 757.303806714156)
(0.00216444630737811 0.00233422395008619 757.302672559144)
(0.00156612757511655 0.00129025847027574 757.300099394107)
(0.0120967856679217 -3.8084294379887e-05 757.302933581609)
(0.00745242424639559 -3.43242279782488e-05 757.303212761451)
(0.00407602254464346 -2.39073718213813e-05 757.299803742443)
(0.00372733964992859 -0.00507355002198576 757.303818527768)
(0.00216614659482007 -0.00238086577849559 757.302677932087)
(0.00156534052840952 -0.00132995980559159 757.300100958726)
(0.0061574306242949 0.0132630773718796 771.333148807354)
(0.00329814761750171 0.00819759076618784 771.331724862358)
(0.000378881990378313 0.0031656149242015 771.332009627048)
(0.00510239473306533 7.11526835811413e-05 771.33210395519)
(0.00152434851442243 7.09412026677616e-05 771.332540322994)
(-5.18672471846509e-05 7.71168882009693e-05 771.333154345671)
(0.00617444316806241 -0.0131105207949033 771.333141813636)
(0.00330898258062343 -0.00804306987505143 771.331718467623)
(0.000385896524332543 -0.00300422962447022 771.33201060655)
(-0.00449946515111441 -0.00563812291222645 771.332111253794)
(-0.0027160654065433 -0.00254565566539429 771.332547380411)
(-0.00201479980618988 -0.00117640513972731 771.333119013404)
(-0.0163255708825679 9.3014000161529e-05 771.333222535655)
(-0.0105707427162686 8.924361861755e-05 771.33179184291)
(-0.004846946520993 8.4170304088338e-05 771.33199186759)
(-0.00450993460255613 0.00580111965365663 771.332109794081)
(-0.00272709279035684 0.00270881265500933 771.332546718016)
(-0.00202356383268825 0.00134382748068383 771.333116898069)
(-0.0133976739660902 -0.0248148287840989 786.457572560427)
(-0.00777690525144934 -0.0148362868479903 786.458368892671)
(-0.00250430489336567 -0.00605036679181951 786.454962807536)
(-0.0104283775664799 -8.42091457759009e-05 786.458901696632)
(-0.00375834093825383 -8.27148673797901e-05 786.457044415808)
(-0.000797270797507615 -8.56184569784251e-05 786.45461904592)
(-0.0134137283672646 0.024640185459081 786.457548738468)
(-0.00778540367095795 0.0146654146769291 786.458353188256)
(-0.00251703825821555 0.00587013248308634 786.454956523808)
(0.00631522372811942 0.00968358093758745 786.459144029215)
(0.00298528984362042 0.0039281488186188 786.457155675195)
(0.001619357969234 0.00145628324023254 786.454569720266)
(0.0291242025283885 -0.000101769515612167 786.45775599082)
(0.0177098676724358 -9.43591020938032e-05 786.458492793905)
(0.00754667986180819 -9.93520788861883e-05 786.455029945609)
(0.00631609539017851 -0.00985462827605111 786.459184099362)
(0.00298981078307711 -0.00410232058343698 786.457174344869)
(0.00162879126995044 -0.0016403152094159 786.454565782426)
(0.0144228133864249 0.029194622292307 804.512524795356)
(0.00814361475958924 0.0181487727164076 804.51983465821)
(0.00188359005534789 0.00774664415538307 804.519174137224)
(0.00919477950577432 0.000153238015378977 804.510037780501)
(0.00232036113497574 0.000151873896280973 804.515803063739)
(-0.000527887401325929 0.000160044305949484 804.520100233783)
(0.0144430615814584 -0.0288987954911671 804.512502552622)
(0.00815330590404869 -0.0178425943962448 804.519814903788)
(0.0018980514009939 -0.00741126541712469 804.519168624309)
(-0.0080261109382289 -0.00998612071003639 804.510325912136)
(-0.00461597424014401 -0.00409676127346287 804.516020563772)
(-0.00332075883845813 -0.00167139573491949 804.520076803094)
(-0.0354882881204966 0.000163463701557845 804.512756201906)
(-0.0229122767456276 0.000161540696171963 804.5200520073)
(-0.0109840157081733 0.000178302911731677 804.519235476915)
(-0.00804005641151441 0.0103173626428862 804.510339107136)
(-0.00463450939659911 0.00443313745170181 804.516028124957)
(-0.00333952696945236 0.00202296610991608 804.520072762744)
(-0.00126266428974171 0.00323977806465935 824.307821063232)
(-0.00864944833695143 -0.00958528791110966 824.328492366991)
(-0.00682476355559011 -0.00641336653688217 824.346972360944)
(-0.00086154614354932 0.000197923158227354 824.322050036929)
(-0.0112600307443576 0.000203763987941505 824.336305030446)
(-0.0094840050926149 0.000210616913324594 824.348412686023)
(-0.00123786783976998 -0.00281785328170065 824.307805765)
(-0.00863054919638407 0.0100112890984838 824.328480069366)
(-0.00681404357377942 0.0068529335282933 824.346969931774)
(-0.00388843615445568 -0.00196763633852527 824.322081065737)
(0.00130886206288091 0.00714346446966202 824.336304765529)
(0.000389643322206975 0.00568676527724265 824.348394771603)
(-0.00600776785844846 0.000233032247690608 824.307911111727)
(0.00872752361802072 0.000229898800041673 824.32858398098)
(0.00489664063310605 0.000228745537002243 824.346988119993)
(-0.0039235825212617 0.00242421933827441 824.322081202803)
(0.00128261072356264 -0.00669039268384517 824.336303109642)
(0.000370920221364457 -0.00523382167694565 824.348393486774)
(0.00321026391118695 0.0112318632277848 850.232134165042)
(0.00484009452280621 0.0140076803056484 850.209521503536)
(0.000684836755236069 0.00682721401798153 850.17886502354)
(0.00392346966590432 0.000213545756069913 850.214341893771)
(0.00474723921147651 0.000218649898322053 850.197543183359)
(0.000955320316079635 0.000225086983161723 850.178505705832)
(0.00323204400597895 -0.0107818905507543 850.23212963087)
(0.0048559240196413 -0.0135540799222371 850.209519074565)
(0.000694212669924998 -0.00636322267353417 850.178871359563)
(-0.00647353916759738 -0.0061454625869604 850.214316145315)
(-0.00688414726750663 -0.00675726693884216 850.197536467917)
(-0.00501375098802237 -0.00338297558580193 850.178517545082)
(-0.0154058641498571 0.000244599569543968 850.232170108893)
(-0.0186836512460864 0.000241019317424636 850.209537629994)
(-0.0105236452914273 0.000239709891673361 850.178807122749)
(-0.00650401494901669 0.0066250507075946 850.21431267242)
(-0.00690561766341032 0.00723167917303037 850.197534550262)
(-0.00502736668363679 0.00385603958468545 850.178518302572)
(0.0343757835618323 0.0595024220728598 682.364696531919)
(0.0202274081885974 0.0349953608317673 682.408542028385)
(0.0161274254327201 0.0278843638806861 682.466817042084)
(0.0688214874272347 -1.72921652913661e-06 682.364846755418)
(0.0404286284424057 -1.84037974877485e-06 682.408655199512)
(0.0321988093665269 -2.06544053555648e-06 682.466841181118)
(0.034375767293951 -0.0595057528767134 682.364693845645)
(0.0202273816492348 -0.0349987701425344 682.408539609058)
(0.0161274354968694 -0.0278884622686258 682.466815501949)
(-0.0343791465599259 -0.0595847206511013 682.364877797926)
(-0.0201813249007151 -0.0349966765082055 682.408684090778)
(-0.0160596329923179 -0.0278651864548152 682.466861758221)
(-0.0686900476425427 -1.68149200249477e-06 682.364735945317)
(-0.0403912446704047 -1.72948725136279e-06 682.408577389114)
(-0.0321734754451267 -2.04158796661588e-06 682.466839490785)
(-0.0343792025154784 0.0595813551035504 682.364879881953)
(-0.0201814807836224 0.0349932616585271 682.408686045272)
(-0.0160597318897623 0.0278612262292597 682.466863160715)
(-14.8939800234977 -25.797504335071 5.05447704240908)
(-5.62924582459623 -9.75104945316085 -8.35270288365694)
(-7.50088564886016 -12.9932399859038 52.6469582301377)
(-18.7549620136423 -32.4861913461759 54.9005907556527)
(-12.4953530251054 -21.6435382142784 66.0678034350322)
(1.01472852493318 1.75692936494973 75.9681000440784)
(5.83770658760205 10.1108618400375 97.4219160439042)
(-3.22678379608943 -5.58885996460871 116.618147662781)
(-13.919196196616 -24.1085653161716 137.738931281226)
(-22.0701181443891 -38.2264557207601 146.45291469758)
(-23.0427177788103 -39.9112538550307 149.392563896537)
(-22.8883151385335 -39.6439241603127 152.859311623362)
(-25.9425285613153 -44.9343526756089 153.756848751841)
(-25.2831008430794 -43.7916244755979 173.273908310091)
(-9.90485519954202 -17.1559557673556 195.852379383228)
(-22.6530853776848 -39.2367288000482 45.1946010765786)
(-13.9805046336277 -24.2158758173829 304.89577127773)
(-38.5810506808914 -66.8255621211217 368.571616761959)
(-20.7732566426913 -35.9808913289638 282.218297116064)
(-5.88012522325759 -10.1859185982311 246.241787996259)
(-7.13871556444756 -12.3657404116995 236.428091750517)
(2.81740815911864 4.8792933997339 246.188555873454)
(7.63835426055327 13.2307163237411 317.700955767088)
(-1.04299974833939 -1.80603582599216 341.277876212862)
(-4.53181535210457 -7.84951673494158 347.014696107706)
(-0.158487563702168 -0.274940847393511 361.554138755164)
(5.42009933752746 9.38754377503797 380.197509517584)
(5.56335215322929 9.63545548441002 403.684454925567)
(-3.54300386764948 -6.13742826242573 445.229281945004)
(-13.0888346560548 -22.6711152250149 348.967147522582)
(69.9856080228014 121.218443379421 213.576486546007)
(188.255069502649 326.066216739519 1056.47671424872)
(2.81512996005752 4.87515239659871 1000.55657240801)
(-84.7901236428165 -146.860793105218 700.749016402014)
(-35.0193852142321 -60.6560375039878 585.817023146934)
(14.2050472610069 24.6042519277967 578.918942825593)
(9.13434367193473 15.8192464929771 598.10953578348)
(0.191822848136042 0.335278354296783 671.980749922582)
(-14.2859780683015 -24.7439312853484 676.86249860378)
(-18.713684716446 -32.4133730816316 664.395173847532)
(-12.150132310342 -21.0456028623892 672.317881674152)
(-6.87724351385072 -11.9110899651634 691.140490580159)
(-8.40663907294781 -14.5597834103014 719.395047367164)
(-6.28108214730756 -10.8794647934333 789.959168705283)
(-29.5194748767824 -51.1298471418622 697.485104258707)
(357.980400809154 620.040724019849 950.257810459551)
(521.31160939303 902.938839302605 1603.65716709279)
(142.978009317008 247.645188726666 1570.41975196882)
(-103.728127534108 -179.660091381284 1253.08811930286)
(-60.0558614038347 -104.021240250722 935.948249014135)
(-6.50009654564305 -11.2590229725372 932.331539173196)
(44.0240653668943 76.2519882190195 996.613155420463)
(25.8861233734191 44.836227201342 1058.30670319753)
(-8.09147384943875 -14.0142451288614 1052.0771382484)
(-6.48810432672313 -11.2384751442682 1033.71571961865)
(-0.811093162224066 -1.40569414998987 1033.00068597724)
(1.40258883215951 2.43016357185307 1042.37104838233)
(2.69428980013794 4.66876519074967 1063.45044292168)
(14.6001080831431 25.288639900921 1135.04974827439)
(-10.1153073070742 -17.5203962621945 1128.58767533893)
(-18.7441694824076 -3.85424799690222e-06 1.76880860402077)
(20.1513157643964 2.6029004576193e-06 111.887400831154)
(-7.86825643360312 -4.00308678853659e-06 150.703740452906)
(-44.7516380636534 -6.64658818870184e-06 126.804345402956)
(-30.7341907657727 -8.21681510420532e-06 88.7000178129349)
(-5.06091416856489 -5.38246896301618e-06 90.9895241623683)
(13.5240487761984 -1.11829122347912e-05 119.39640857305)
(-0.589198502749332 -1.95869488985154e-06 134.599192527511)
(-13.5721136766254 -1.0393218194962e-06 153.068387424452)
(-33.213595262041 5.54571360598096e-06 149.41804678356)
(-44.2173412326415 1.09236929600133e-05 140.247567870023)
(-52.0268131753578 -1.03669261822675e-05 133.406142584757)
(-56.613043081751 2.24210982010988e-07 138.91663749576)
(-41.1439533720688 -2.47158218736812e-05 178.093906949013)
(24.0610500799828 -1.34896105532629e-05 227.787034384585)
(43.0236239285324 -3.10408256037746e-06 67.8114638590412)
(94.7003585134554 1.64881127234756e-05 395.272573425283)
(-5.72417398852963 2.81465207367667e-06 489.34299197984)
(-68.6125905930811 -3.10740860394185e-05 394.645968897452)
(-33.0803757839825 -2.96825881048927e-06 302.530334144146)
(-1.7590569605303 9.7343718484615e-06 287.856863288706)
(13.0993340595021 -1.67879341659978e-05 282.245175494291)
(8.01444011599095 -3.87403436454465e-05 341.049661884515)
(3.66554147615294 -3.13618981677484e-08 348.236213194472)
(1.8833173019731 4.90816054145396e-06 337.555063049768)
(-2.87316188218796 2.30442481738971e-06 338.040761191309)
(3.24935658484989 -4.58337005019144e-05 351.637408951245)
(0.726697752916526 -7.07001752612132e-05 391.045860398497)
(-2.8835809318858 -4.9744734519096e-05 442.541339265275)
(-10.5363717181693 -3.52383911807862e-05 359.471546456462)
(245.42679975989 5.99716871592991e-06 286.135771955481)
(278.095203633372 0.000120172727673574 984.298589868207)
(-9.26522024390571 0.000141248484235761 948.444746679042)
(-118.38229310533 -0.000101566147958426 772.390317434931)
(-42.273632605259 -0.000133555714865825 642.636861917738)
(21.6773417783748 -0.000130713102709247 630.257321833453)
(-4.14086193215196 -0.000149461667770462 630.807837321979)
(-23.3684129275404 -0.000109418770128699 675.68054618985)
(-33.0692317178273 0.000115104872365879 651.379323376578)
(-34.9987017178572 0.00011650905790638 631.094145635712)
(-31.2962994862235 0.000229078587193032 641.770764744187)
(-19.8455090375556 9.4545300439767e-05 678.320234102684)
(-6.51273378880651 -6.8976039071471e-05 727.119366072795)
(14.1410615419058 -6.56400563390486e-05 802.602698822753)
(-29.0298833977667 -4.73681950469909e-05 706.281871027385)
(557.679650244736 0.000143096927917132 897.629515356268)
(832.903713725458 0.000162536403894664 1560.52480751093)
(166.90521148556 0.000256462754441351 1420.32561833652)
(-199.954467534199 -6.08422471940532e-05 1213.14528185769)
(-106.995715349424 -9.84111195458826e-05 954.599262689053)
(-1.70457643915845 5.06319604306752e-05 951.638169670393)
(85.3953826027146 -0.000125671219563931 996.642908684938)
(44.8782014339991 -0.000122511881613838 1040.34170618321)
(-29.7950367565434 -5.41468565589493e-05 1003.03209890803)
(-33.2533081366858 8.83328765201191e-05 995.213612598109)
(-3.78145872240634 3.22843578522356e-05 1009.47763276766)
(22.2301535145836 5.62605726623695e-05 1047.37683213417)
(19.388056231739 4.30312810835463e-05 1080.0537058614)
(37.2555640263005 5.45187172364672e-05 1148.07569018583)
(-25.7862204763369 2.17260999111295e-06 1093.66688573362)
(-14.8940011201274 25.7974854783401 5.05448540605057)
(-5.6293320388494 9.7510930560177 -8.3528008604213)
(-7.50096973744088 12.9932285483739 52.6467477651779)
(-18.7550467962343 32.4861206292557 54.9004421978967)
(-12.4954190560912 21.6435182185468 66.0676842353059)
(1.01467573351893 -1.75693219923969 75.9680187120118)
(5.83765311810948 -10.1108282329457 97.4218489485934)
(-3.22677686804073 5.58885142457384 116.618131881042)
(-13.9191746076391 24.1085414228447 137.738918330998)
(-22.0701044011459 38.2264375495391 146.452909684093)
(-23.0426971283511 39.9112046774126 149.392603461327)
(-22.8883202543419 39.6439162905758 152.859319544732)
(-25.9425564259903 44.9343524597242 153.756820730597)
(-25.2831135037737 43.7916468510267 173.273836270797)
(-9.90487340865745 17.155967111356 195.852302003042)
(-22.653138474612 39.2367733724168 45.1945821181092)
(-13.9806437842333 24.2160194704671 304.895445683312)
(-38.5811205435132 66.8255248566822 368.571327704324)
(-20.7732479745099 35.9807995602285 282.217970445865)
(-5.88017084465595 10.1858269470982 246.241540771736)
(-7.13874821703093 12.3656241150682 236.427959044294)
(2.81741362849099 -4.87941603319126 246.18844699425)
(7.63837615135257 -13.2307098093038 317.700823048731)
(-1.0429769791456 1.80603346399016 341.277747229369)
(-4.53181310734691 7.84949517601432 347.014564327065)
(-0.158424505607147 0.274791786749918 361.553989751605)
(5.42008935353794 -9.38755876239212 380.197370891324)
(5.56333563324468 -9.63547581550146 403.684291377293)
(-3.54303370909585 6.13741426198172 445.229127913468)
(-13.0888676904775 22.6711218020822 348.96699338192)
(69.9854699004192 -121.218218222334 213.576358429275)
(188.254857187927 -326.065962418439 1056.4763221738)
(2.81499830667204 -4.87502082251549 1000.55634615947)
(-84.7900848205959 146.860704813521 700.748717436497)
(-35.0193934159853 60.6559461941863 585.816741368665)
(14.2050809328743 -24.6042585645923 578.918813691722)
(9.13413593638557 -15.8191680954319 598.109371691988)
(0.191888480671317 -0.335015463324306 671.980397596715)
(-14.2859920053791 24.7439306454182 676.86218144192)
(-18.7137104126668 32.4133664336775 664.394863328151)
(-12.150198972944 21.0456108994481 672.31733540896)
(-6.87730163515332 11.9112446468307 691.14004292282)
(-8.40669373808248 14.5599603948575 719.394608737933)
(-6.28116177003287 10.8795721838245 789.958829204107)
(-29.5195473905258 51.1299168017135 697.484824835925)
(357.980356212566 -620.040603009563 950.257761503557)
(521.31134049198 -902.938317398015 1603.65679539069)
(142.977755282884 -247.64478102856 1570.41943123842)
(-103.728031355568 179.660183415772 1253.08788130191)
(-60.0558777430539 104.021081200591 935.948077153401)
(-6.50000017096231 11.2587815662215 932.331468091027)
(44.0240669853767 -76.2519929911797 996.61298899904)
(25.886029891518 -44.8360755552071 1058.30633495456)
(-8.09159666171981 14.014485368142 1052.07687717026)
(-6.48802743279174 11.2382217828465 1033.71518437923)
(-0.811262806815178 1.4058403248797 1033.00001201097)
(1.40251402429048 -2.42999780730867 1042.37043608956)
(2.69427567889832 -4.66855850939341 1063.44992030319)
(14.6000699073779 -25.2885318114847 1135.04935280209)
(-10.1153819265379 17.5205062729031 1128.58738265518)
(9.37192788084464 16.2326093531486 1.76882420583003)
(-10.0766589194341 -17.4531712821203 111.889151226005)
(3.93354893436148 6.81309211556058 150.70492487704)
(22.375837896325 38.7560202375174 126.805936126998)
(15.3670778120697 26.6164512179721 88.7009561732297)
(2.53027974473215 4.38249177815742 90.9902407015612)
(-6.76218585635403 -11.7126605151514 119.397057518682)
(0.294794862676504 0.510570671815263 134.599448939599)
(6.78619237211519 11.7540057390919 153.068571252297)
(16.6068280379459 28.7639630895935 149.418208036954)
(22.1086501395283 38.2934743885102 140.247685438663)
(26.0134964727896 45.0564686319797 133.406242649893)
(28.3064595249434 49.0282265606312 138.917204321903)
(20.5720561106467 35.6313118189534 178.094858957589)
(-12.0306107333913 -20.8379061278623 227.788039958184)
(-21.5121403611922 -37.2601089275628 67.8120595254956)
(-47.3510738138946 -82.0140161659901 395.275829282708)
(2.86179258627876 4.95689308057294 489.347094871981)
(34.3069374343535 59.4207912531614 394.648961549493)
(16.5402157910925 28.6484705654689 302.532320855743)
(0.879776357321131 1.52399929692657 287.858286796151)
(-6.54914483093427 -11.3437296569745 282.24577163488)
(-4.00696546693452 -6.94095010518559 341.050567503823)
(-1.83276451117727 -3.17437544404288 348.237128090274)
(-0.941708094463445 -1.63098437333379 337.556074709149)
(1.43661719303863 2.48831960391002 338.041552213206)
(-1.62432094585771 -2.81436816483817 351.638133714354)
(-0.362921249735384 -0.630076525118204 391.047115951178)
(1.44208167151467 2.49671542751339 442.542591066953)
(5.26839965298972 9.12440948352346 359.473080537172)
(-122.714358935879 -212.5473212432 286.135857028028)
(-139.050830244904 -240.84026963685 984.303946250021)
(4.6297686229863 8.02196357166099 948.451639223348)
(59.1930453979904 102.523652575972 772.394306228647)
(21.1379148202134 36.6097165830847 642.638957733308)
(-10.8373528192322 -18.7727057207427 630.259473663907)
(2.07134209539588 3.58549352651089 630.80862330406)
(11.6846894454546 20.2369508634303 675.682212291541)
(16.5334824091443 28.6387625492446 651.381861793592)
(17.498338238443 30.3101005987206 631.096693945649)
(15.64656952918 27.1049138403527 641.772722409666)
(9.92159718424256 17.1865408684284 678.322216517607)
(3.2563949863128 5.63883222428483 727.121633265494)
(-7.07039293806586 -12.2475925195318 802.604846490392)
(14.5150381153468 25.1398204377276 706.284669121015)
(-278.841556731157 -482.964451990072 897.628134773446)
(-416.456917506511 -721.320649589405 1560.52936084271)
(-83.4579906670509 -144.548233127172 1420.33095952491)
(99.9761660813335 173.163450737155 1213.15377102166)
(53.4995971958622 92.6626679345802 954.601340025212)
(0.854261149673998 1.4805167562727 951.640155144837)
(-42.6962524853735 -73.9541034155563 996.644005364599)
(-22.4383839618518 -38.8663080133917 1040.34427585515)
(14.8970772248301 25.8018793096672 1003.0354035006)
(16.6259354442038 28.798674871403 995.217606404221)
(1.89066870464499 3.27549832533252 1009.48057710728)
(-11.1154998338126 -19.251516917146 1047.37958808396)
(-9.69461405471753 -16.7908300984381 1080.0564406589)
(-18.6286433204638 -32.2646987841049 1148.07839058751)
(12.8926978707009 22.330801681909 1093.66994813459)
(29.7882641077433 -2.7707510366562e-05 5.0543844958084)
(11.2584608727524 -5.28678626628646e-05 -8.35180207170445)
(15.0024959933758 -7.85457862764279e-05 52.6488500648523)
(37.511318200693 -0.000108781033574032 54.9017762382158)
(24.991348876253 -6.71789993215351e-05 66.068674198334)
(-2.02902321923048 -4.71332535392526e-05 75.968635616023)
(-11.6754130259753 -2.95006716805869e-05 97.4223814413582)
(6.45366154483489 1.73235035711327e-06 116.618309422972)
(27.8385313435808 6.75115753862436e-06 137.739067338222)
(44.140333322127 2.81740610046838e-06 146.453004530549)
(46.0859612618746 -6.70401389114907e-06 149.392290416094)
(45.7768488333648 -8.36334169405505e-06 152.859303854612)
(51.8854407241954 -2.42360567316209e-05 153.757154048681)
(50.5659703940148 2.26387484903997e-07 173.27463774443)
(19.8097270503396 -1.00945409615524e-05 195.853151103424)
(45.3058719269852 -2.36891230582085e-05 45.1947187145896)
(27.9598666047026 -4.86681485167779e-05 304.899003857436)
(77.162993568608 -7.91475029412923e-05 368.574309817178)
(41.5475063971479 -3.83879991275248e-05 282.220993884055)
(11.7616122790812 -8.53398865500267e-05 246.243676849339)
(14.2788943768488 -8.64126856482683e-05 236.429133095141)
(-5.63360224159013 -5.65539012715709e-05 246.189440783817)
(-15.2773245829442 2.22382178274864e-05 317.70205236544)
(2.08567900894899 1.85588312773915e-05 341.278909581907)
(9.06392672805242 -8.82866132655772e-06 347.015854398585)
(0.318634305285305 -1.992707822698e-05 361.55548190691)
(-10.8398448398052 -1.61451564508795e-05 380.198812002371)
(-11.126120541822 -2.44707288812601e-05 403.686008523809)
(7.08664011539392 -3.28334599588544e-05 445.230754440224)
(26.1779544484477 -2.53109900999004e-05 348.968642938095)
(-139.973646926804 -6.96655578565411e-06 213.577632415135)
(-376.512569307282 -5.65838696844479e-05 1056.48088691675)
(-5.63153247669575 -4.8176246220999e-05 1000.55929943192)
(169.580828974499 -1.05611768235162e-05 700.75192049854)
(70.0397574843491 -5.27864054163106e-05 585.81938405321)
(-28.4103802942795 2.58341562166239e-05 578.920225626354)
(-18.268322488199 -0.000140744326621072 598.110894316236)
(-0.387627106658198 0.000188279490471746 671.983441548263)
(28.57182836382 -1.23943221076024e-05 676.864914055127)
(37.427536520432 -2.55754264167287e-05 664.397716097135)
(24.3007131486999 -5.37284928550836e-05 672.322488721137)
(13.7526033771747 2.7009286496105e-05 691.144400996895)
(16.8110161749636 4.11647588332818e-05 719.398964155472)
(12.5613459984777 -1.52436435797178e-05 789.962245349785)
(59.0386233412014 -2.79329757023164e-05 697.487727733035)
(-715.962383662033 2.22520148198279e-05 950.258217251104)
(-1042.62975302834 2.84925970196751e-05 1603.66085534981)
(-285.960982110626 -1.59580037181764e-05 1570.42311331961)
(207.453491132273 0.000129221991967039 1253.09079439401)
(120.113851323626 -9.3736621267998e-05 935.949795350772)
(13.0026761052214 -3.73040194265387e-05 932.332289452119)
(-88.0480143541323 -1.00807142474411e-06 996.614442269474)
(-51.7735406456693 -5.12352822580148e-06 1058.3094650846)
(16.1804215291375 1.37051856893937e-05 1052.07902712616)
(12.9787806983679 -5.99733317000553e-05 1033.7197337824)
(1.62099708825624 -7.39586340647505e-05 1033.00614506109)
(-2.8075319292997 1.80041974932615e-05 1042.37613692093)
(-5.39212663392727 9.11596659077151e-05 1063.45494216124)
(-29.2016557782842 2.11508419158821e-05 1135.05319620156)
(20.2295644862583 -9.45208463698009e-06 1128.59028325796)
(9.37191105039508 -16.2325879320687 1.76882852050092)
(-10.0767517347603 17.4533371816756 111.889355963098)
(3.93349116438871 -6.81300012232784 150.705069173985)
(22.3758485829518 -38.7560520480258 126.806139811488)
(15.3670703918201 -26.6164547979227 88.7010780238118)
(2.53024278126669 -4.38243851619379 90.9903474357555)
(-6.76224384128128 11.7127385873527 119.397160128683)
(0.2948090872983 -0.51059922166727 134.599489479541)
(6.78620523618287 -11.7540300927859 153.068584326221)
(16.6068423467456 -28.7639767770218 149.41821745859)
(22.1086661461221 -38.2934802636446 140.247686999936)
(26.0134875204304 -45.0564738531834 133.406242403532)
(28.3064537693961 -49.0282161351546 138.917251129436)
(20.5720192646432 -35.6312974211071 178.094949274641)
(-12.0306440148981 20.8379368050312 227.788140328288)
(-21.5121700283974 37.2601540435642 67.8121201010433)
(-47.3511296921316 82.0141457986831 395.276212984283)
(2.86178889684693 -4.95688124999737 489.347585997963)
(34.3069728196872 -59.4209147597345 394.64934828069)
(16.5402218185552 -28.6484869662887 302.532585488777)
(0.879839657678704 -1.52408946860106 287.85848553131)
(-6.54909147777446 11.3436036735765 282.245851927218)
(-4.0069983156573 6.94092952084852 341.050682448625)
(-1.83275684936615 3.1743621157397 348.237232656208)
(-0.941704876010064 1.63098862135178 337.55617834171)
(1.43662686327599 -2.48833176389358 338.041620804314)
(-1.62436450617727 2.81435194370869 351.638187254167)
(-0.363003534892499 0.630077666151245 391.047228976372)
(1.44201961173696 -2.49670739366162 442.542715667581)
(5.26835621536521 -9.12440468433645 359.473241221698)
(-122.714433433951 212.547462174124 286.135826211442)
(-139.050948455778 240.840714640209 984.304564690231)
(4.62970474317739 -8.02157073833212 948.452493284758)
(59.1931278447786 -102.523998675249 772.394798613809)
(21.1378241566966 -36.609826769982 642.639218302302)
(-10.8373890643126 18.7725070263755 630.2597576867)
(2.07120574407717 -3.5855563123065 630.808723951575)
(11.6845743113001 -20.2369702947786 675.682423646183)
(16.5335451734982 -28.6386410516591 651.382192584674)
(17.4984292451388 -30.3100251902906 631.096990513831)
(15.6468108155086 -27.1048736260687 641.772918333419)
(9.92164064764442 -17.1864270967361 678.322411527774)
(3.25626615822974 -5.63874695386193 727.121868510334)
(-7.07050208160219 12.2476504190537 802.605077847634)
(14.5149586309821 -25.1397773385996 706.284976912345)
(-278.841446561813 482.964547326756 897.627943328729)
(-416.457150984337 721.321378955347 1560.52990197228)
(-83.4581396845558 144.549003802247 1420.33156327239)
(99.9759563007031 -173.1632091956 1213.15488244316)
(53.4996703068703 -92.6629914964596 954.601590910611)
(0.85463848988444 -1.48106917895271 951.64041934438)
(-42.6962724355383 73.9538866177805 996.644162357075)
(-22.4384921036435 38.8662502925347 1040.34463457372)
(14.8969486468915 -25.8017649598428 1003.03586475365)
(16.6260289759134 -28.7986601526921 995.218132319512)
(1.89074961572881 -3.27557412388994 1009.48093731137)
(-11.115433063209 19.2515137915517 1047.37990727676)
(-9.69460493171352 16.7909007995393 1080.0567596648)
(-18.6286463414321 32.2648137587709 1148.07870832117)
(12.8926482063131 -22.3307107017172 1093.67030614951)
(170.65711031179 295.590059568781 1242.6130107683)
(313.680431257206 543.311323059703 1569.82435842046)
(179.765697878262 311.3662809042 1897.37912080412)
(-103.295064766961 -178.907020646395 1534.28793634241)
(-75.7788731206408 -131.248840025729 1247.6613287504)
(-4.87816911849058 -8.44246798117384 1192.4431674709)
(23.0305319222917 39.8913806075841 1225.71783050635)
(14.0073027704855 24.2608631435767 1332.51365251231)
(-1.6946456481266 -2.93552896961402 1327.60570066621)
(-12.763081101589 -22.1065201426947 1314.88308446889)
(1.22886069238738 2.12866583255615 1309.35957479356)
(1.41968343261463 2.45912233960053 1323.52070236717)
(-2.06053876471807 -3.56952642699345 1342.28064421065)
(16.9741962774832 29.3981448231521 1399.06724983437)
(9.72208066315835 16.8372531404406 1399.91131402104)
(80.8078609518924 139.967052697161 1166.64362974095)
(178.292783325826 308.813995284571 1509.15826693074)
(147.096820394046 254.781271299077 1834.40834366843)
(-36.3932943740645 -63.0302250390547 1697.75340190167)
(-81.0465791594208 -140.368472692315 1478.07799401383)
(-6.80235083205871 -11.7692803826877 1355.47696447155)
(17.3625692164234 30.0804916950138 1401.22113302931)
(14.4689257430386 25.0636981405115 1491.31507223222)
(-1.7793862372388 -3.0800197321511 1471.2208624803)
(-8.16373819801525 -14.1379239212772 1453.63961177357)
(0.648570538668137 1.12594392188119 1430.8498481999)
(2.05733382734729 3.56506446432686 1449.00360174721)
(-4.7679803797651 -8.25850205495646 1474.26558941137)
(6.60629258591031 11.4410112778009 1517.23925117145)
(9.75236632384596 16.8893246707974 1489.90861047608)
(32.5411347222955 56.3667627116317 1121.05699772297)
(68.3801119839208 118.439265826186 1460.13232576568)
(66.0228640207028 114.356986853049 1814.17188825916)
(4.28078949029387 7.41852295138884 1774.81535147482)
(-51.0133402727553 -88.3454223329651 1626.059147591)
(-6.48045922788349 -11.2139789552759 1450.15353667322)
(10.2383762307074 17.7384646751827 1505.18183067346)
(6.00267678556871 10.3994385826212 1589.46940651704)
(-3.84437882078587 -6.65767347063793 1548.15310877452)
(-6.89092290066811 -11.9338921924082 1528.32886088502)
(-1.06440962562499 -1.84075129267685 1512.26009509309)
(1.13064361159789 1.96096080421753 1517.67452773298)
(-1.36833059600169 -2.37000612857777 1539.28263641746)
(1.30836563263981 2.2642406894504 1571.6017781799)
(6.20432602460494 10.7412210660482 1539.60540001233)
(296.266049707021 0.00019049322786339 1179.77608586446)
(445.306314347133 9.83575318658406e-05 1470.54417592106)
(207.737120536659 0.000113700153370993 1789.44822208802)
(-175.783079932462 0.000231800657934948 1509.52842302503)
(-134.315862490842 4.7872582965739e-05 1234.32110612756)
(-4.29441717854456 -0.000366450769753059 1183.15513827652)
(48.3833113594112 -4.15115841055231e-05 1226.04755394956)
(43.2112079890246 3.43063700192919e-05 1309.78071498652)
(-23.9733262889859 -4.96641761465085e-05 1294.5774035002)
(-52.2339937039568 0.000224770877704138 1291.6061551363)
(-19.3543057471301 0.000237324645903242 1303.01161110139)
(34.5540602567756 0.000142499718393503 1317.86747232019)
(33.7909903310943 -3.15009530751368e-05 1345.71248830601)
(24.8114247188244 -3.37457759111522e-05 1394.30581928858)
(-35.132148298342 -7.64214472518183e-05 1360.87667085773)
(90.7770228366485 0.000164722453085783 1142.67674992468)
(194.353180291873 9.46553516258152e-05 1472.03626207709)
(162.872935979924 7.48249389878071e-05 1810.77222986757)
(-96.0379066518799 0.000103211801937662 1686.93938075912)
(-142.501142039974 0.000264917299736578 1463.33971973924)
(-2.17701489584247 -0.000355431218478542 1354.28109506679)
(83.937272579579 -9.9644175884672e-05 1408.12903703071)
(71.3904207043436 -8.88934166570592e-06 1468.764808321)
(21.3893348190246 1.20124525093596e-05 1456.49495516392)
(-17.9092338976988 0.000226347299985525 1445.79970187392)
(-9.54734958583387 0.000177568036299703 1433.33300736681)
(12.9287240181396 0.00014958458513683 1442.10949602021)
(28.0153140138007 4.10755720946248e-05 1467.83203894418)
(38.0082692605009 -0.000115050266137178 1506.3311968676)
(-14.2413065801693 -0.000192614350045728 1470.63736559102)
(28.3727628367855 0.000153756507779016 1120.23037073693)
(76.2230312989686 7.75481969460411e-05 1453.50643372723)
(87.5371345529912 6.87527648350629e-05 1819.15539283374)
(-30.0638778312453 0.000180277505263109 1776.94298564497)
(-100.011740100634 0.000484071291697679 1625.54189035937)
(-6.85617250347913 0.000576220174771286 1451.73729022983)
(27.0137978049017 0.000341913093790789 1508.32195054247)
(36.1097380176248 9.72486804599533e-05 1586.11802249909)
(2.60246182051472 4.66543553582685e-05 1542.93021764243)
(-12.5347683891863 0.000145908393287989 1527.03875549707)
(-4.52423943673069 0.000193319366684814 1512.61119234068)
(9.98493212719275 0.000166480279382318 1518.76119731894)
(14.5328948838759 -1.40585301391624e-05 1538.77703841298)
(16.0719806183873 -0.000124100320792904 1566.59132244555)
(4.44397047537953 -7.52586561672547e-05 1530.0443364995)
(170.657113184128 -295.589782518819 1242.61312451878)
(313.680418222979 -543.311266526436 1569.82450309657)
(179.765611893111 -311.365834817516 1897.37915406385)
(-103.294843512142 178.9072573481 1534.28770181412)
(-75.7786946752084 131.248988029546 1247.66098204872)
(-4.87765190755328 8.44237881171422 1192.44284990191)
(23.0305568477808 -39.8912689822287 1225.71763679001)
(14.007102215638 -24.260609180175 1332.51341396046)
(-1.69475135817898 2.93562971650726 1327.60541110593)
(-12.763227598371 22.1067168978142 1314.88254214291)
(1.22865839647369 -2.12832137331605 1309.35912651009)
(1.41953492789382 -2.45887192266685 1323.52028366435)
(-2.06063019513309 3.56960265826574 1342.28031655901)
(16.9741435347732 -29.3982901525646 1399.06699924694)
(9.72202835628792 -16.8373741548406 1399.91113053114)
(80.8078978353186 -139.966796320643 1166.64370535772)
(178.292850067167 -308.813971929578 1509.15834084436)
(147.096906312778 -254.781207734844 1834.40841250369)
(-36.3931106068032 63.030443554906 1697.75330293823)
(-81.0463568979132 140.369052558827 1478.07764399802)
(-6.80176458938887 11.7698457323293 1355.47640668184)
(17.3628213099882 -30.0799723724697 1401.22094286182)
(14.4689250082235 -25.0633468030966 1491.31504186992)
(-1.77933825704284 3.08016119584685 1471.2205966149)
(-8.16372540868507 14.1381305395406 1453.63927921067)
(0.648566721135859 -1.125657422013 1430.84962098733)
(2.05729005999325 -3.56481175064478 1449.00342915213)
(-4.76803045309787 8.25856622645728 1474.26547696525)
(6.60630938734247 -11.4412050808914 1517.23915439408)
(9.75240223868055 -16.8896334895174 1489.90848829264)
(32.5411502372852 -56.3664575713671 1121.05702054185)
(68.3800988888517 -118.439141415407 1460.13234513678)
(66.0228514837711 -114.356749212846 1814.17184087654)
(4.28081872716503 -7.41814692083558 1774.81523916923)
(-51.013154914136 88.3465450144349 1626.05889904481)
(-6.48034473818872 11.2150672188067 1450.15322130572)
(10.2383374451138 -17.7377766950632 1505.18166862069)
(6.00264245238538 -10.3990625474239 1589.46945620192)
(-3.84438244793674 6.65777351296078 1548.1529760814)
(-6.89096473051606 11.9341333159053 1528.32868559446)
(-1.06440668494954 1.84106335053901 1512.26006173248)
(1.13063273106572 -1.96065237653919 1517.67447449374)
(-1.36835965873545 2.3700467582108 1539.28262629793)
(1.30836934385304 -2.26447028045964 1571.60174979542)
(6.20431486705121 -10.7417234247559 1539.60534767225)
(-148.136372802624 -256.575271976511 1179.77505453641)
(-222.654394070963 -385.646331243421 1470.54395703088)
(-103.872499783154 -179.909879667382 1789.44952436863)
(87.8869958700737 152.229501903482 1509.53257665424)
(67.1562161961181 116.31933083456 1234.32621897566)
(2.15027920617759 3.71834561821881 1183.15938840155)
(-24.1916402326175 -41.9017457018321 1226.04993280717)
(-21.6063717732136 -37.4226199667198 1309.78345369911)
(11.985851760227 20.7594643685585 1294.58029299253)
(26.1143600049741 45.2353663246552 1291.61090302499)
(9.67420122068835 16.7605274549626 1303.01502030771)
(-17.2784059318082 -29.9244575262301 1317.86960311765)
(-16.8952488140646 -29.2638908931999 1345.71482939366)
(-12.4054116266201 -21.4872808347942 1394.30784584738)
(17.5667533778695 30.425103201903 1360.8786946507)
(-45.3915617500065 -78.6166484517863 1142.67631250679)
(-97.1781279291661 -168.31518591163 1472.03605028883)
(-81.4386868905419 -141.054182853734 1810.7728528124)
(48.0157674931905 83.1682673644961 1686.9419705315)
(71.2447325179639 123.404558192382 1463.34457620041)
(1.08643266028412 1.87637377706831 1354.28587801623)
(-41.9698591537361 -72.695366812029 1408.13038789252)
(-35.6963791464778 -61.8279514393572 1468.7667182869)
(-10.6952915758947 -18.5244191270829 1456.49702646344)
(8.95132448817499 15.507955462309 1445.80183355708)
(4.77113752454874 8.26705829537002 1433.33518791232)
(-6.46658906668509 -11.1977366025983 1442.11115672711)
(-14.0082866163677 -24.2620643534808 1467.83294147345)
(-19.0026710449044 -32.9155705686694 1506.33200271246)
(7.12310946858148 12.333979374714 1470.63852083018)
(-14.1895791807728 -24.5735104780187 1120.23021734878)
(-38.1130841180558 -66.0119061394179 1453.50611048728)
(-43.7702673159665 -75.8107662115201 1819.15555887759)
(15.0285788836694 26.0339197779825 1776.9440837783)
(49.997428269137 86.6068593900317 1625.54405372805)
(3.42016749901583 5.93341019271848 1451.73944041265)
(-13.5110796000777 -23.3962406479869 1508.32261782553)
(-18.0562827763103 -31.2728421893164 1586.11789998728)
(-1.30200737207507 -2.25416442922076 1542.93137264451)
(6.26561340679354 10.8548837995669 1527.03947051805)
(2.25952954599738 3.91704414698103 1512.61151765254)
(-4.99474876551898 -8.64807580554045 1518.76155764887)
(-7.26650919415267 -12.5860030407749 1538.77664968341)
(-8.0342680727271 -13.9178519219973 1566.59124127291)
(-2.21988492107055 -3.84608647972354 1530.04391835004)
(-341.319538997061 0.000141708256279745 1242.61181452694)
(-627.362204369608 1.75920866635979e-05 1569.8228906421)
(-359.538126951925 0.000148802459137364 1897.37884016425)
(206.584048221845 0.000309904928141937 1534.29047134639)
(151.553595515614 0.000228426716806975 1247.6643185838)
(9.75262731291848 0.000403360070399911 1192.44553876301)
(-46.0628336110166 7.74021907573906e-05 1225.71927985442)
(-28.0163957639146 -4.66349100650606e-05 1332.5154411588)
(3.38850384451734 -4.11002183984297e-05 1327.6077607383)
(25.5243851197534 -2.84434459140293e-05 1314.88695800805)
(-2.46107763512379 -2.94552659486455e-06 1309.36292773686)
(-2.84198172560313 -3.38701559210522e-06 1323.52394349832)
(4.12043685881303 -4.10792357726067e-05 1342.28331204428)
(-33.9459171040002 -0.000118421725145589 1399.06929508719)
(-19.4419045777761 -0.000105827569665674 1399.91279972909)
(-161.621099313581 0.00016041977290057 1166.6428301608)
(-356.587173829745 6.94712774080904e-05 1509.1575137796)
(-294.195652629445 0.000105990804261383 1834.40767681841)
(72.7808323120166 0.000268343884838791 1697.75437425962)
(162.082469323329 0.000482218473210831 1478.08086455201)
(13.5918587541229 0.000790293666831103 1355.48091828337)
(-34.7341390787735 0.000477942537233792 1401.22249385359)
(-28.9423670410791 0.000175081326701732 1491.31539274627)
(3.5562537854596 0.000112316887198376 1471.2227008341)
(16.3243002113903 0.000114438479024639 1453.6420028422)
(-1.30151116933252 0.000139971870766282 1430.85144233854)
(-4.11822823697269 8.84676645315307e-05 1449.00480571636)
(9.53515300306728 -1.12753353082358e-05 1474.26643587985)
(-13.2100449555296 -8.23314310410107e-05 1517.23998675709)
(-19.5004297944433 -0.000123283103135667 1489.90958996723)
(-65.0883311369202 0.000165749415048415 1121.05676597985)
(-136.76275344427 5.07767723414817e-05 1460.13213998527)
(-132.049515948993 0.000107963347464234 1814.17226396777)
(-8.56802371496947 0.000213356473853842 1774.81626094125)
(102.00883717809 0.000721666600405853 1626.06103413843)
(12.9453288434243 0.000643206072538516 1450.15571761265)
(-20.4855832721039 0.000310344512526417 1505.18294142137)
(-12.0098547469856 0.000158283362471261 1589.46914949336)
(7.68709984809852 4.68938926589676e-05 1548.1540043467)
(13.7787259732717 8.4360277131211e-05 1528.33010240947)
(2.12418023399118 0.00015858715413624 1512.26027847393)
(-2.26583612238055 0.000144793222568853 1517.67493090096)
(2.73606958677835 -4.85234917959445e-06 1539.28270495497)
(-2.61359281435318 -0.000111586492167937 1571.60199245276)
(-12.4007138780401 -0.000260451886166 1539.60578005517)
(-148.136342361832 256.575600076303 1179.77494879865)
(-222.654305982336 385.646375228897 1470.54395029676)
(-103.872750709379 179.910541514677 1789.44970183593)
(87.8868797515829 -152.228837694072 1509.53310691715)
(67.156113589746 -116.319057611793 1234.32688181476)
(2.15002547503388 -3.71863979493766 1183.15999277633)
(-24.191705366182 41.9017752795093 1226.05028490635)
(-21.6064039039653 37.4227441848939 1309.78385627171)
(11.9856584650392 -20.7592289471689 1294.58071451176)
(26.1144391229042 -45.235053819386 1291.61158362855)
(9.67426934692105 -16.760170850738 1303.01549032876)
(-17.2783185682742 29.9245914681818 1317.86988313476)
(-16.8952733422829 29.2638699520819 1345.71513509772)
(-12.4054293022536 21.4872434009968 1394.30810610518)
(17.5666945693694 -30.4251545834862 1360.87894627969)
(-45.3915484950019 78.6169548372518 1142.6762707714)
(-97.1780875718066 168.315305150877 1472.03602822595)
(-81.4387925023105 141.054515250341 1810.77294006941)
(48.0156001329748 -83.1677711977038 1686.94230490506)
(71.2444725028884 -123.403578380244 1463.34521850475)
(1.08550332191661 -1.87547528540573 1354.28656519882)
(-41.9702036655326 72.6957640856118 1408.13058072093)
(-35.696552457769 61.8282338221753 1468.76699394567)
(-10.6953335632842 18.5245158480189 1456.4973315423)
(8.95129410858724 -15.5074502396119 1445.80215241633)
(4.77114586653414 -8.26671764016871 1433.33549133865)
(-6.46658944181273 11.1980363576984 1442.11138572887)
(-14.0082737468453 24.2621242733054 1467.83307192801)
(-19.0026933518413 32.9153792971812 1506.33211602311)
(7.12305059434551 -12.3342621965481 1470.63866617784)
(-14.1896023661244 24.5738578491305 1120.23020425846)
(-38.1130788878781 66.0120520349567 1453.50607410293)
(-43.7703202052839 75.8109952546229 1819.15559161133)
(15.028519425571 -26.0334562259234 1776.94422591048)
(49.9972193794736 -86.6055298492399 1625.54434256361)
(3.42013812116656 -5.93220706130992 1451.73975521377)
(-13.511023576161 23.3968272971228 1508.32271319908)
(-18.056304106561 31.2730735894584 1586.11787188154)
(-1.30200297122037 2.25425011349195 1542.931544826)
(6.26565195008129 -10.8546587439602 1527.03957630796)
(2.25955875821806 -3.9167080989987 1512.61156684697)
(-4.99472287419626 8.64836391434857 1518.76161166157)
(-7.26652702783882 12.5860058141901 1538.77661037957)
(-8.03426923048577 13.9176057267352 1566.59123537549)
(-2.21975716086414 3.84571457556572 1530.04387625569)
)
;

boundaryField
{
    inlet
    {
        type            zeroGradient;
    }
    outlet
    {
        type            freestreamVelocity;
        freestreamValue uniform (0 0 0);
        value           nonuniform List<vector> 
156
(
(-0.105118541821544 -0.182073296329075 0.0356734234590264)
(-0.55072032100618 -0.953964572221726 -0.81716154467046)
(-2.72396634511892 -4.7185292634122 19.1188813035123)
(-4.08876698932412 -7.08231062736846 11.968871118631)
(-4.03563178341734 -6.99022673050189 21.3379587489274)
(0.519837878421847 0.90006185021029 38.917892800198)
(3.26126250772317 5.64848098219133 54.4252160427694)
(-1.5234069130927 -2.63857402429944 55.0569556463157)
(-5.5781850317328 -9.66162386703883 55.1995412599047)
(-7.84775532832768 -13.5926717565825 52.0761435959619)
(-8.12349014967058 -14.0703314888702 52.6669220574123)
(-8.15941817300438 -14.1325979341434 54.492566954953)
(-8.82089988899837 -15.2784423303877 52.2799374348686)
(-9.12005621791731 -15.7964040712473 62.5029261519098)
(-4.49405889473941 -7.78404873779529 88.8626951016682)
(-0.0414219305163029 -8.51733617059551e-09 0.00390881373331329)
(11.8571563551232 1.53156240831395e-06 65.8352249220027)
(-3.72873749873756 -1.89704796038047e-06 71.4179428401566)
(-14.9266389847345 -2.21692940561947e-06 42.2948246683907)
(-10.3342567318518 -2.76287335665207e-06 29.8250493460049)
(-2.38769791672052 -2.53940483907691e-06 42.9281133901317)
(7.51299484486308 -6.21242671931268e-06 66.3281105347096)
(-0.293258175082238 -9.7488925423346e-07 66.9932346806279)
(-6.18276540011227 -4.7346221364398e-07 69.7301799975927)
(-12.9929820676861 2.1694537091377e-06 58.4515463360946)
(-15.4503412673775 3.81693651014151e-06 49.0050447427614)
(-16.552967854157 -3.29836454258882e-06 42.4447982679536)
(-17.6225196480656 6.97924404115696e-08 43.2419993777258)
(-15.9940668947005 -9.60788830451859e-06 69.2312145000336)
(13.3911392531084 -7.50762135436579e-06 126.774512640005)
(-0.105119071037987 0.182073821985578 0.035673611554996)
(-0.550732410713205 0.953975169481576 -0.817176553509428)
(-2.72399107903919 4.71851505772947 19.1187641428478)
(-4.08877755074893 7.08228148844142 11.9688155419596)
(-4.03564841087915 6.9902121339367 21.3378954077339)
(0.519810687804213 -0.900063049448217 38.9178402058214)
(3.26123122681847 -5.64845976544744 54.425155030184)
(-1.52340378306159 2.63857023629112 55.0569532838591)
(-5.5781777520582 9.66161666839636 55.1995496489322)
(-7.84775183268333 13.5926677048603 52.0761510450974)
(-8.1234872115402 14.0703216723365 52.6669641560155)
(-8.15942042990632 14.1325958789596 54.4925726717873)
(-8.8209077083462 15.2784393902073 52.2799180976073)
(-9.12005777031839 15.7964069211307 62.5028795064536)
(-4.4940665091451 7.78405276333462 88.8626471895663)
(0.0207117584892158 0.035873716576434 0.003909063346071)
(-5.92923520075739 -10.2696695758168 65.8370099986825)
(1.86411020899357 3.22872672473609 71.4191163493181)
(7.46336878628024 12.9269112987558 42.2955989398152)
(5.16715543224391 8.94973931803603 29.825555199294)
(1.19377171245953 2.06763490311409 42.9286823662678)
(-3.75659916799635 -6.50673786271306 66.3286837220602)
(0.146726047043493 0.254122530262686 66.9931792495716)
(3.09143932409679 5.35451893565497 69.7301482930358)
(6.49649745566441 11.2523001141091 58.451560172961)
(7.7251589171278 13.3804268136343 49.0050568865775)
(8.27651709852315 14.335275283802 42.4448535588636)
(8.81126926912086 15.2615662030255 43.242316910568)
(7.99709216371309 13.8511621297154 69.2318256039674)
(-6.69562509046794 -11.5973170601623 126.775219434151)
(0.210231987893884 -1.95546976583927e-07 0.0356715415269065)
(1.10138114594447 -5.17190296447918e-06 -0.81703151437844)
(5.44831705980585 -2.85247433183571e-05 19.1199936406682)
(8.17799871478931 -2.37158062002059e-05 11.9693649024439)
(8.07154997337875 -2.16970541634344e-05 21.3384482809352)
(-1.03945483248305 -2.41460460864542e-05 38.9182167359166)
(-6.52253915446589 -1.64807262656643e-05 54.4255947141952)
(3.04685357067359 8.17864065935188e-07 55.0569486798816)
(11.1563995525221 2.70555260309314e-06 55.1994661733938)
(15.6955233371145 1.00181987474623e-06 52.0761031328114)
(16.2470953500426 -2.36342586625433e-06 52.6665978205272)
(16.318907973435 -2.981432906238e-06 54.4925431972639)
(17.6419613027191 -8.24068503653231e-06 52.2801333838937)
(18.2400874063645 8.16621826928234e-08 62.5033893968076)
(8.98813853417509 -4.5801303758894e-06 88.86317565098)
(0.0207118812034371 -0.0358739462064336 0.00390910306221077)
(-5.92929638945279 10.2697785813488 65.8372034751707)
(1.86408433849871 -3.22868573881614 71.4192424589439)
(7.4633752444433 -12.9269269210184 42.2956832767246)
(5.16715605420005 -8.94974592057809 29.8256141631771)
(1.19375524968763 -2.06761146553714 42.9287678346647)
(-3.756633747608 6.50678533441094 66.3287825218355)
(0.146733092024672 -0.254136679663543 66.993183477724)
(3.09144460569531 -5.35452902776666 69.7301411978636)
(6.49650217757978 -11.2523039519548 58.4515559804807)
(7.72516366204249 -13.3804273975948 49.00505205229)
(8.27651424280732 -14.3352769321558 42.4448534424717)
(8.81126998841787 -15.2615673067609 43.2423438033658)
(7.99708058992629 -13.8511612950878 69.2318845168473)
(-6.69564444459126 11.5973355734383 126.775291035473)
(-9.88359756857274 -17.1191359482587 195.432044353437)
(-13.0726276300944 -22.6430431038018 348.535044912393)
(-29.4699659160887 -51.0440940719654 696.315308293318)
(-10.1146367084133 -17.5192347399673 1128.5128551322)
(9.72157383068169 16.8363753790843 1399.8383337051)
(9.75194028318011 16.8885868458543 1489.84352251329)
(6.20420810041979 10.7410169101517 1539.57613708973)
(23.9838618837737 -1.34463356877558e-05 227.056290287985)
(-10.5347227402988 -3.52328762531809e-05 359.415287941573)
(-29.0190171674557 -4.73504645687197e-05 706.017501330478)
(-25.7829884679897 2.17233767925426e-06 1093.52980707539)
(-35.1265542743488 -7.64092788126471e-05 1360.65998109871)
(-14.2409892087204 -0.000192610057581759 1470.60459203131)
(4.44396225319983 -7.52585169246116e-05 1530.04150563023)
(-9.88361567842225 17.1191471636665 195.431965949248)
(-13.0726605804524 22.6430495979674 348.534889811878)
(-29.4700381028489 51.0441632592779 696.315024486813)
(-10.1147113129234 17.5193447260505 1128.5125613514)
(9.72152152261439 -16.8364963803801 1399.83814965977)
(9.7519761837882 -16.8888956291624 1489.84339840145)
(6.20419693602655 -10.7415192471025 1539.57608300079)
(-11.99201547578 -20.7710562918142 227.057275886618)
(5.26757517355593 9.12298155693091 359.416824713502)
(14.5096052610317 25.1304108184858 706.020312825025)
(12.8910820361902 22.3280029752015 1093.53287910038)
(17.5639562435506 30.4202586470503 1360.66200347169)
(7.12295068664713 12.3337044367657 1470.60573868214)
(-2.21988081989769 -3.84607937419056 1530.04109163838)
(19.7672129786786 -1.00728768549883e-05 195.432826538633)
(26.1455409062507 -2.52796500329267e-05 348.536549977755)
(58.9396096656697 -2.78861293086117e-05 696.317971061001)
(20.2282235389916 -9.45145809125947e-06 1128.51547294474)
(-19.4408910927802 -0.000105822052991442 1399.83982382221)
(-19.49957810876 -0.000123277718718244 1489.84451782879)
(-12.400478298366 -0.000260446938291945 1539.5765317529)
(-11.9920485558877 20.7710867066637 227.057374143019)
(5.2675317480977 -9.1229767677928 359.416985739187)
(14.5095258416615 -25.1303677965321 706.020622216105)
(12.8910323927023 -22.3279120318309 1093.53323831534)
(17.5638974430384 -30.4203100180688 1360.66225495402)
(7.1228918087257 -12.333987243641 1470.60588299471)
(-2.2197530606543 3.84570747197933 1530.04105004521)
(-6.2001606120131 -10.7391489725512 2.10410980968334)
(-3.32458206908352 -5.75840874844505 6.63279009695463)
(5.72549867723572 9.91683943074885 17.472619382108)
(36.0346702049417 62.4139281178133 95.6539149411008)
(-8.49191208225859 -1.7461395216061e-06 0.80134610230581)
(3.34592543020882 -2.41402927691241e-07 5.2736631800833)
(29.5663799987659 7.22474356286143e-07 34.4705589330615)
(41.9920287478414 1.077487820864e-05 67.589492277887)
(-6.20016715452686 10.7391372433857 2.10411253127139)
(-3.32459729843496 5.75842817097668 6.63280215154983)
(5.72547607730939 -9.91680143826377 17.4725744158838)
(36.0346591910455 -62.4139046355741 95.6538926931893)
(4.24587289316866 7.35404677823004 0.801350889998255)
(-1.67300443227186 -2.89772781025542 5.27376050187457)
(-14.7834409470162 -25.6056487544965 34.4708849223425)
(-20.9962316815133 -36.3662921940128 67.5896681344341)
(12.400490441619 -1.1534298078561e-05 2.1040785190382)
(6.648980366518 -3.47655849925805e-06 6.6326677894621)
(-11.451426960614 -5.69943032120743e-07 17.4730651927769)
(-72.0696237851933 2.23991423728842e-06 95.6541206338063)
(4.24586357312572 -7.35403413751192 0.801352524785657)
(-1.67300765548821 2.8977329054793 5.27376810029717)
(-14.7834648408083 25.6056915729103 34.4709159967661)
(-20.9962320441087 36.366314368917 67.5896815907103)
)
;
    }
    sides
    {
        type            zeroGradient;
    }
}


// ************************************************************************* //
