/*--------------------------------*- C++ -*----------------------------------*\
  =========                 |
  \\      /  F ield         | OpenFOAM: The Open Source CFD Toolbox
   \\    /   O peration     | Website:  https://openfoam.org
    \\  /    A nd           | Version:  11
     \\/     M anipulation  |
\*---------------------------------------------------------------------------*/
FoamFile
{
    format      ascii;
    class       volVectorField;
    location    "0.0000200221";
    object      U;
}
// * * * * * * * * * * * * * * * * * * * * * * * * * * * * * * * * * * * * * //

dimensions      [0 1 -1 0 0 0 0];

internalField   nonuniform List<vector> 
900
(
(-11.1412941407055 -19.2972853002518 301.507441435029)
(-6.83887450461238 -11.8452780364106 297.353022267818)
(-4.32310415217495 -7.48783569260882 299.575908564524)
(-6.91142876518399 -11.9709434917132 295.733901383637)
(-4.14229110588631 -7.17465872912967 292.967269551693)
(-2.33579433006638 -4.04571398299475 297.203256237884)
(-4.40736587081079 -7.63378027942318 281.863247183704)
(-2.97192282799713 -5.14752111093797 285.261064049048)
(-2.00041618566936 -3.46482201149727 293.916444999817)
(-22.2825876224566 -3.4301082841265e-10 301.507446592671)
(-13.6777485259916 6.0652668444351e-10 297.35302572244)
(-8.64620937090893 1.61261736549202e-09 299.575911565857)
(-13.822857154246 -3.7647189180363e-10 295.733907892694)
(-8.28458235254382 1.95852505391215e-09 292.967272516291)
(-4.67159021249931 2.23833878800109e-09 297.203258461106)
(-8.81473144744234 -1.13587139093298e-09 281.863248734809)
(-5.94384607623403 -3.53297519618532e-09 285.261064209857)
(-4.00083274488134 -1.47137980097718e-09 293.916445467643)
(-11.1412941406337 19.2972853004272 301.507441438772)
(-6.83887450573398 11.845278037733 297.353022274109)
(-4.3231041544153 7.48783569479689 299.57590857352)
(-6.91142876459689 11.9709434911785 295.733901385903)
(-4.14229110522001 7.17465872952382 292.967269554468)
(-2.33579433222345 4.04571398407385 297.203256242843)
(-4.40736587307175 7.63378027629235 281.86324718105)
(-2.97192283352076 5.14752110560851 285.26106404873)
(-2.00041619081664 3.46482200902447 293.916444998959)
(11.1412941391546 19.2972853007636 301.50744143881)
(6.8388745036743 11.8452780382131 297.35302227325)
(4.32310415304788 7.48783569514691 299.575908571646)
(6.91142876295932 11.9709434921267 295.733901387291)
(4.14229110168925 7.17465873091137 292.967269555389)
(2.33579432972648 4.04571398478054 297.203256242772)
(4.4073658737366 7.6337802760702 281.863247183076)
(2.97192283496542 5.14752110250721 285.261064049128)
(2.00041619079449 3.46482200680559 293.916445000255)
(22.28258762235 4.61498257124503e-10 301.507446596879)
(13.6777485234356 -9.60225101346664e-10 297.353025727581)
(8.64620936826379 -2.17451120750055e-09 299.575911570781)
(13.8228571532205 6.56417103371234e-10 295.733907900194)
(8.28458234682568 -1.71081100617243e-10 292.967272522417)
(4.67159020613829 -3.10937170869424e-09 297.203258464705)
(8.81473144933146 -1.71426335416744e-09 281.863248741302)
(5.94384607552927 -6.37473258919744e-09 285.261064209692)
(4.00083274493866 -5.49407901474303e-09 293.916445467929)
(11.141294139164 -19.2972853016294 301.507441445563)
(6.8388745066204 -11.8452780400864 297.353022282988)
(4.32310415831711 -7.48783569788147 299.575908586051)
(6.91142876234857 -11.9709434915216 295.733901392177)
(4.142291105495 -7.17465873107907 292.967269562143)
(2.33579433616975 -4.04571398670381 297.203256253456)
(4.4073658757636 -7.63378028135512 281.863247187032)
(2.97192283736206 -5.14752111207828 285.261064047479)
(2.00041619636518 -3.46482201373141 293.916445000013)
(-1.96858823580349 -3.40969398938388 291.313024343538)
(-1.10557335063728 -1.91490831262097 266.175501244569)
(-0.174129668396612 -0.301600776161007 242.0842076308)
(-0.770470235183965 -1.33449274682499 290.308120790353)
(-0.326103431266408 -0.564827016826537 266.567114445897)
(0.115008407219268 0.199202429031462 242.740559672821)
(-0.715160160689945 -1.23869293447771 288.922807840678)
(-0.394947734475699 -0.684069128955984 267.11985972617)
(0.050288912531204 0.0871178576920901 243.691864660134)
(-3.93717812214135 1.49302852056487e-09 291.31302852844)
(-2.21114781837893 3.3549794537614e-09 266.175503600422)
(-0.348258056537922 8.3970073892472e-09 242.084208728147)
(-1.54094350922492 2.30764610019189e-09 290.308124542924)
(-0.65220911757163 4.70933642138801e-09 266.567116414205)
(0.230021102525385 1.4143752583821e-08 242.740558327395)
(-1.43032093969419 4.04012115535107e-11 288.922809134343)
(-0.789895839614945 6.32769927948223e-09 267.119860015285)
(0.100578239438755 -1.36991733339685e-07 243.691860759218)
(-1.96858823643506 3.40969399108602 291.313024350865)
(-1.10557335184487 1.91490831564832 266.175501250201)
(-0.174129706329398 0.301600805805919 242.084207634307)
(-0.770470236394577 1.3344927489411 290.308120794049)
(-0.326103435520434 0.564827025572611 266.567114464411)
(0.115008350250896 -0.199202376840499 242.740559733076)
(-0.71516016411511 1.23869293579571 288.92280783913)
(-0.394947745477334 0.68406912989092 267.119859743652)
(0.050289277313257 -0.0871181390590152 243.691864783855)
(1.96858823657405 3.40969399203712 291.313024350508)
(1.10557335251336 1.9149083168642 266.175501249735)
(0.174129704165324 0.301600796103229 242.084207641224)
(0.770470236119201 1.33449275015709 290.308120795643)
(0.326103434839815 0.564827026025107 266.567114455231)
(-0.11500841591836 -0.19920248597745 242.740559696205)
(0.715160162483757 1.23869293456215 288.922807841923)
(0.394947744626296 0.684069127386336 267.119859724324)
(-0.0502890104235025 -0.0871177579870657 243.691864653823)
(3.93717811953908 -6.47400300248975e-10 291.313028535649)
(2.21114781792133 1.52138313679974e-09 266.175503604702)
(0.348258025879349 -8.64596605460589e-09 242.084208735381)
(1.5409435047999 -1.92538787842388e-09 290.308124548502)
(0.652209113710576 2.74788626582052e-10 266.567116412949)
(-0.230021044979378 -1.15836793394912e-08 242.74055831658)
(1.43032093973201 -3.3737628139426e-09 288.922809138664)
(0.789895838259512 -4.08572715130145e-09 267.119860022465)
(-0.100578086589972 1.5693493655692e-07 243.691860746101)
(1.96858823952199 -3.40969399164635 291.313024368532)
(1.10557335443169 -1.91490831487193 266.175501266128)
(0.174129717076279 -0.301600820084454 242.084207660182)
(0.77047024120325 -1.33449274949407 290.308120809855)
(0.32610344115892 -0.564827025646191 266.567114484814)
(-0.115008397842145 0.199202460000575 242.740559767561)
(0.715160167173484 -1.23869293695235 288.922807846683)
(0.394947743146507 -0.684069119927581 267.119859748644)
(-0.0502892905294706 0.0871180065109979 243.691864741848)
(0.0414778557339977 0.0718418267236367 209.098386455433)
(0.125855619778954 0.217987976014033 209.373277836779)
(0.0910654466911989 0.157733296116362 209.744394385294)
(0.0829565640147439 6.58089500831642e-09 209.098386739945)
(0.251712329932336 3.04869732067171e-09 209.373277578871)
(0.18212874792701 -7.65248098897287e-08 209.74439499216)
(0.0414778321132775 -0.0718418038373591 209.098386446062)
(0.12585560225184 -0.217987936547144 209.373277846031)
(0.0910655988134141 -0.157733386059448 209.744394369841)
(-0.0414778354547193 -0.0718418105676055 209.09838645207)
(-0.125855620677512 -0.217987966100367 209.373277862181)
(-0.0910654836754706 -0.157733360126284 209.744394422529)
(-0.082956577752238 -5.58430435055099e-09 209.09838675455)
(-0.251712317790246 9.68068519011542e-10 209.373277561167)
(-0.182128650937028 8.22392395360621e-08 209.744394956664)
(-0.0414778211476478 0.0718417921450316 209.09838644604)
(-0.125855591369243 0.217987928658746 209.373277873024)
(-0.0910656182788811 0.157733449348762 209.744394410553)
(0.00976717298543418 0.016917120963155 153.962727803454)
(0.00182705342962288 0.00316428038712001 153.98718366957)
(0.00590865292353925 0.0102337670397826 154.022333630351)
(0.0195343886759714 3.60323084261312e-09 153.962727272949)
(0.00365440028783841 3.14795187209747e-09 153.987184044896)
(0.0118169614233096 -3.84351625470967e-09 154.02233422231)
(0.00976716655104378 -0.0169171181224702 153.962727814901)
(0.00182704225852153 -0.00316426657217612 153.987183653011)
(0.00590866120153057 -0.010233768093382 154.022333605674)
(-0.00976716488469546 -0.0169171177398508 153.962727811653)
(-0.00182704456603621 -0.00316427305183461 153.987183661866)
(-0.00590864842901806 -0.010233776382519 154.022333622048)
(-0.0195343896807475 -2.98684490603574e-09 153.962727276943)
(-0.00365440112795109 -3.30709341977807e-09 153.987184063783)
(-0.0118169367944101 3.39924104275874e-09 154.022334241615)
(-0.00976716256692661 0.016917118604717 153.962727826607)
(-0.00182703351874711 0.00316426129773216 153.987183648285)
(-0.00590864668353374 0.0102337721649269 154.022333605066)
(-0.00296555354245756 -0.00513664681281043 64.9275696464083)
(-0.0244147250073715 -0.0422878206608592 64.8705027347182)
(-0.0155566832956943 -0.0269456946743661 64.8032966629452)
(-0.00593121660947292 6.06675442487978e-10 64.9275691807494)
(-0.0488295591609634 7.8035069699728e-10 64.8705023114877)
(-0.031113497207378 4.0302450578829e-09 64.8032965170068)
(-0.00296555292872431 0.0051366467864042 64.9275696531892)
(-0.0244147243613777 0.0422878226435282 64.8705027433858)
(-0.0155566956694069 0.0269457074578413 64.8032966643235)
(0.0029655542851396 0.00513664679531555 64.9275696523179)
(0.0244147265765325 0.0422878237106945 64.8705027400413)
(0.0155566955420115 0.0269456920968904 64.8032966614096)
(0.00593121767206316 -2.0720960219677e-10 64.9275691824708)
(0.0488295573146715 -1.23439860569101e-10 64.8705023154359)
(0.0311134974501141 -5.28632493477702e-09 64.8032965302419)
(0.00296555500605538 -0.0051366453782528 64.9275696601762)
(0.0244147282388955 -0.0422878216751563 64.8705027524327)
(0.015556714588547 -0.0269457150817367 64.8032966677596)
(-0.000282876431977732 -0.000489966745368475 7.65803680177422)
(-0.00298747262370425 -0.00517447525513988 7.64567876488583)
(-0.00206163252656807 -0.00357091278301716 7.63054088310339)
(-0.000565757337463222 7.71516460164558e-11 7.65803676609945)
(-0.00597495791988265 9.05116212017024e-11 7.6456787083727)
(-0.00412328460968589 3.51141057236001e-10 7.63054083988887)
(-0.000282876435441292 0.000489966774410718 7.65803680247354)
(-0.00298747236812926 0.00517447519688419 7.64567876659523)
(-0.00206163340490785 0.00357091442597633 7.63054088450099)
(0.000282876611805725 0.00048996669840726 7.65803680285404)
(0.00298747273206159 0.00517447531659144 7.64567876635465)
(0.00206163391732237 0.0035709128901016 7.63054088368817)
(0.000565757394053266 -3.53619683792408e-11 7.65803676682329)
(0.00597495785758326 -1.82868350156849e-11 7.64567870902505)
(0.00412328445186154 -5.1060444093272e-10 7.6305408420551)
(0.000282876682252238 -0.000489966570964124 7.65803680322979)
(0.00298747265158432 -0.00517447457384168 7.64567876858763)
(0.00206163669183965 -0.00357091584699075 7.63054088749433)
(4.17507195148248e-06 7.23151196600257e-06 0.153167328901767)
(-2.14235189045316e-05 -3.71065413978963e-05 0.152991037737838)
(-2.01252885009212e-05 -3.48575604241439e-05 0.152731625188963)
(8.35003810664989e-06 2.75077787282832e-12 0.153167331163726)
(-4.28471498724544e-05 4.42285916427718e-12 0.152991039076704)
(-4.02516232958218e-05 9.52492094946624e-12 0.152731626424398)
(4.17506851519074e-06 -7.23150956397028e-06 0.153167328914888)
(-2.1423524475925e-05 3.71065459458629e-05 0.15299103775903)
(-2.01253023560613e-05 3.48575724301034e-05 0.152731625207797)
(-4.17506586773017e-06 -7.23151175802262e-06 0.153167328931331)
(2.14235282775519e-05 3.71065417286883e-05 0.152991037773856)
(2.01253195699079e-05 3.48575624921759e-05 0.152731625216087)
(-8.35003830283032e-06 -1.06744636099622e-12 0.153167331197287)
(4.28471486118618e-05 -3.77114872394337e-12 0.152991039112623)
(4.02516270936895e-05 -3.02529062289153e-11 0.152731626486534)
(-4.17506350875714e-06 7.23151170055867e-06 0.153167328929102)
(2.14235301737826e-05 -3.71065337536129e-05 0.152991037799503)
(2.01253671363221e-05 -3.48575769905885e-05 0.152731625298603)
(1.70055798700978e-07 2.94551209760012e-07 0.00151554625072702)
(2.95003744513322e-07 5.109705942167e-07 0.00151610614833467)
(1.87950250440499e-07 3.25563990471843e-07 0.00151617987986857)
(3.40117395583447e-07 2.68705018374162e-13 0.0015155462960134)
(5.90009769741586e-07 3.34135406726513e-13 0.00151610619116671)
(3.7589891482262e-07 6.23886213122481e-13 0.00151617991384735)
(1.70056071837414e-07 -2.94550737885622e-07 0.00151554625180214)
(2.95003200986703e-07 -5.109693768277e-07 0.00151610615007298)
(1.8794882231872e-07 -3.25561920750873e-07 0.00151617988033042)
(-1.70055122643589e-07 -2.94550475288244e-07 0.00151554625047338)
(-2.95002468029806e-07 -5.10969380364411e-07 0.00151610614767955)
(-1.87948183536072e-07 -3.2556351526895e-07 0.00151617987949209)
(-3.4011713869315e-07 5.0461762836834e-13 0.00151554629610483)
(-5.90009891841144e-07 3.99475830554885e-13 0.00151610619117862)
(-3.75898683321718e-07 5.83426947074522e-14 0.00151617991451453)
(-1.70055726811349e-07 2.94551643417039e-07 0.00151554625262645)
(-2.95002546194807e-07 5.10969645521335e-07 0.00151610615115164)
(-1.87946849138209e-07 3.25562174440399e-07 0.0015161798814958)
(3.43388923068051e-09 5.94824866401368e-09 2.71532167976353e-05)
(1.13071287788952e-08 1.9585049199912e-08 2.71947010915151e-05)
(8.30739101234697e-09 1.43887715257282e-08 2.72480570430949e-05)
(6.86778582164214e-09 1.60924259646381e-13 2.71532162129349e-05)
(2.26148974626788e-08 -1.0989319682393e-13 2.71947006326777e-05)
(1.6615785957361e-08 2.4165421478658e-13 2.72480571034572e-05)
(3.43441284112074e-09 -5.9473534412124e-09 2.71532160358049e-05)
(1.13088777216619e-08 -1.95846114354771e-08 2.71947003756275e-05)
(8.30866784950587e-09 -1.43882615928691e-08 2.72480571246529e-05)
(-3.43404228173016e-09 -5.94793044916447e-09 2.71532172655761e-05)
(-1.13069432323077e-08 -1.95843276362837e-08 2.71947024124794e-05)
(-8.30615509156725e-09 -1.43866116815462e-08 2.72480579088056e-05)
(-6.8676044960137e-09 7.554981159411e-13 2.71532167814945e-05)
(-2.26151262490687e-08 1.52031742306629e-12 2.71947010901932e-05)
(-1.6615220399581e-08 1.24389916093485e-12 2.72480577039552e-05)
(-3.43400771536855e-09 5.9484003321544e-09 2.71532161978966e-05)
(-1.13075177917631e-08 1.95855887702228e-08 2.71947008700419e-05)
(-8.30717307124442e-09 1.43891483134851e-08 2.72480572417604e-05)
(-8.1065816401979e-10 -1.4037692330692e-09 -3.78269060754856e-07)
(-7.65058114908383e-10 -1.32497214336877e-09 -3.79541492983294e-07)
(-4.92651326594128e-10 -8.5238416376472e-10 -3.8025821816645e-07)
(-1.62109552489618e-09 2.20051520081615e-13 -3.78269455021756e-07)
(-1.53077121542913e-09 2.55874653203571e-13 -3.79542153002499e-07)
(-9.864793198486e-10 4.19418967417482e-13 -3.80259635105306e-07)
(-8.10512768592042e-10 1.40419689529209e-09 -3.78269174005109e-07)
(-7.650936801966e-10 1.32546204577999e-09 -3.7954163310344e-07)
(-4.92790289712895e-10 8.53039101087128e-10 -3.80258560341381e-07)
(8.10761423483778e-10 1.40438737371857e-09 -3.78268787632951e-07)
(7.65295393806555e-10 1.32570438252527e-09 -3.79541375897078e-07)
(4.92636428433991e-10 8.52879013728388e-10 -3.80258152875602e-07)
(1.62111469844437e-09 2.59776783857165e-13 -3.78269177780987e-07)
(1.53090060506475e-09 2.53671055859132e-13 -3.79541978005373e-07)
(9.86663955109617e-10 1.95066021502167e-13 -3.80259648614339e-07)
(8.10637468325365e-10 -1.40368876778788e-09 -3.78269315111559e-07)
(7.65086444347593e-10 -1.32501263963191e-09 -3.79541757044524e-07)
(4.92671954017605e-10 -8.52404764911979e-10 -3.80258241001914e-07)
(-13.8994360339483 -24.0745244603141 282.065767121873)
(-6.72068809177129 -11.6405672672613 262.494795958453)
(-5.01751198593148 -8.69058233336443 243.70903355961)
(-27.798872392784 2.90823269258205e-10 282.065773492187)
(-13.4413777915081 1.19458388278789e-09 262.494799547541)
(-10.0350242932639 -6.72689210522537e-10 243.709034372124)
(-13.8994360340474 24.0745244605961 282.065767123238)
(-6.72068809225878 11.6405672681428 262.494795958388)
(-5.01751198784735 8.69058232884586 243.709033556796)
(13.8994360325308 24.0745244604046 282.065767124275)
(6.72068809167123 11.6405672706384 262.494795958673)
(5.01751198682 8.69058232496477 243.70903355802)
(27.7988723913572 9.19984974164035e-10 282.065773496742)
(13.4413777926248 -1.50688149872819e-09 262.494799552857)
(10.0350242893604 -6.80682062847857e-10 243.709034377282)
(13.8994360320794 -24.0745244600312 282.065767127851)
(6.72068809352094 -11.6405672673002 262.494795964005)
(5.0175119882847 -8.69058233253521 243.709033562967)
(-7.60061523330279e-13 -8.58404907369553e-13 5.93483212314255e-15)
(-4.55286725993667e-13 -6.54379888480609e-13 -8.08471779209055e-13)
(1.88311830508852e-13 4.56490157628838e-13 -4.95130314179317e-14)
(5.22005256712189e-13 6.76142132885971e-13 4.37204864087427e-13)
(3.69253581565229e-13 4.82134152675781e-13 1.35009629616105e-13)
(2.49067695655644e-13 4.09688704510904e-13 -3.83021255735978e-13)
(5.61136302173216e-13 8.90253354543766e-13 -1.81082435145119e-13)
(7.55378630189313e-13 1.01338464892784e-12 -4.33036477879542e-14)
(7.45174373685416e-13 1.30176289728868e-12 -1.36192506535056e-13)
(7.02051796875594e-13 1.27234961603e-12 3.38323815318785e-13)
(2.21645321711798e-13 2.97353262578465e-13 7.43199900621122e-14)
(4.93407482138847e-13 8.50740192497094e-13 -2.23156325847743e-13)
(4.29898229653611e-13 7.4184520386905e-13 4.77170768004539e-13)
(6.49951748296057e-14 1.03419701811741e-13 5.32908056118275e-13)
(3.5286130036846e-14 -2.13283023597342e-14 -4.63318600335292e-14)
(-2.43126154226383e-11 -4.19603889694789e-11 -3.41234344937015e-12)
(-1.28871692187691e-11 -2.24732020507352e-11 -1.14033402136887e-11)
(-8.68929149789309e-13 -1.70561367876877e-12 -2.26555525943278e-12)
(8.74184103241398e-13 1.20939407542065e-12 2.21026155198752e-13)
(7.47998523190836e-13 1.18125695775028e-12 2.50173184848254e-13)
(6.56497324997309e-13 1.04245783749142e-12 -1.44658192799559e-13)
(7.16638903309668e-13 8.61545228571886e-13 -3.73547758752541e-13)
(9.80638759351308e-13 1.2180447240324e-12 -1.1057053105268e-13)
(7.96682193207149e-13 9.92004027584209e-13 4.94035136217732e-14)
(5.94122855722161e-13 9.55875019101591e-13 4.54339486217299e-13)
(5.69809048269851e-13 8.49281048925491e-13 1.6326791500922e-13)
(6.66391289380973e-13 9.28675662734654e-13 -1.43410151654527e-13)
(5.68440782858009e-13 7.88329694506792e-13 4.49225059250646e-13)
(5.17805027143684e-13 8.60816199431595e-13 5.68210091615635e-13)
(2.18525986907632e-13 2.91314121511877e-13 3.29544530446579e-16)
(-4.8695406151286e-10 -8.43840365498019e-10 -2.20321351944524e-10)
(-1.36511215165035e-10 -2.3683897083524e-10 -1.98916247858013e-10)
(-3.91838260823356e-12 -7.10524348513129e-12 -1.22174555659403e-11)
(7.61624376586831e-13 8.07063933666495e-13 8.23858592578387e-14)
(7.39300887339955e-13 1.0865502369843e-12 2.45533339329282e-13)
(7.84662884991247e-13 1.07487711533593e-12 4.39644639144475e-14)
(6.97930990444319e-13 6.89104949814696e-13 -2.60280847051947e-13)
(7.59371078362974e-13 5.07433273637268e-13 -1.30158774664593e-13)
(5.56194987479524e-13 4.99962952603704e-13 1.12995153778563e-13)
(4.04061841743742e-13 4.8618191003657e-13 4.11409568341926e-13)
(6.49322256649301e-13 9.93910431396493e-13 6.00499070888543e-14)
(6.25763564034446e-13 7.85781682373366e-13 -1.30483747259386e-13)
(5.14894114621725e-13 6.71184068739421e-13 3.7914416496355e-13)
(6.32995927224576e-13 9.54242272502343e-13 6.79079352396306e-13)
(3.42947501523219e-13 4.82281120153657e-13 2.33788795338125e-13)
(-3.9787678522899e-09 -6.89140576950204e-09 -4.55781112092144e-09)
(-3.89757424554818e-10 -6.75200038801816e-10 -1.0733281277531e-09)
(-2.57104179801862e-12 -4.95653665997586e-12 -2.32500898482309e-11)
(7.53107282291316e-13 2.95306919577283e-13 -1.88866148338342e-13)
(8.92544096645131e-13 1.13727953308992e-12 1.07609634944858e-13)
(8.36117466003986e-13 1.01222431152269e-12 1.2887150789812e-13)
(7.31721681093172e-13 7.54289661755887e-13 -1.55595161601899e-13)
(6.61907210471203e-13 1.98790132501106e-13 -1.63440183937728e-13)
(6.87670625658648e-13 3.80580848836911e-13 2.11621117992515e-14)
(5.30614827256288e-13 3.71580604813559e-13 2.2178986660149e-13)
(7.63282484462884e-13 7.8625208698821e-13 1.35779609271307e-13)
(4.97893839362806e-13 4.29615433271184e-13 9.69114863570975e-14)
(5.06801797883254e-13 6.96997256082083e-13 2.74785181505206e-13)
(6.87411164557707e-13 9.38952185681228e-13 5.3199722444401e-13)
(7.81979115767868e-13 8.19159653929993e-13 5.5036695660204e-13)
(-1.76589393759997e-12 -1.62363193299458e-13 5.87867085706779e-13)
(-8.02340213224415e-13 -1.5623092910965e-13 -3.56273084920148e-13)
(-5.55441477781102e-14 -1.12762513158921e-13 -1.20089250962761e-13)
(9.08819977649425e-14 6.97362326544052e-14 -1.16921884091553e-14)
(3.88619390499267e-13 1.14223665483444e-13 4.14981985189833e-14)
(1.06315670977826e-13 2.92062966883264e-14 3.43707529153293e-14)
(3.16525749476086e-13 5.056201828859e-14 1.15913132842739e-13)
(2.64461226648808e-13 6.28463603273602e-14 3.11333239299602e-13)
(2.34430960161344e-13 -5.02562232093966e-14 -2.3436805748483e-13)
(4.68614243457248e-13 -1.0855532771383e-14 -7.60087036631914e-14)
(4.09526857502938e-14 2.73422641481547e-14 -9.32515739152706e-14)
(5.63326866708092e-13 2.62587430933849e-14 -4.61262812741874e-13)
(5.26558816706035e-13 -1.3960718896036e-14 3.27945951318266e-13)
(1.35608965916973e-13 -7.84170492070122e-15 6.08596820665505e-13)
(-4.12142915628261e-14 -6.16800743641928e-14 -9.58155206512869e-14)
(-4.91151878812061e-11 -1.38233149996213e-13 -3.130280503598e-12)
(-2.49661616061661e-11 -1.1974867761571e-13 -1.15244403773824e-11)
(-1.10119691307545e-12 -6.71752394197777e-14 -1.98588469232957e-12)
(1.60839098509011e-12 9.14869639542135e-14 -1.2394264785803e-13)
(1.33439613065089e-12 8.46046762269733e-14 7.5125823145263e-15)
(1.34745479769816e-12 1.12739391651086e-13 4.462637936943e-14)
(1.38171298239505e-12 1.36620434660029e-13 1.72651513920027e-13)
(1.82312693685517e-12 4.23222656610036e-14 1.94730861029212e-13)
(2.00946189845697e-12 -1.36530233001943e-14 -2.37900061406832e-13)
(1.46841713924779e-12 -6.70158436508144e-14 4.95137247578279e-14)
(1.39784126053302e-12 1.98569368809163e-14 -6.59093090196251e-14)
(1.43316564415361e-12 1.10794970559766e-13 -3.33490132658291e-13)
(9.43502757431659e-13 6.9544329750965e-14 3.14415061590639e-13)
(1.00407053150586e-12 3.41883539917381e-14 7.26043183031777e-13)
(7.343700430319e-13 -9.12344177945725e-14 4.65889111395236e-14)
(-9.71436845279835e-10 -6.06200388422063e-14 -2.20602159254511e-10)
(-2.72448136423757e-10 -5.39269698097269e-14 -1.98625392566853e-10)
(-7.74658774146306e-12 -2.21194128615504e-14 -1.16081181412878e-11)
(1.80364594022755e-12 8.23579504127445e-14 -2.3502190370549e-13)
(1.6387812989665e-12 3.88559380090635e-14 1.42497867901115e-13)
(1.541166674861e-12 3.41728652311618e-14 1.20672259354678e-13)
(1.52085284605156e-12 7.75338162785958e-14 -1.20962813841434e-14)
(1.73504154371575e-12 4.19281975611933e-14 2.21081186546853e-14)
(1.637932168459e-12 -6.16410495885472e-14 -1.09901859319099e-13)
(1.44525729992998e-12 -3.79506569330457e-14 1.18973566292228e-13)
(1.36828139495488e-12 -2.06528655918516e-14 -8.94975749282149e-14)
(1.30258016514978e-12 8.62583737319136e-14 -1.51019929553868e-13)
(1.09519224562621e-12 -5.51226815518814e-14 4.06763956986961e-13)
(1.35185010819682e-12 -7.76625461043717e-14 6.8074179825974e-13)
(1.11670378202849e-12 -1.70536438409994e-13 8.72966066561706e-14)
(-7.95925173872421e-09 -1.23270173032741e-16 -4.55742378975493e-09)
(-7.79469481448014e-10 -3.94615571530703e-14 -1.07289031971404e-09)
(-5.28554289435112e-12 6.98879986646433e-14 -2.28734720020194e-11)
(1.92614584845535e-12 9.34833276823531e-14 -3.45802897639637e-13)
(1.95793770447978e-12 2.65415619640403e-14 1.06172329252532e-13)
(1.79038857759726e-12 2.20256414992886e-14 1.44105930516628e-13)
(1.6138466026952e-12 4.82673020981429e-14 8.55712412407262e-14)
(1.78528220114603e-12 2.34891999875527e-14 8.4132357999473e-14)
(1.81347972917501e-12 -5.02005218804327e-14 -1.30252596495044e-13)
(1.72574233874644e-12 -5.6780238582345e-14 1.24034452092218e-13)
(1.65382854996082e-12 1.05549194128389e-15 -4.40223297925198e-14)
(1.28660758661993e-12 1.28760430057013e-13 -1.98622261535462e-13)
(1.35396624187791e-12 -3.72235817087541e-14 3.57782075777e-13)
(1.77268633166039e-12 -9.61197582094311e-14 8.35669203299313e-13)
(1.67744517817921e-12 -1.6645444634062e-13 3.91886707440672e-13)
(-5.85445194002022e-13 7.90551752151773e-13 1.13454568602053e-13)
(-3.80229610735823e-13 8.1345251587854e-13 -9.91248690219468e-13)
(2.15635917052572e-13 -3.02269763330216e-13 -7.53597676345065e-13)
(6.55758976219876e-13 -8.95523387131695e-13 2.7270421791384e-14)
(4.11307465776175e-13 -7.4670335553822e-13 2.9452624443417e-13)
(4.56019899319886e-13 -5.52334652870895e-13 -1.25928447538869e-13)
(6.69604837044528e-13 -1.1642892204288e-12 -2.88562725680851e-13)
(7.25864780818641e-13 -1.07291547542876e-12 2.04142012543761e-13)
(7.11858768303638e-13 -9.61229995062704e-13 7.8299298129794e-14)
(5.3404489926211e-13 -9.01943745173153e-13 1.6298078363916e-13)
(2.36159808996717e-13 -3.03658236971932e-13 -8.39673237811956e-14)
(5.82932047186188e-13 -1.05508385392501e-12 -2.30072542460546e-13)
(3.81547102711552e-13 -7.81187707881362e-13 5.50653819911079e-13)
(1.39056304312639e-13 -2.58184911168435e-13 7.0361303300569e-13)
(6.7699483606887e-15 1.67835610333751e-15 -3.0495712950537e-15)
(-2.38312471675117e-11 4.13566915322818e-11 -3.39507955045538e-12)
(-1.21935005396744e-11 2.14551237304643e-11 -1.15394930836322e-11)
(-5.94767317091619e-13 1.38394490074158e-12 -2.84405518561503e-12)
(8.23085712766326e-13 -1.10396584460583e-12 1.43954447110168e-14)
(6.60359587834374e-13 -1.02588747497548e-12 1.93388371721463e-13)
(7.73201489721789e-13 -1.00514627134672e-12 -1.39179519368852e-13)
(7.01023414157625e-13 -8.69782401153125e-13 -2.00315625189301e-13)
(8.89912162967291e-13 -1.03905077333745e-12 4.72962033397455e-14)
(9.09797728435495e-13 -1.0728277370528e-12 1.15265505346986e-13)
(7.21839267575527e-13 -9.94828724137525e-13 3.4374195656713e-13)
(5.39196533953274e-13 -7.69312027527666e-13 -1.33885135314378e-13)
(5.92554901419439e-13 -9.63272883318087e-13 -1.80452089480922e-13)
(4.09424887163213e-13 -7.0595461720726e-13 5.65756177516074e-13)
(4.71702946312038e-13 -8.73208602708947e-13 7.45100973098635e-13)
(2.47778201562407e-13 -5.14438824324125e-13 7.6906194691464e-14)
(-4.86845623980679e-10 8.43816218182425e-10 -2.20263675088034e-10)
(-1.36502793388977e-10 2.36987100850596e-10 -1.98868820186783e-10)
(-3.67338095417771e-12 6.89116621991488e-12 -1.25082696137672e-11)
(7.35881964778098e-13 -7.07295837349929e-13 5.95167842823146e-14)
(7.89640981394907e-13 -9.09316016268922e-13 2.35223402109104e-13)
(6.91695258070921e-13 -6.78935075584543e-13 -1.45743511464741e-14)
(4.69726368732775e-13 -2.36850751421258e-13 -2.38585620501412e-13)
(6.97107237765251e-13 -3.9894335984518e-13 1.68715728352106e-14)
(6.99635808890368e-13 -5.44389615279555e-13 1.05547501962203e-13)
(6.34180527064848e-13 -6.95064383956969e-13 2.89743510290949e-13)
(6.16440265924601e-13 -9.00402003362183e-13 -3.52777056925518e-14)
(4.44710155376376e-13 -5.67078807218906e-13 -7.09175923247546e-14)
(4.55410972466016e-13 -5.93567179479626e-13 4.62983303266437e-13)
(5.80942279354346e-13 -8.78038827122262e-13 5.89828200836939e-13)
(6.0660188165184e-13 -9.20893108711868e-13 2.3390094401219e-13)
(-3.97854745694622e-09 6.89118632650992e-09 -4.55767759352749e-09)
(-3.89619579884387e-10 6.75219860704388e-10 -1.07352952043662e-09)
(-2.6695097340106e-12 5.0585353709264e-12 -2.34760040384046e-11)
(7.74651934857671e-13 -2.70491097556013e-13 -5.06060647990863e-14)
(9.37859567807498e-13 -9.57050026100221e-13 1.61743587788293e-13)
(7.15409611664293e-13 -7.25210238218609e-13 1.02676692491537e-13)
(4.98613569673855e-13 -4.80221243425446e-13 -1.29593125375433e-13)
(6.61244467601227e-13 -2.20323990825722e-13 -9.26744850652449e-14)
(8.49293237962325e-13 -5.43371596564861e-13 4.36599349999267e-14)
(7.32721433587469e-13 -6.42252145493629e-13 2.06611349985625e-13)
(7.77097748305464e-13 -8.94731224509207e-13 1.40440636040319e-14)
(4.47085323147708e-13 -6.16706984223699e-13 -1.06995788806091e-15)
(6.18629292417967e-13 -9.03698114797206e-13 4.09506653534977e-13)
(7.58174088916053e-13 -9.98305882173474e-13 5.94501563455276e-13)
(9.78997779377441e-13 -1.0334361355999e-12 5.57104004168489e-13)
(7.05907473911647e-13 8.26727103327704e-13 1.25464909966036e-16)
(4.40893458191502e-13 6.62108104001023e-13 -9.20140399811135e-13)
(-2.27269587520944e-13 -5.76884989021592e-13 -4.07043802991595e-13)
(-6.28026916291637e-13 -9.14449769081786e-13 1.81432474917738e-13)
(-4.52512558907781e-13 -7.83104623086134e-13 7.69808610254964e-14)
(-4.97454209615976e-13 -8.27921168106242e-13 -1.4374362801311e-13)
(-5.53847657155484e-13 -9.67792099296872e-13 1.20732410417157e-13)
(-7.15475339310397e-13 -1.01065488880135e-12 -1.49715764590896e-14)
(-7.19406081476468e-13 -1.26532631605686e-12 -1.09968311528837e-13)
(-6.50234319628709e-13 -1.17877483229539e-12 3.79022411033421e-13)
(-2.30368446419119e-13 -2.98252140350988e-13 8.98212605945519e-14)
(-4.3384588077517e-13 -7.51001489338632e-13 -2.06811959510232e-13)
(-3.75531174492313e-13 -7.87545153464399e-13 4.82394762835285e-13)
(-6.01472167522394e-14 -1.48603972919433e-13 6.99002465874552e-13)
(-3.22378347965858e-15 3.26704468525792e-14 -3.46580163758494e-14)
(2.42244617112936e-11 4.19359636885758e-11 -3.41003285523706e-12)
(1.28468725699827e-11 2.2463063145779e-11 -1.1523111096854e-11)
(8.85326114755152e-13 1.71101944790783e-12 -2.51995853452597e-12)
(-7.68311223997984e-13 -1.09812265648152e-12 -1.03710225630149e-14)
(-6.75447063551628e-13 -1.17686030866126e-12 9.69389710566815e-14)
(-5.68093524182273e-13 -8.99693604997064e-13 8.64812593907874e-14)
(-6.5933077392724e-13 -7.68827202616657e-13 -2.88085042579411e-14)
(-9.21567342854591e-13 -1.15715329966795e-12 -1.03135755782154e-13)
(-7.86344982975496e-13 -9.59021104321e-13 5.07127761763121e-14)
(-6.24920540711348e-13 -9.56126310351264e-13 4.64151412188081e-13)
(-5.59510972924563e-13 -8.39086340375562e-13 1.68414917721132e-13)
(-7.07500938835771e-13 -9.86506704295474e-13 -1.33625667263417e-13)
(-5.10198161280178e-13 -8.42617973219863e-13 4.95921263277613e-13)
(-5.71352060458774e-13 -9.73813994143806e-13 8.17597162373643e-13)
(-4.4375815653371e-13 -6.70961210709916e-13 -5.40207281586533e-15)
(4.86894054996136e-10 8.43910529359698e-10 -2.20300259436714e-10)
(1.36407075237847e-10 2.36773003757727e-10 -1.98935554585532e-10)
(3.91051893107206e-12 7.32226276558813e-12 -1.23568159403618e-11)
(-6.11073113073127e-13 -5.98655590043456e-13 -1.49888365178168e-13)
(-5.31800115294172e-13 -8.00389827211148e-13 1.87506483102422e-13)
(-3.98905845692705e-13 -4.36992724821727e-13 2.26438313233478e-13)
(-5.11737852763111e-13 -3.06537799704067e-13 -5.01946752356581e-14)
(-6.92247951559474e-13 -4.26598348593238e-13 -1.60132664666172e-13)
(-5.38444216130109e-13 -4.80250717710517e-13 1.04972123304555e-13)
(-4.29285803704972e-13 -4.64784508490321e-13 4.39648568629347e-13)
(-6.14677645684913e-13 -9.94701843865956e-13 6.65324932525396e-14)
(-6.32093505224501e-13 -8.00742101678287e-13 -1.30024258182223e-13)
(-4.68777161865399e-13 -7.24539008597573e-13 4.06635811077498e-13)
(-6.69895022828682e-13 -9.93747030625811e-13 7.34813529027881e-13)
(-6.87976629001387e-13 -9.28784348054262e-13 2.11243845278671e-13)
(3.97855630077556e-09 6.8912687416138e-09 -4.55780892456614e-09)
(3.89698142600582e-10 6.75226601897108e-10 -1.07323685917429e-09)
(2.56727175353304e-12 5.04612773702802e-12 -2.33287179130205e-11)
(-5.4964407738742e-13 4.95970114751842e-15 -3.7417334594372e-13)
(-6.50168741596296e-13 -8.49985202247272e-13 1.70860607906246e-13)
(-5.06938790641588e-13 -4.39799395269468e-13 4.44899308212212e-13)
(-5.36170227613186e-13 -3.89733451610998e-13 -6.65857880678898e-14)
(-6.88845469504903e-13 -1.83495040333267e-13 -3.74581274387475e-13)
(-6.71590333015839e-13 -3.01481402904809e-13 -2.16530570566292e-15)
(-5.13682739241277e-13 -3.87550518385824e-13 2.6087098141944e-13)
(-6.46530057901282e-13 -9.53801287662965e-13 1.39129799639285e-13)
(-4.71151505066206e-13 -5.02181856467465e-13 1.03826829379417e-13)
(-4.95147180882929e-13 -7.09702940588754e-13 3.13286695338776e-13)
(-7.96879900901747e-13 -7.86228559503409e-13 6.07767544820551e-13)
(-8.68098643996189e-13 -7.01816512029704e-13 5.26918917391881e-13)
(1.77225580540541e-12 1.40388671268834e-13 5.4285535637683e-13)
(8.5930985599532e-13 1.44548586219541e-13 -3.8154491531495e-13)
(9.78315963914e-14 8.88977134515319e-14 -1.38377466990359e-13)
(-8.94343484738388e-14 2.8457366394228e-14 -9.30998310780238e-14)
(-5.17338249494545e-13 -3.77856747359406e-14 -1.35663157574416e-14)
(-2.75658256408034e-13 1.00166786422933e-13 3.62063238252215e-14)
(-4.54429065082628e-13 3.09903856485913e-14 1.38061292395744e-13)
(-2.78753250901193e-13 -8.24082919204265e-15 3.35999564084177e-13)
(-2.51308368931161e-13 8.81006823320874e-14 -2.15610158500135e-13)
(-4.48400544251245e-13 3.69995015691919e-14 -3.6545344593316e-14)
(-7.63873219425694e-14 1.85495054492715e-14 -6.88199097865407e-14)
(-5.08973443995345e-13 -1.70628080374182e-14 -4.4899222494577e-13)
(-4.91323735492384e-13 -3.83924591359422e-14 3.34366238144659e-13)
(-1.04782030050096e-13 -6.59975924387862e-15 6.20183842446838e-13)
(1.0367230463877e-13 -4.92302461865146e-15 -1.26203425763795e-13)
(4.87476987904643e-11 1.49030341013105e-13 -3.12258375566888e-12)
(2.49464158400229e-11 1.4067716269108e-13 -1.14700849878592e-11)
(1.27934529516006e-12 9.49470716157646e-14 -2.14035437989073e-12)
(-1.65091788432655e-12 4.22686449731685e-14 -2.32705559343353e-13)
(-1.3947426549381e-12 4.0620889647121e-14 -3.96449475218748e-14)
(-1.4024956426017e-12 9.64696284625253e-14 9.05409093340143e-14)
(-1.34046508606633e-12 -5.08870940597966e-14 2.09612445217028e-13)
(-1.79798422385585e-12 5.28051927314309e-15 2.25189051915348e-13)
(-1.9722477922846e-12 4.94390746708922e-14 -2.18805808807441e-13)
(-1.45497523538756e-12 1.01457401862162e-13 4.12782625907525e-14)
(-1.5074243807822e-12 1.5725928894391e-14 -4.14491964908653e-14)
(-1.46448800713924e-12 -1.03477378305971e-13 -2.82177424907298e-13)
(-1.00130452469272e-12 -1.33107745385075e-13 3.36381313430589e-13)
(-8.39813447780333e-13 -9.55091070191354e-14 7.94748549596016e-13)
(-3.0898060249306e-13 -7.196084732943e-14 3.85457825584134e-14)
(9.71428138151083e-10 5.04458508993744e-14 -2.20565552453434e-10)
(2.72436733390615e-10 9.15228195958193e-14 -1.98414013171954e-10)
(7.66686470177439e-12 5.1995820161007e-14 -1.18875700890155e-11)
(-1.756877198372e-12 -1.44434292014959e-15 -3.80606746346971e-13)
(-1.6091048504462e-12 1.10621633397296e-13 1.29216483263924e-13)
(-1.41388635727522e-12 7.99488940160331e-14 1.29526631545295e-13)
(-1.40675232748722e-12 -7.30749345195518e-14 7.1357925214247e-14)
(-1.61987977451924e-12 -1.88659734063784e-14 2.74370658834102e-14)
(-1.60076423635132e-12 9.06304352696373e-14 -1.0600136927287e-13)
(-1.49417651757701e-12 6.36304788745e-14 4.08024613301059e-14)
(-1.74813535625918e-12 -1.57544717636395e-15 -1.16287782203812e-13)
(-1.37442696694214e-12 -8.58370649853202e-14 -6.91776480856817e-14)
(-1.17667435285953e-12 -7.24132802370862e-15 5.15472022653825e-13)
(-1.16317410475823e-12 7.94425222696141e-14 8.25974416449134e-13)
(-1.06654498480288e-12 7.02456459191419e-14 2.18751984772997e-14)
(7.95923642847921e-09 2.56969493828602e-14 -4.55730878336072e-09)
(7.79364703794028e-10 1.26610014786197e-13 -1.07273781304879e-09)
(4.9854677815099e-12 -1.13637013489565e-13 -2.30257143033244e-11)
(-1.78406467871806e-12 -2.39712852486049e-14 -5.36024911178996e-13)
(-1.88173606607362e-12 9.86346240329455e-14 1.27121207268228e-13)
(-1.66374106620703e-12 -1.17987637624774e-14 2.0186030362766e-13)
(-1.46910067426268e-12 -1.95326938130766e-13 1.36746122433481e-13)
(-1.64390218241521e-12 -3.31529790444492e-14 9.50678342093819e-14)
(-1.61093627443001e-12 7.77950901945272e-14 -1.8150516400417e-13)
(-1.68433192888112e-12 6.71917895325703e-14 -2.66516822074516e-14)
(-1.48745384989636e-12 -6.55374903877089e-14 -2.72401573788228e-14)
(-1.33246202863116e-12 -1.53719507930179e-13 -4.15341067913722e-14)
(-1.43966387829923e-12 5.2273286732337e-15 4.97214145902737e-13)
(-1.88372766090247e-12 5.96984441063855e-14 8.86660933647839e-13)
(-2.28136590556062e-12 9.76059891068529e-14 2.77416959800422e-13)
(4.5354181809722e-13 -7.7254286392297e-13 6.62125493430597e-14)
(3.35036645321433e-13 -8.10858657338049e-13 -1.24678468472652e-12)
(-3.69357000990716e-13 5.69457776293343e-13 -7.38612266304983e-13)
(-6.03775656377592e-13 9.68509732348138e-13 6.84870952537533e-14)
(-4.18322108014217e-13 9.33912918627723e-13 3.18223476240831e-13)
(-3.15063325431505e-13 5.81752630098006e-13 -5.20971159824554e-14)
(-6.17156666684559e-13 1.17128163615839e-12 -2.97605429538628e-13)
(-6.96229806884557e-13 1.10953778361044e-12 2.08771928727241e-13)
(-6.83245200946672e-13 9.94375898804934e-13 9.64521281528409e-14)
(-5.33467979561545e-13 9.45795233308459e-13 1.61834883145662e-13)
(-2.52194492813938e-13 3.61401357456862e-13 -9.05944873709352e-14)
(-6.05792102198789e-13 1.13726358203703e-12 -3.17398400412376e-13)
(-5.67180159740109e-13 1.11580656355415e-12 5.37420155669154e-13)
(-1.82320987373208e-13 2.71654925086577e-13 7.78363877167809e-13)
(-7.73846036846865e-14 -5.57722828967065e-14 -5.25582106558763e-14)
(2.37938750617777e-11 -4.14640920732845e-11 -3.36406949494355e-12)
(1.22065043556035e-11 -2.1677990287735e-11 -1.1688110563625e-11)
(7.79797595904175e-13 -1.74980268720483e-12 -2.79758698837468e-12)
(-7.15786179459061e-13 1.1533857472392e-12 6.24280782601492e-14)
(-4.82468406044542e-13 9.95016456822394e-13 2.08379509079626e-13)
(-5.55733983647876e-13 1.05356113589451e-12 -1.26219696123858e-13)
(-5.97768937141918e-13 8.82463897913759e-13 -2.05641567950754e-13)
(-8.61058449560478e-13 1.1060809949176e-12 6.31260037237303e-14)
(-8.81360304705214e-13 1.10275027143691e-12 1.29136012612337e-13)
(-7.09828915621795e-13 1.02718942692221e-12 3.36903107363341e-13)
(-6.18781825403193e-13 9.3279112222616e-13 -1.44918794584462e-13)
(-5.93784263824598e-13 9.84715248812449e-13 -2.76410122324375e-13)
(-3.94970599533562e-13 7.1098339300387e-13 5.50306351188802e-13)
(-4.93400610260329e-13 8.33025411341482e-13 8.54380307714884e-13)
(-4.22374803687697e-13 4.09842570114069e-13 5.49340765836884e-14)
(4.86519249708754e-10 -8.4339711518122e-10 -2.20254997562888e-10)
(1.36378960344101e-10 -2.36898516662461e-10 -1.98895515464775e-10)
(3.71362990468566e-12 -7.00233091664196e-12 -1.26635619005499e-11)
(-6.14550195583169e-13 7.50602666180477e-13 9.03029817615681e-14)
(-5.75345892133016e-13 1.02611865010096e-12 2.6954290399737e-13)
(-4.68999515149973e-13 7.99436687679533e-13 -1.98691848823304e-14)
(-3.52166031016982e-13 2.75601761289639e-13 -2.4047706819972e-13)
(-6.61232117499786e-13 3.98289491584603e-13 4.35319709641069e-14)
(-6.8707152601419e-13 5.42154781414977e-13 9.74217312443718e-14)
(-6.42612042192081e-13 7.71989663957748e-13 2.16989154275595e-13)
(-6.79511837215667e-13 1.09393571986888e-12 -8.0503858220652e-14)
(-4.27818849192095e-13 5.42121597725877e-13 -7.23346135081483e-14)
(-3.49191610653591e-13 3.96280757152884e-13 4.91612435982661e-13)
(-6.60473428212594e-13 8.16377322918792e-13 6.64724035548101e-13)
(-7.77619676966435e-13 6.94928620014188e-13 2.03816856753243e-13)
(3.9786414582581e-09 -6.89138248971814e-09 -4.55756351067294e-09)
(3.89553182204969e-10 -6.75162439042892e-10 -1.07357967911352e-09)
(2.58639462819677e-12 -4.97770891671437e-12 -2.35218350556681e-11)
(-6.87318388650786e-13 3.27500825012077e-13 -8.00748566066554e-14)
(-7.54070781356016e-13 1.10903980091471e-12 1.79986494379899e-13)
(-6.39531042709584e-13 8.43155730297809e-13 1.28845745648372e-13)
(-5.11893982390817e-13 5.07255810473171e-13 -1.18618031236861e-13)
(-5.29679454068807e-13 -1.79347884359355e-13 -1.20212997481112e-13)
(-8.2948246652884e-13 4.98204432788008e-13 2.4786811135004e-15)
(-7.15892025585689e-13 7.25428429914983e-13 1.40727413343555e-13)
(-6.77034041640206e-13 9.97153145638937e-13 1.39146800713169e-14)
(-4.24418421540304e-13 6.30185341543114e-13 5.12442289867865e-14)
(-5.58530970673832e-13 7.57122108110449e-13 4.12541678965786e-13)
(-9.37431738835362e-13 9.23252751081167e-13 5.96228965295658e-13)
(-1.19509358197116e-12 9.56537957105025e-13 5.4470147757576e-13)
(-7.42644085254302e-09 -1.28629081489118e-08 -4.01802123422372e-08)
(-2.05174704505672e-10 -3.55412815424287e-10 -1.37379954712352e-09)
(6.17879007003939e-13 4.30483657556064e-13 -1.22160538829336e-11)
(4.95743026330465e-13 -1.07048966001681e-13 -2.32375008029417e-13)
(4.62472955743425e-13 1.89371781054013e-13 2.9984194358873e-14)
(2.99974131359757e-13 -2.45575210615527e-14 1.26976804515246e-13)
(3.48122988664551e-13 -2.14218238480374e-14 -3.11611007904318e-14)
(7.21944756605337e-14 -4.054870480556e-13 -1.00982663309619e-13)
(2.63734961266461e-13 -4.78465257979206e-13 5.08271211945321e-14)
(1.87264931344815e-13 -3.02237547996393e-13 2.01911511032495e-13)
(3.31924354926172e-13 -8.47510013332347e-14 1.13878210139743e-13)
(2.16328512925616e-13 -7.0010658140523e-14 5.40443110839189e-14)
(2.70427194797109e-13 1.43759925933968e-13 1.50635673608521e-13)
(3.13051566952842e-13 1.04795719557941e-13 4.79941315286589e-13)
(3.72882302221482e-13 -1.85947851456515e-13 6.23427240903843e-13)
(-2.68835891571649e-09 -4.65655797023662e-09 -5.09154203600392e-08)
(-1.96805186912975e-10 -3.40963895917806e-10 -1.90528116068245e-09)
(-2.93562224683334e-13 -1.42835750295396e-12 -1.34416592000567e-11)
(3.41024485876788e-13 -1.09510559446251e-13 -2.28007200560366e-13)
(3.59267441535095e-13 -5.74712614942534e-14 1.25883702002926e-13)
(1.27974522466878e-13 -4.52160986288047e-13 2.2755929234157e-13)
(9.77774868440271e-14 -5.47419760306251e-13 5.23485404910052e-14)
(-1.62274200893784e-13 -6.93204052765371e-13 -3.81881297174142e-15)
(-5.35005624253374e-14 -7.18632468325613e-13 -1.24171651209204e-14)
(2.3072110064031e-13 -9.63565770955188e-14 1.45661591452111e-13)
(2.29351802116058e-13 -4.57509392149679e-13 9.78051659043213e-14)
(3.59581880495031e-13 -1.29563547558457e-14 1.18135342114577e-14)
(1.5969322598011e-13 -3.0527444014743e-13 1.51415704557983e-13)
(2.22743214374497e-13 -4.30103136449387e-13 5.26009868681485e-13)
(3.7101617883186e-13 -4.06376766958597e-13 6.38957112552411e-13)
(-4.8258414978422e-10 -8.36529916154138e-10 -5.23151881499409e-08)
(-5.65949684362409e-11 -9.81041724714236e-11 -2.20925061953631e-09)
(2.16442699215705e-14 -8.21275895294187e-13 -1.58840560784704e-11)
(-8.49725899953226e-14 -1.706555219284e-13 -3.22979147975229e-13)
(3.16352392143865e-13 1.46150997827125e-13 9.77267624043767e-14)
(1.06438138927779e-13 -2.15534590720947e-13 2.70726231291846e-13)
(2.31860127648337e-13 -5.05823640719175e-13 1.37267810658391e-13)
(-2.85730720764817e-13 -3.52376400481596e-13 -3.06338244928709e-15)
(-1.18854694152795e-13 -6.39266976955245e-14 -1.04476541315046e-13)
(1.82183668101049e-13 1.349945192897e-13 7.97996328782435e-14)
(3.38603925796429e-13 1.1124560206857e-14 5.52874340365284e-14)
(4.37510483825069e-13 -2.80599726279077e-14 4.30761315051284e-15)
(2.77672002019949e-13 -1.64300887881753e-13 1.89342671648397e-13)
(2.62836435041692e-13 -1.17283046962505e-13 5.2440442619198e-13)
(3.50753810193315e-13 8.0385402439414e-14 6.6833841740816e-13)
(-1.48529608210938e-08 1.21824393549659e-13 -4.01800634394154e-08)
(-4.10288103434359e-10 -2.80550204679409e-13 -1.37323313675882e-09)
(9.51340927939333e-13 8.98135905879514e-14 -1.21943047204906e-11)
(8.98880460588288e-13 2.27565682863791e-13 -2.3909673525102e-13)
(8.38038765003097e-13 4.24817383952717e-14 9.27025155403654e-14)
(4.8041772365608e-13 -9.27091204754271e-16 1.48957970864867e-13)
(3.51312748091899e-13 3.93508921900489e-14 4.14633180611177e-14)
(6.87364683816976e-13 6.73660566726617e-14 4.60684156190976e-14)
(9.58931777256062e-13 -3.45515150623471e-14 -1.19246285040084e-13)
(6.37086520020496e-13 5.72127402623146e-14 1.26561174436101e-13)
(8.6202906871372e-13 4.12268108519947e-14 -9.16920682447621e-16)
(2.07430206297993e-13 2.0133519815278e-13 -1.08175325698076e-13)
(2.35479534101722e-13 -3.27248485440476e-14 3.10740950389623e-13)
(5.55177648141923e-13 -1.23361425538483e-13 8.149635338827e-13)
(1.20824305338851e-12 -1.65887025792112e-13 4.44889463773099e-13)
(-5.37873081733693e-09 3.67600128699608e-13 -5.09156162929959e-08)
(-3.93037988558188e-10 -4.75672278125033e-13 -1.90501423719468e-09)
(-8.37978119416969e-13 6.12322964183507e-14 -1.34782627548148e-11)
(4.98612016692906e-13 7.64403341957191e-14 -2.96715953219747e-13)
(6.7056342627847e-13 2.37704736814367e-14 1.71849250299741e-13)
(2.49189445937785e-13 -5.55163384752907e-14 3.3785550468105e-13)
(8.98249458644252e-14 -1.36612668069019e-13 8.57557732830502e-14)
(2.70376864820684e-13 -3.02611939514964e-14 -1.3708302231177e-13)
(3.32723219598505e-13 -5.17240306561062e-14 -8.84633801802492e-14)
(2.82989070497306e-13 7.47196708551877e-14 1.42796545590967e-13)
(4.90493294974608e-13 8.00985960288031e-14 1.10417913698758e-13)
(1.35740168181897e-13 1.98686559354715e-13 9.40645758845371e-15)
(1.54198697866847e-13 -2.56085219430367e-14 2.43764452864894e-13)
(5.06922702161834e-13 -1.15486567777173e-13 5.55701677986491e-13)
(1.07902385624678e-12 1.36151781210189e-13 4.3665034928112e-13)
(-9.75021434155999e-10 8.33188801092148e-13 -5.23146000023076e-08)
(-1.12739539228567e-10 -3.25699762772824e-13 -2.20878937688034e-09)
(-2.83514509350471e-13 1.53153284617162e-13 -1.5983069966325e-11)
(-1.46198437730734e-13 -8.43162167600819e-14 -3.23529369139159e-13)
(3.98484959834421e-13 5.57557617142483e-14 9.08860291820162e-14)
(3.00773366991223e-13 -6.00468062942271e-14 3.28540056212125e-13)
(4.43775597417946e-13 -1.15054927011509e-13 1.23125440534902e-13)
(-4.15347168814922e-14 -1.43708584296569e-13 -8.01432465062105e-14)
(1.23702689336096e-13 -1.13127715065196e-13 -1.30542745580089e-13)
(1.54049565422309e-13 1.29700032459262e-13 7.49632380614542e-14)
(4.68235012809987e-13 -1.48738057405172e-14 7.58776028798462e-14)
(4.16325082281159e-13 2.04463509734066e-13 8.88027882200862e-15)
(5.88372604232814e-13 2.44610033547218e-15 2.06750547594726e-13)
(7.76406596768413e-13 -7.1415053703673e-14 5.2137053713625e-13)
(6.3460438243887e-13 1.30103039393875e-13 6.71471759033898e-13)
(-7.42640034720174e-09 1.28629855176329e-08 -4.01798622072513e-08)
(-2.04651506525146e-10 3.5534237215149e-10 -1.37402773938689e-09)
(5.18813501011499e-13 -4.66454619631987e-13 -1.25088908040225e-11)
(2.24889585628111e-13 2.94579561743205e-13 -5.11888857715228e-14)
(4.83298164241281e-13 -1.06469086962047e-13 1.53201886547314e-13)
(2.11899642540957e-13 1.38590208715376e-13 1.27427798819338e-13)
(-1.01123754382071e-14 9.5708518421301e-14 -1.04389806067706e-13)
(1.93238598886465e-13 4.25559984148051e-13 -6.03328442927751e-14)
(3.60779847886278e-13 3.26662003278825e-13 -8.03196633088478e-15)
(1.75940771971287e-13 1.46920197986803e-13 1.6100056900493e-13)
(3.28944494561555e-13 -2.33543681252631e-14 2.32946261333409e-14)
(-9.5438372688613e-14 9.29186846642775e-14 4.89805079453103e-14)
(1.47357585938608e-13 -6.90479507847669e-14 3.28755346812187e-13)
(3.4064015895597e-13 -7.01558906701844e-14 5.60918048452817e-13)
(5.32023249523605e-13 -1.58194729160671e-13 5.59048939299045e-13)
(-2.68893929845377e-09 4.65676054281261e-09 -5.0914987657999e-08)
(-1.95795296231898e-10 3.40288386504264e-10 -1.90556622025355e-09)
(-3.19262004554412e-13 1.22127277821371e-12 -1.35225326402598e-11)
(-6.05790753729223e-14 5.39612180242118e-13 -2.178662522637e-13)
(4.40499833024614e-13 7.71814026235554e-14 8.76594889869649e-14)
(5.76397302446387e-14 3.08864486519778e-13 2.77946909783931e-13)
(-8.74583603145108e-14 2.91252744617593e-13 6.4131920418922e-14)
(-1.87168457734677e-14 7.7470259545337e-13 -3.27548857501714e-14)
(2.01461684394304e-14 6.01556482793453e-13 -6.63480888056349e-14)
(8.53850955545906e-16 2.30958736357254e-13 6.29295639693147e-14)
(1.4039886996298e-13 4.6199816061515e-13 2.61637242583347e-14)
(-5.30379098925935e-14 3.70136681291164e-13 2.69771815781825e-14)
(3.3721018038003e-13 1.85869645946929e-13 2.44775580965857e-13)
(3.95000976780432e-13 3.62288618495703e-13 5.41143793734538e-13)
(4.08158619692999e-13 2.76841253273431e-13 5.85583785586484e-13)
(-4.83591652707588e-10 8.3738831088311e-10 -5.23160568801447e-08)
(-5.56780702444627e-11 9.74631584143002e-11 -2.20931873472134e-09)
(-2.19262345655199e-13 8.31624183993696e-13 -1.58214188339072e-11)
(-3.19247469644567e-13 8.98746912219555e-14 -3.79814474813832e-13)
(2.04512482993804e-13 3.0418248527451e-14 8.01496436891856e-14)
(3.25226514006737e-14 8.9793439992633e-14 2.91003326583757e-13)
(1.10771809307228e-13 6.97185621223516e-14 1.36021869559639e-13)
(-1.54133106307357e-13 3.20539535097352e-13 -9.43102760810711e-15)
(6.63005325835037e-14 2.77718903685838e-14 -1.29086701215924e-13)
(-4.86678262599383e-14 -9.45564534325623e-14 6.9928342398733e-14)
(1.08231396966929e-13 4.81410575430412e-14 4.16140685350388e-14)
(7.03463884855281e-14 2.8977447057563e-13 -1.55374705968238e-14)
(4.02638626222991e-13 2.23711080016299e-13 2.24946811355286e-13)
(4.13802215020962e-13 -6.10380264153349e-14 5.51766679047617e-13)
(2.97353625389627e-13 7.51949245534109e-14 6.29501712294933e-13)
(7.4263332118402e-09 1.28631373735573e-08 -4.01801394937068e-08)
(2.05209741854921e-10 3.55532935152456e-10 -1.37374209800012e-09)
(-6.4934393517159e-13 -4.40193241122535e-13 -1.22391407563701e-11)
(-3.80112103714512e-13 3.25397367269028e-13 -4.57561805569562e-13)
(-2.69478967346935e-13 -9.20335631324187e-14 1.36067426398842e-13)
(-2.96646349958335e-13 5.05127088036567e-15 4.9350486739191e-13)
(-4.13260114813005e-13 -2.06121705135688e-13 -1.13741430843435e-14)
(-3.3306040095824e-13 3.60524671042499e-13 -3.06405195075823e-13)
(-3.05785091577335e-13 5.80363112797142e-13 3.72352204955476e-14)
(-1.71202930518002e-13 2.97251742369944e-13 2.15093957784805e-13)
(-2.44962198256519e-13 -2.13963799910201e-14 1.29752100539958e-13)
(-1.84944333647239e-13 3.81861633647678e-14 4.86954506300306e-14)
(-2.19377573320994e-13 -1.82466801645067e-13 1.97837507909764e-13)
(-4.34056692293771e-13 -5.41694058661934e-14 6.34812151689328e-13)
(-5.25450048268799e-13 -9.86731734611565e-14 5.34294547392666e-13)
(2.68828777734992e-09 4.65659888113005e-09 -5.09154423673172e-08)
(1.96772229396935e-10 3.40903699124271e-10 -1.9052170501053e-09)
(2.84378463009343e-13 1.45228680516315e-12 -1.33630038417485e-11)
(-4.48439260742205e-13 2.6728445615981e-13 -4.12255843077621e-13)
(-1.67937222720612e-13 2.4887369484688e-13 1.27072824935211e-13)
(-3.15699223500378e-13 1.58102455703316e-13 4.01988392923124e-13)
(-3.84834484418567e-13 -2.24993190931021e-13 3.93453413127335e-14)
(-2.01465065876581e-13 6.28766146749734e-13 -1.04338954513982e-13)
(-3.39548824626613e-14 7.79064428941719e-13 -2.37469697796043e-14)
(-1.87493889511629e-13 5.31943196496741e-14 1.28767803620961e-13)
(-1.52686538255915e-13 3.74335909904311e-13 9.8375386800955e-14)
(-3.22094901228156e-13 -2.52886554616021e-14 -8.57337325833419e-15)
(-1.25159094420895e-13 3.80296838138504e-13 1.41538337175882e-13)
(-2.30588978489497e-13 4.30654811413141e-13 6.04426071683342e-13)
(-6.01671066429176e-13 4.82075121802038e-14 6.38005435241985e-13)
(4.82508979643302e-10 8.36430525063427e-10 -5.23145578403503e-08)
(5.71727864519644e-11 9.86526356005238e-11 -2.20943708735538e-09)
(-1.23635827511717e-13 8.59587152827723e-13 -1.57296542796722e-11)
(-2.05785878675447e-13 4.90954182095004e-14 -4.32890969036552e-13)
(-1.7381052510021e-13 1.28027522253293e-13 1.04307547485026e-13)
(-3.1603322185689e-13 -3.78750745341937e-14 3.57492132547595e-13)
(-2.96762664629798e-13 -3.54597019898167e-13 1.26328921482907e-13)
(-1.36714545975649e-14 3.88112784608244e-13 -3.15189368586409e-14)
(-8.25199691139046e-14 8.01110698704787e-14 -9.98195010685727e-14)
(-2.40469374503971e-13 -2.30436140888175e-13 8.67564963158247e-14)
(-2.37789880805804e-13 -1.57629279360803e-13 5.80716507104473e-14)
(-4.5393396054428e-13 -1.61012892038973e-15 -1.68116162528594e-14)
(-2.84840359614587e-13 3.94271676983421e-13 1.93770836361928e-13)
(-2.49859399631017e-13 3.36786966849019e-13 5.40222880983851e-13)
(-2.82489502385043e-13 2.15824072797054e-13 6.64911725902941e-13)
(1.48526754524651e-08 2.84605189676711e-15 -4.01799050903578e-08)
(4.10206591914168e-10 3.64835367150067e-13 -1.37316518891264e-09)
(-1.12915309291419e-12 -1.57140478914288e-13 -1.21889768342854e-11)
(-6.57456283846014e-13 -1.54392033263358e-13 -4.70914491636787e-13)
(-7.20620449707375e-13 7.27182212538736e-14 9.57091396094727e-14)
(-3.36208919043373e-13 -5.42426924629103e-14 2.24666042703928e-13)
(-4.35397017290767e-13 -2.82690228225958e-13 1.21772761089907e-13)
(-6.08755371668006e-13 3.15027884931669e-14 6.68680243482388e-14)
(-8.44038872074567e-13 7.7698915550197e-14 -1.71112347881956e-13)
(-5.33217378008568e-13 -2.20360019132589e-14 2.34594181459739e-15)
(-3.35336604738685e-13 -1.2798346613356e-13 -9.7537499010576e-15)
(-1.46212412289496e-13 -2.45151847200552e-13 -4.04694058262869e-14)
(-2.18546411819428e-13 -2.47770243014833e-14 4.41168260453115e-13)
(-8.01131078237349e-13 2.74154583066274e-14 8.35457582102301e-13)
(-1.46399057815846e-12 9.3958176348307e-14 2.94709288370144e-13)
(5.37892413362277e-09 -1.68588168020723e-13 -5.09156542273283e-08)
(3.93131148853015e-10 5.4940867630473e-13 -1.90495640983358e-09)
(8.12461622625595e-13 -9.26598067482525e-14 -1.33629714931335e-11)
(-5.24461165999207e-13 -2.28173031264529e-13 -3.98106907777522e-13)
(-4.34011781627435e-13 3.20546011786463e-14 1.22778480488663e-13)
(-2.24077235773844e-13 -1.21148967547639e-13 2.99483279668581e-13)
(-4.00262055981188e-13 -2.18653760024608e-13 9.26050054204953e-14)
(-5.68150164810098e-13 1.33658263032774e-13 2.16546050620688e-14)
(-5.42497792380256e-13 5.36977755368342e-14 -1.32869828874934e-13)
(-2.64001955162626e-13 -1.14242873680127e-13 6.88241636701315e-14)
(-2.41747754677841e-13 -1.68944714532163e-13 1.03789406993601e-13)
(-6.83768321927148e-14 -2.27407130550296e-13 4.42281558649506e-14)
(-1.20641485022036e-13 9.03605797544909e-14 2.80680487444903e-13)
(-5.51752802119114e-13 1.02781108881855e-13 5.4173932453172e-13)
(-1.13049709810551e-12 -8.41234576293797e-14 4.95998889653871e-13)
(9.7497431952847e-10 2.33388570174671e-13 -5.23156195746624e-08)
(1.12692312175196e-10 8.74877965225795e-13 -2.20874492740435e-09)
(5.1256289183129e-14 -1.72246740544189e-13 -1.58095641690184e-11)
(-2.94215095142755e-13 -1.42320115674787e-13 -3.85568815464701e-13)
(-4.48951378601996e-13 1.6896427887115e-14 1.16330951355177e-13)
(-4.78468175329752e-13 -1.23557557222068e-13 3.01439007449793e-13)
(-4.3866332556055e-13 -2.67198517413527e-13 1.26923550438859e-13)
(-1.96996276425036e-13 1.78915990428349e-13 8.87104275381369e-15)
(-2.96436901039525e-13 4.17764099010345e-14 -1.43650296019182e-13)
(-1.48424705064012e-13 -2.15649200206555e-13 6.63833335849891e-14)
(-3.82746916208709e-13 -1.80404041594167e-13 1.02070444114405e-13)
(-3.92151178195876e-13 -2.21780809548908e-13 4.19766896763959e-14)
(-6.01006666354483e-13 1.44800399399787e-13 2.32730478199735e-13)
(-7.43520311387688e-13 9.05628382603671e-14 5.18099399706449e-13)
(-5.28252875071778e-13 7.94615447953976e-14 6.52732551133009e-13)
(7.42628408362861e-09 -1.28627234854895e-08 -4.01799703841626e-08)
(2.04644798676084e-10 -3.55149325366014e-10 -1.37420000541136e-09)
(-5.28592792404938e-13 4.19207810786423e-13 -1.24900051136544e-11)
(-2.21829744706479e-13 -3.18814439422078e-13 -1.09889796884451e-13)
(-2.91301914772182e-13 1.46922785839419e-13 1.61312317982506e-13)
(-1.88724849260818e-13 -1.4369617381562e-13 1.76712006650895e-13)
(-1.36838413883538e-13 -2.02670788928253e-13 1.44506767579125e-14)
(-1.70121991875014e-13 -6.57311918444156e-13 -6.73379520981153e-14)
(-4.0470815642008e-13 -4.12821008712112e-13 -1.60955205931109e-13)
(-1.35183940638348e-13 -1.58798150014973e-13 8.97291853412817e-14)
(-1.11667646425775e-13 -1.18823334886278e-13 1.8425432169441e-14)
(1.31551263490493e-13 -1.06752197559729e-13 6.32835047477833e-14)
(-1.89185606012752e-13 6.72213371339864e-14 3.03461210241377e-13)
(-4.61615096990637e-13 -4.66645641171864e-14 5.57319314292206e-13)
(-7.46637143971762e-13 4.43609975976197e-14 5.85364346771152e-13)
(2.68849133125002e-09 -4.65672370557348e-09 -5.09152973932574e-08)
(1.95892685378141e-10 -3.4020457680324e-10 -1.90565171044775e-09)
(3.01591631728236e-13 -1.42457374710987e-12 -1.35204335441486e-11)
(-5.03950122599444e-15 -6.93003716458593e-13 -2.26688853434925e-13)
(-2.19209694413102e-13 -2.10395997135296e-13 1.4377425828925e-13)
(-2.10048459022353e-13 -4.05015037685567e-13 2.80387374394753e-13)
(-2.50898109454806e-13 -3.69349937328414e-13 1.01480266102681e-13)
(-3.0622392287392e-13 -4.22261960810762e-13 -4.11831417582409e-14)
(-1.46403326148059e-13 -7.53706417070156e-13 -1.35359394368935e-13)
(-7.7605310323536e-15 -2.84886386822699e-13 7.71799312884577e-14)
(4.58443559621391e-14 -6.00661147890043e-13 3.31066135967801e-14)
(6.222864146755e-14 -3.88031567105958e-13 4.40315375975164e-14)
(-2.43487197012882e-13 -3.2442837795237e-13 2.56743541434596e-13)
(-4.41687655115776e-13 -4.22467556023e-13 5.04166699451634e-13)
(-3.75251984766703e-13 -3.75017950820545e-13 5.96978096816747e-13)
(4.82839617001677e-10 -8.36780156762233e-10 -5.23149087832826e-08)
(5.57389361765838e-11 -9.76162332658756e-11 -2.20945139998329e-09)
(1.40930930478334e-13 -9.78676669343368e-13 -1.58254157100799e-11)
(1.18557461040518e-14 -2.64254022521417e-13 -3.59322633161124e-13)
(-1.57344774495154e-13 7.62902956527618e-15 1.17752392131094e-13)
(-2.43512280667762e-13 -1.75937186894488e-13 2.8616948113674e-13)
(-1.8013688555471e-13 -1.36900970161892e-13 1.50163928647218e-13)
(-9.35788969407114e-14 -2.182362133708e-13 1.44372075479631e-14)
(-1.48962751504421e-13 -4.72255159878028e-14 -1.66268494721315e-13)
(4.71017054367963e-14 6.85895887200347e-15 4.24565242546136e-14)
(-1.10747055756633e-13 -1.03242643165445e-13 4.79482012046695e-14)
(-7.90446940745197e-14 -3.08850673685838e-13 2.40780547265588e-14)
(-4.13711134752522e-13 -6.21872420172764e-14 2.29975815315105e-13)
(-4.90473222461398e-13 -2.91353764337847e-14 5.2607335803782e-13)
(-2.28268986836714e-13 1.0115472277559e-14 6.57860655780821e-13)
)
;

boundaryField
{
    inlet
    {
        type            zeroGradient;
    }
    outlet
    {
        type            freestreamVelocity;
        freestreamValue uniform (0 0 0);
        value           nonuniform List<vector> 
156
(
(-8.81476112298141e-15 -9.95529174020505e-15 6.88288064382987e-17)
(-7.41788298809592e-14 -1.06616625642188e-13 -1.31722466633782e-13)
(1.87254564837006e-13 4.53927220547866e-13 -4.92350434217141e-14)
(4.9070591227209e-13 6.35600768147705e-13 4.10990136446276e-13)
(3.63225113864005e-13 4.74262786459798e-13 1.32805450070859e-13)
(2.21452872330586e-13 3.64265386309967e-13 -3.40554631234362e-13)
(5.56903042892007e-13 8.83537208642754e-13 -1.79716334081486e-13)
(7.5255217609592e-13 1.00959279531342e-12 -4.31416154406551e-14)
(7.43628686871341e-13 1.29906270010471e-12 -1.35910007607341e-13)
(6.92787908351831e-13 1.25556039184653e-12 3.33859480744048e-13)
(2.18728487228673e-13 2.93440117724966e-13 7.33419450119192e-14)
(4.87235434335584e-13 8.40098259963993e-13 -2.20364857212606e-13)
(4.02775066306657e-13 6.95040664434431e-13 4.47065083002284e-13)
(3.98093818038084e-14 6.33443083467831e-14 3.26404849713156e-13)
(1.77281393639077e-14 -1.07155734061543e-14 -2.32776354563616e-14)
(-5.20221923290717e-14 -4.78312377042659e-15 1.73182171054583e-14)
(-4.27315563585876e-14 -8.32064832619354e-15 -1.89746234282975e-14)
(-2.03697680102676e-14 -4.13535237317511e-14 -4.40404665566276e-14)
(8.1688773780926e-14 6.26820214535074e-14 -1.05094579504049e-14)
(3.79787903829192e-13 1.11627900053859e-13 4.05551401024136e-14)
(1.02166373268659e-13 2.80664306758418e-14 3.30293280339148e-14)
(3.05361811028292e-13 4.87786838808701e-14 1.11824849085449e-13)
(2.1656488025065e-13 5.14643098005357e-14 2.54947942809404e-13)
(1.99086785116258e-13 -4.26793026994292e-14 -1.99033366013108e-13)
(4.6557549109334e-13 -1.07851395293271e-14 -7.55158214446951e-14)
(2.80768662465376e-14 1.87456592724137e-14 -6.39326071081768e-14)
(5.00214316629326e-13 2.33168343430155e-14 -4.09585049636481e-13)
(4.87166890980247e-13 -1.29163159074554e-14 3.03412276927977e-13)
(8.28095040522565e-14 -4.78853069202654e-15 3.71639150452238e-13)
(-1.33565052222465e-14 -1.99889456815743e-14 -3.1051376923472e-14)
(-4.48304706509583e-15 6.05365070650512e-15 8.68778454420773e-16)
(-6.70221008049611e-14 1.43385194050917e-13 -1.74724870875017e-13)
(1.58154530666991e-13 -2.21694665748368e-13 -5.52713520285358e-13)
(6.53689349643941e-13 -8.92697045337544e-13 2.7184354209051e-14)
(3.99671325254561e-13 -7.25578659548063e-13 2.86193916303262e-13)
(4.49166524259786e-13 -5.44033794639796e-13 -1.24035909772409e-13)
(6.62106144679694e-13 -1.15125071442543e-12 -2.85331203164691e-13)
(7.20398180415702e-13 -1.0648351823421e-12 2.02604587340723e-13)
(7.08782556747324e-13 -9.57076155915462e-13 7.79609371845012e-14)
(5.30827729891406e-13 -8.96510296047287e-13 1.61998962099694e-13)
(2.32218508742021e-13 -2.98590447106237e-13 -8.25659827316289e-14)
(5.77699951202628e-13 -1.04561396799047e-12 -2.28007530541669e-13)
(3.516137553033e-13 -7.19901531456778e-13 5.07453617430337e-13)
(9.61291110187168e-14 -1.78482278180409e-13 4.86405098268332e-13)
(1.58950105774103e-15 3.94057481592029e-16 -7.16002034416023e-16)
(6.8559973266415e-15 8.02943589599426e-15 1.2185550077093e-18)
(8.25456239238006e-14 1.23962207953719e-13 -1.7227192190934e-13)
(-2.09151579273066e-13 -5.30895522929007e-13 -3.74594133591065e-13)
(-6.22855864525597e-13 -9.06920367123527e-13 1.79938595124527e-13)
(-4.51678286686147e-13 -7.81660856673881e-13 7.68389356961618e-14)
(-4.94643226043092e-13 -8.23242802222101e-13 -1.42931370383682e-13)
(-5.52228929486796e-13 -9.64963538358806e-13 1.20379546428794e-13)
(-7.13915721035584e-13 -1.00845182777674e-12 -1.4938940890866e-14)
(-7.18367577051155e-13 -1.26349974409351e-12 -1.0980956588975e-13)
(-6.37874954031508e-13 -1.15636920301788e-12 3.71818121124255e-13)
(-2.26181804191116e-13 -2.92831801650983e-13 8.81888778250235e-14)
(-4.27960206127039e-13 -7.40813192935746e-13 -2.04006290582721e-13)
(-3.5151666534955e-13 -7.37183128756923e-13 4.51546529108244e-13)
(-3.68267260947799e-14 -9.09867173046923e-14 4.27982768618789e-13)
(-6.87369963225818e-16 6.96594048369735e-15 -7.38972688211381e-15)
(4.48238750598623e-14 3.5507087868361e-15 1.37298919239516e-14)
(4.38883539566395e-14 7.38266816291418e-15 -1.94870082972605e-14)
(2.55667576783165e-14 2.32320270935652e-14 -3.61627868416625e-14)
(-7.55475058494298e-14 2.40386729574732e-14 -7.86438337503554e-14)
(-5.16602767236951e-13 -3.77319561226606e-14 -1.35470289860686e-14)
(-2.66369047823817e-13 9.67913381979537e-14 3.49862330560831e-14)
(-4.44387248931914e-13 3.0305570835819e-14 1.35010461755068e-13)
(-2.2781439412326e-13 -6.73491521045589e-15 2.7459962124226e-13)
(-2.17866311545833e-13 7.63769658209061e-14 -1.86918526287137e-13)
(-4.46960903488725e-13 3.68807104764182e-14 -3.64280116229809e-14)
(-6.62469676124937e-14 1.60870738163796e-14 -5.9684123212899e-14)
(-4.45879376249039e-13 -1.4947644704329e-14 -3.93333631766688e-13)
(-4.48644185072661e-13 -3.50574423698837e-14 3.05321028868851e-13)
(-6.12155059711089e-14 -3.85569549672191e-15 3.62322315117764e-13)
(1.85357756226924e-14 -8.80197271916231e-16 -2.25641591640473e-14)
(7.04620546889534e-16 -1.20021914970655e-15 1.02867521510566e-16)
(7.61377930069062e-14 -1.84269361194899e-13 -2.83334481691743e-13)
(-3.13136714477322e-13 4.82779902976691e-13 -6.26187178591492e-13)
(-6.03022391124128e-13 9.6730142803624e-13 6.84016513498455e-14)
(-4.07614906540377e-13 9.10008865776592e-13 3.10078358379404e-13)
(-3.14482583036686e-13 5.8068031101697e-13 -5.20010876559045e-14)
(-6.09422010074174e-13 1.15660228205143e-12 -2.93875621651705e-13)
(-6.91540470911782e-13 1.10206468293249e-12 2.07365781352041e-13)
(-6.81111284129159e-13 9.91270256130167e-13 9.61508881030533e-14)
(-5.30483669653883e-13 9.40504295157491e-13 1.60929551497502e-13)
(-2.49002234116102e-13 3.56826766577106e-13 -8.94477492441071e-14)
(-5.96770938235914e-13 1.1203280009931e-12 -3.12671856435851e-13)
(-5.43741556185648e-13 1.06969608659636e-12 5.15211378167702e-13)
(-1.26220868058124e-13 1.88066776901029e-13 5.38861519217754e-13)
(-3.50016578941563e-14 -2.5226237170908e-14 -2.37724873077049e-14)
(4.29694410869667e-15 -2.59723928573248e-15 -5.64203024837652e-15)
(1.09644582386743e-13 1.4616575194799e-13 1.65347714155037e-16)
(2.35287916546187e-13 3.30881314039351e-13 1.60396790536833e-13)
(5.61842108049442e-13 5.8855585464216e-13 3.95431699981407e-13)
(3.41405378922471e-13 -1.70251031781667e-13 5.70800523766732e-13)
(3.26512886317841e-13 -3.57631981251945e-13 5.62314375911216e-13)
(3.30000245103778e-13 7.56291214431917e-14 6.28793858106369e-13)
(-4.24411570000544e-15 -6.35161644323126e-15 -9.86677533642503e-15)
(3.9120452074313e-13 -4.86012699282368e-14 2.48182681567934e-14)
(6.00552464661512e-13 -9.17128427877978e-14 4.69472684947102e-14)
(1.02769820898239e-12 -1.01979449824461e-13 2.40092059400679e-13)
(8.09217778032271e-13 -1.11102422678454e-13 2.97963611158189e-13)
(7.40156615984715e-13 9.33933397833765e-14 2.99520388748978e-13)
(5.45872838104827e-13 1.11911794694925e-13 5.7758535073839e-13)
(2.19941575507109e-15 5.45263074344147e-16 -9.90742439263058e-16)
(1.40331554881394e-13 -2.91357349651995e-13 4.35565591041153e-14)
(3.66192954841653e-13 -5.55924039757702e-13 1.41201141010038e-13)
(6.67284802571991e-13 -7.04389981510549e-13 3.79722041524993e-13)
(4.54832944801506e-13 -1.35242537954222e-13 4.77937525431887e-13)
(3.60322118878237e-13 2.44395247728491e-13 5.16952920318004e-13)
(2.82047721443193e-13 7.1324360369215e-14 5.97098903249383e-13)
(-4.24928065942787e-16 4.30630341092986e-15 -4.56828566835475e-15)
(-2.2055310231141e-13 -3.33475733062835e-13 -2.68489469074294e-15)
(-4.06301248651516e-13 -5.48516075161138e-13 1.24755165348064e-13)
(-6.18794346182942e-13 -5.00265831199387e-13 3.75596079125271e-13)
(-4.48564493640683e-13 -8.42349948113062e-14 4.5611483697793e-13)
(-5.19167078765324e-13 4.15970696774169e-14 5.50519106755104e-13)
(-2.65715059894029e-13 2.03008274451472e-13 6.25428759585286e-13)
(1.21379349213718e-14 -5.7638684358094e-16 -1.47758745608347e-14)
(-1.73944589009144e-13 -4.05112810075144e-14 2.16998421618058e-14)
(-5.43201728671041e-13 3.57767903263303e-14 1.11412512338497e-14)
(-1.27619028294862e-12 5.46005419613494e-14 1.55186341463031e-13)
(-8.74796212438271e-13 5.61439793557263e-14 1.76101248930767e-13)
(-7.9222025464479e-13 -5.89513295845078e-14 3.47581933048404e-13)
(-4.68494894299074e-13 7.04725516632589e-14 5.78892954453058e-13)
(-1.93539821432507e-14 -1.39487148072684e-14 -1.31448714870957e-14)
(-2.3064232970356e-13 2.23798968019637e-13 2.99973466522021e-14)
(-4.63109277560997e-13 4.13862844143439e-13 1.21382573103049e-13)
(-7.97461582767653e-13 6.38278277749731e-13 3.6346819110767e-13)
(-6.04326241851417e-13 3.59056807974225e-14 4.73792442090718e-13)
(-3.28261889744253e-13 -3.2805716217838e-13 5.22222842655519e-13)
(-2.22219953499362e-13 9.84741646376692e-15 6.40427621651673e-13)
(-3.78569613282635e-13 -4.27552249190223e-13 2.95600689258826e-15)
(-1.30278051014983e-11 -2.2484284803371e-11 -1.82848881640167e-12)
(-2.97585137513635e-10 -5.15683862305465e-10 -1.3464177629386e-10)
(-2.97742254214016e-09 -5.15703042924233e-09 -3.41073670996873e-09)
(-5.94983245380258e-13 -5.47050859752695e-14 1.9807025725533e-13)
(-2.61418473167151e-11 -7.35754062480607e-14 -1.66611018940766e-12)
(-5.9409755332909e-10 -3.70731426688832e-14 -1.34912736436784e-10)
(-5.95566860037859e-09 -9.22393615623988e-17 -3.4101830993993e-09)
(-2.56999623558957e-13 3.47037613065072e-13 4.98044594447055e-14)
(-1.27795804424859e-11 2.21776545120301e-11 -1.82062197243425e-12)
(-2.97510725852402e-10 5.15654990394748e-10 -1.34602844570211e-10)
(-2.97726291785573e-09 5.1568754003755e-09 -3.41064286340491e-09)
(3.53611603175662e-13 4.14134015009834e-13 6.28493812504003e-17)
(1.29812448187902e-11 2.24723677182681e-11 -1.82734592254378e-12)
(2.97541964246044e-10 5.15715470289725e-10 -1.34625944277002e-10)
(2.9772853863823e-09 5.15696452857544e-09 -3.41075930039957e-09)
(6.16659741563728e-13 4.88485022754999e-14 1.88887542503067e-13)
(2.59542963167975e-11 7.93468764027921e-14 -1.66252902351366e-12)
(5.94076855018622e-10 3.08501589300039e-14 -1.34886858410727e-10)
(5.9556206520205e-09 1.9228136243181e-14 -3.41007614885032e-09)
(2.09096281132126e-13 -3.56165260657019e-13 3.05259565479437e-14)
(1.27498626779889e-11 -2.22183851360597e-11 -1.8026245825188e-12)
(2.97337583112035e-10 -5.1544447620884e-10 -1.34609450053416e-10)
(2.9772943262086e-09 -5.1569547549414e-09 -3.41051289090087e-09)
)
;
    }
    sides
    {
        type            zeroGradient;
    }
}


// ************************************************************************* //
