/*--------------------------------*- C++ -*----------------------------------*\
  =========                 |
  \\      /  F ield         | OpenFOAM: The Open Source CFD Toolbox
   \\    /   O peration     | Website:  https://openfoam.org
    \\  /    A nd           | Version:  11
     \\/     M anipulation  |
\*---------------------------------------------------------------------------*/
FoamFile
{
    format      ascii;
    class       surfaceScalarField;
    location    "0.0000300147";
    object      phi;
}
// * * * * * * * * * * * * * * * * * * * * * * * * * * * * * * * * * * * * * //

dimensions      [1 0 -1 0 0 0 0];

internalField   nonuniform List<scalar> 
2478
(
0.000511675461543796
-8.88369468476115e-05
-2.54566476947694e-12
2.94534362177412e-15
-0.000626104548696069
0.000405002985315602
-8.66639467217395e-05
-1.82720464735227e-12
2.03705596227982e-14
-8.09070097847986e-05
-7.75690411425681e-13
2.46099527475424e-14
0.00030727982218302
0.000306823363304003
-2.06806238442902e-05
-1.39444044418985e-12
-5.11472374870037e-17
-0.000373779995784293
0.000243206301055641
-2.10435854900876e-05
-9.23903016808794e-13
6.03363929999046e-15
-2.00384952720588e-05
-4.75776915694753e-13
-7.84962372879505e-15
0.000184684889248313
0.000100891807275734
-1.38106792169947e-12
5.66113453857875e-15
-0.000121067644725799
8.05794747906948e-05
-1.08176125392448e-12
-1.99720340092469e-14
-5.21424402136553e-13
-9.06706892726816e-14
6.13615473178013e-05
0.0005116754641301
-8.88369396986773e-05
2.54559134188481e-12
-0.000626104553463969
0.000405002986848773
-8.66639417767114e-05
1.82844483911232e-12
-8.09070080376066e-05
7.71597277174005e-13
0.000307279822887796
0.000306823366596951
-2.06806196610895e-05
1.39407428201115e-12
-0.000373780000311257
0.000243206303306891
-2.10435822202458e-05
9.24467615090116e-13
-2.00384936346037e-05
4.70279143318514e-13
0.000184684890164117
0.000100891807323172
1.38136005997484e-12
-0.000121067644743617
8.05794748468522e-05
1.08298523686205e-12
5.12940547241908e-13
6.13615473962935e-05
0.000511675461540245
-8.88369468455238e-05
4.00601860711669e-15
-0.000626104548695778
0.000405002985312961
-8.66639467207185e-05
1.85875078349829e-14
-8.09070097745686e-05
2.30643412355014e-14
0.000307279822185073
0.000306823363302523
-2.06806238434898e-05
2.29037708937563e-15
-0.00037377999578561
0.000243206301054808
-2.10435854901323e-05
6.24240242830254e-15
-2.00384952633568e-05
-8.52578641366564e-15
0.000184684889246445
0.000100891807274785
7.20888734991043e-15
-0.000121067644725201
8.05794747902927e-05
-1.97357863558623e-14
-9.01456372656012e-14
6.13615473178549e-05
0.000511675461553904
-8.88369468697666e-05
-2.54960700989126e-12
-0.000626104548698752
0.000405002985322749
-8.66639467901235e-05
-1.87980563732225e-12
-8.09070098040553e-05
-8.53681247870927e-13
0.000307279822153385
0.000306823363311467
-2.06806238538917e-05
-1.41153766192864e-12
-0.000373779995795515
0.000243206301045337
-2.10435855038348e-05
-9.78219702506625e-13
-2.00384952336294e-05
-5.47109205812843e-13
0.000184684889204323
0.000100891807273921
-1.37943820320389e-12
-0.000121067644724325
8.05794747939596e-05
-1.14493909687298e-12
-6.54387324492897e-13
6.136154731972e-05
0.000511675464055857
-8.88369396823046e-05
2.54874683099267e-12
-0.000626104553494804
0.000405002986653051
-8.66639415341739e-05
1.88038465549246e-12
-8.0907007543555e-05
8.59583563182775e-13
0.000307279822853697
0.000306823366534683
-2.06806196737295e-05
1.40967321366273e-12
-0.000373780000291323
0.000243206303212721
-2.10435821039944e-05
9.77483502126453e-13
-2.00384933392963e-05
5.53349466941855e-13
0.000184684890201767
0.000100891807310533
1.3775773599102e-12
-0.000121067644743218
8.05794748213296e-05
1.14367386004274e-12
6.61564444719154e-13
6.13615474055491e-05
0.000511675461558941
-8.88369468673344e-05
-0.000626104548705919
0.000405002985322337
-8.66639467955021e-05
-8.09070098140163e-05
0.00030727982214332
0.000306823363313032
-2.06806238499868e-05
-0.000373779995802493
0.00024320630104041
-2.10435855031551e-05
-2.00384952409321e-05
0.000184684889197329
0.000100891807274999
-0.000121067644725172
8.05794747943229e-05
6.13615473186185e-05
0.000323697750145765
4.17067075913542e-06
-5.38803132969431e-13
-1.06864468446197e-13
0.000353920984606698
2.09970298348662e-06
-4.39478856952003e-13
-1.07976868006683e-12
1.04087951156194e-06
-2.38799046725982e-12
-1.75407588844448e-12
0.000415714167208963
0.000194574800953907
1.12144392139948e-06
-4.16098037102353e-13
-1.75201677167849e-13
0.000212646465784222
5.8320551989409e-07
-1.2829421227635e-13
-9.12652440600292e-13
2.26601719451129e-07
-1.40219953703724e-12
-1.84100567364627e-12
0.000249703230823462
6.48181102160003e-05
-2.52385541936115e-13
-2.80677228420984e-13
7.09868829396223e-05
-1.34288522142534e-12
2.26719649456218e-12
-2.25092692965681e-12
-2.34138880159107e-15
8.33589409474394e-05
0.000323697748903689
4.17067234472981e-06
5.45392507197984e-13
0.00035392098018875
2.09970792115608e-06
4.72301071949982e-13
1.04090594464564e-06
2.41327005037414e-12
0.000415714164017152
0.000194574800462116
1.12144490529138e-06
4.19847316635025e-13
0.000212646465183856
5.83207498932388e-07
1.63846827815409e-13
2.26611799866581e-07
1.45357204463063e-12
0.000249703241702667
6.48181101420747e-05
2.77500814211198e-13
7.09868830749114e-05
1.38278220796449e-12
2.26174832443533e-12
8.33589450748753e-05
0.000323697750167556
4.17067070160933e-06
-1.20553821916433e-13
0.000353920984667559
2.09970282242177e-06
-1.10768525970507e-12
1.04087951726718e-06
-1.63113717411428e-12
0.000415714166919317
0.000194574800960859
1.12144388948233e-06
-1.83205013659649e-13
0.00021264646578157
5.83205429167212e-07
-9.49247109952381e-13
2.26601756661489e-07
-1.66322939578953e-12
0.000249703230269975
6.48181102158537e-05
-2.80989776802257e-13
7.0986882919615e-05
2.24277039539804e-12
1.50054827504492e-13
8.33589408214255e-05
0.000323697749783845
4.17067120645018e-06
-7.74217007778327e-13
0.000353920983246664
2.09970524786047e-06
5.4403180636646e-13
1.04089012608417e-06
1.71437828668485e-12
0.000415714162423723
0.000194574800819684
1.1214441689487e-06
-4.92279014861069e-13
0.000212646466475139
5.83204181646733e-07
5.49835594805884e-13
2.26605823948578e-07
2.31768123031169e-12
0.000249703230321604
6.4818110257703e-05
-5.95990460759352e-13
7.09868833546214e-05
1.01303641582111e-12
1.27947598262818e-12
8.33589435507601e-05
0.000323697749855225
4.17067313534722e-06
7.81042195979395e-13
0.000353920980001096
2.09970064684884e-06
-5.48704744834927e-13
1.04089285615035e-06
-1.8646333663306e-12
0.000415714169538537
0.000194574800807028
1.12144559457584e-06
4.9646200236779e-13
0.000212646463936337
5.83203312176249e-07
-5.48291392756667e-13
2.26604793142007e-07
-2.54960497701219e-12
0.000249703242974691
6.48181102329942e-05
5.72412668480016e-13
7.09868834486393e-05
-1.02507932697726e-12
-1.44441254204715e-12
8.3358943054355e-05
0.00032369774978011
4.17067122763972e-06
0.000353920983265851
2.09970529749254e-06
1.04089044925259e-06
0.000415714162103062
0.000194574800815818
1.12144419292011e-06
0.000212646466535154
5.83204198122649e-07
2.2660603826293e-07
0.000249703229895769
6.48181102584588e-05
7.09868833827727e-05
8.33589435674742e-05
4.12759291241676e-05
-2.62003488024111e-11
4.65179397822826e-12
0.000531340956343242
1.02755371946559e-05
-2.5833437331587e-11
8.35939618307885e-12
0.00031897789888177
-1.13642067761308e-11
1.27354194356076e-11
0.00010639595717735
4.12760246695619e-05
2.61505051011961e-11
0.000531340955680984
1.02755799173997e-05
2.6427335526099e-11
0.000318977907457175
1.12174761666972e-11
0.000106396016389513
4.12759277089259e-05
4.5123490447635e-12
0.000531340954068024
1.0275537716875e-05
7.12715536544881e-12
0.000318977899419885
1.23574088787236e-11
0.000106395959481603
4.1275889864286e-05
-2.90270824954489e-11
0.000531340941659103
1.02755379637748e-05
-3.80059532022886e-11
0.00031897791637495
-1.58630582627883e-11
0.00010639604974539
4.12760245274595e-05
2.92149987470187e-11
0.000531340981939368
1.02755503829464e-05
3.8640931817116e-11
0.000318977868283009
1.63803523154336e-11
0.000106395901971545
4.1275886372825e-05
0.000531340941084615
1.02755371591288e-05
0.000318977915152265
0.000106396050931697
3.50467276502658e-05
-1.04401699308268e-10
6.9970828718742e-12
0.000577991191297153
8.73642869574347e-06
-6.76625363810884e-11
2.08551601552434e-11
0.000346958019471047
-1.9161464678407e-11
-2.91450393550066e-11
0.000115717355443636
3.50469101556893e-05
1.04420103585936e-10
0.0005779911871833
8.73646230234237e-06
6.68949452580468e-11
0.000346958004034348
2.3043191866353e-11
0.000115717348780415
3.50467306132891e-05
6.24932137288647e-12
0.000577991190922747
8.7364291101894e-06
1.99056153504795e-11
0.000346958020614347
-2.81258928907374e-11
0.00011571735568524
3.50466311941056e-05
-1.05236371646025e-10
0.000577991220041209
8.73638624247747e-06
-7.21358517623977e-11
0.000346958021435163
-4.58455844901812e-11
0.000115717345541021
3.504689425336e-05
1.06001303383767e-10
0.000577991176418718
8.73649499851632e-06
7.38915196391021e-11
0.000346957991781635
4.10210503260823e-11
0.000115717351907199
3.50466261895265e-05
0.000577991222005765
8.73638652397013e-06
0.000346958021370885
0.00011571734479903
2.29759294250677e-05
-1.53276207373078e-11
-7.97580335652227e-11
0.000565357274254923
5.72898792037868e-06
-1.19004038394432e-11
1.17289182923266e-10
0.000339308153084706
1.17264719207708e-09
3.81477292875181e-09
0.000113139181900441
2.29759194273413e-05
1.91727263947929e-11
0.000565357273546553
5.72835706856838e-06
1.65159721836339e-11
0.00033930824647363
-1.09988737556762e-09
0.000113139674727347
2.29759734035466e-05
-7.87613383800706e-11
0.000565357270956148
5.72894652195845e-06
1.11992628604e-10
0.000339308158143599
3.58163014199143e-09
0.000113139197463886
2.29764428997169e-05
-2.34637126351675e-11
0.00056535729854831
5.72753459820394e-06
-3.09264017823649e-10
0.000339308359056603
-4.39316217871197e-09
0.000113139976284326
2.29750775438103e-05
1.86277407886702e-11
0.000565357243907372
5.72986073502953e-06
3.10049883445358e-10
0.000339307929009755
4.40148954696656e-09
0.000113138782066587
2.29764788922416e-05
0.00056535729823127
5.72750640121932e-06
0.000339308357996597
0.000113139988566679
2.5343403895347e-06
4.68762113544144e-11
-2.11381231528945e-11
0.000501297240077421
6.17667933293267e-07
8.62594954774594e-11
1.06906546169881e-10
0.00030079448358596
-1.65745621600374e-10
2.05582746084978e-10
0.000100270256269076
2.53386344600283e-06
-4.85280838950775e-11
0.000501297343502271
6.1774706520642e-07
-8.52774997969416e-11
0.000300794694824985
1.82545125825169e-10
0.000100270245444609
2.53436406296814e-06
-1.71906910906815e-11
0.000501297231791959
6.17639716818592e-07
1.16537407165735e-10
0.000300794468916854
1.74454577249027e-10
0.000100270254780202
2.53438278064117e-06
6.98177401851387e-11
0.000501297168719876
6.17129011965185e-07
-1.33076685630319e-10
0.000300794383009154
-5.32881935246757e-10
0.000100270206935502
2.53385648557776e-06
-7.20212143504213e-11
0.000501297411039906
6.18310087545837e-07
1.31551901587802e-10
0.000300794750883951
5.47204549359269e-10
0.000100270270053059
2.53440800559144e-06
0.000501297161935496
6.17101565441778e-07
0.000300794367424645
0.000100270204764576
6.0404245073531e-05
3.80516101483944e-11
-1.79648315537864e-12
0.000497382758741829
1.50936036056288e-05
5.91828312160488e-11
-7.77291349774584e-12
0.000298423830368075
-3.11246990095278e-11
4.92115831592088e-12
9.94706966544303e-05
6.04040639276118e-05
-3.83677777049396e-11
0.000497382744985721
1.50936213252876e-05
-6.1562666260357e-11
0.000298423888997208
3.34694724734609e-11
9.94706887612527e-05
6.04042512319897e-05
-1.2493170560568e-12
0.000497382759781059
1.50936009374583e-05
-3.05667795762188e-12
0.000298423824123157
9.36494913734987e-13
9.94706946095302e-05
6.04042736199288e-05
3.78003135520152e-11
0.000497382738874581
1.50935719570925e-05
6.81558974297176e-11
0.000298423724050597
-3.73734050976814e-11
9.9470656676891e-05
6.04040520253255e-05
-3.78575807855053e-11
0.000497382762474905
1.50936610137939e-05
-7.02669338730269e-11
0.000298424001681669
3.90224628326642e-11
9.94707364171586e-05
6.04042803638594e-05
0.000497382740169174
1.50935697555805e-05
0.000298423718624194
9.94706551633877e-05
0.000661194067719902
3.65596620360321e-11
4.06695998492884e-13
0.001031180928848
0.000165297578621222
2.69608471290504e-11
1.56938763200276e-11
0.000618704439612953
8.23140996553465e-12
8.65865810040917e-13
0.000206232527637227
0.000661193940506169
-3.6268287364246e-11
0.00103118084708995
0.000165297556369471
-2.69130132676126e-11
0.000618704380029746
-8.22711928964714e-12
0.000206232516761731
0.000661194069281927
-1.68710097975255e-13
0.00103118093458335
0.000165297579263261
1.56044951266088e-11
0.00061870444339726
1.02725293549266e-12
0.000206232526998359
0.000661194071294093
3.58094039447018e-11
0.00103118095873293
0.000165297590282566
-3.59697975614928e-12
0.000618704449778579
5.79032806945212e-12
0.000206232508593424
0.000661193934299005
-3.55233183905838e-11
0.00103118081288053
0.000165297547643124
3.64920490743617e-12
0.000618704381826567
-5.70063728210293e-12
0.00020623254508171
0.000661194072590243
0.00103118096346772
0.000165297591027018
0.000618704453814387
0.000206232508188247
0.000231664530156361
2.48898714681235e-11
3.79805833051333e-13
0.000556396186015475
5.79184902558536e-05
1.42828772897383e-11
3.19211345724268e-13
0.000333847558827506
5.78051034772972e-12
-2.13209517315599e-12
0.000111276897786413
0.00023166447447229
-2.48727365201491e-11
0.000556396186295155
5.79184814881517e-05
-1.42450575532464e-11
0.000333847533426862
-5.8973926003042e-12
0.00011127688986888
0.000231664529911499
3.1616213553437e-13
0.000556396186206318
5.79184901374474e-05
1.79382442060116e-13
0.000333847560588299
-1.93871313317398e-12
0.000111276898317751
0.000231664530354226
2.46770626936149e-11
0.000556396194393943
5.79184967495484e-05
1.43835877453383e-11
0.000333847576902059
8.44968924473485e-12
0.000111276899989555
0.000231664475159542
-2.4631015380517e-11
0.000556396183510191
5.79184765424527e-05
-1.42972471969122e-11
0.000333847521586673
-8.53432374683244e-12
0.000111276889431251
0.000231664530038068
0.000556396194373655
5.79184967243383e-05
0.000333847578661945
0.000111276900532892
-0.000137800358646767
-1.54958014464673e-11
1.43117343063409e-13
2.69899809506839e-05
-3.44466913585192e-05
-8.08953498263563e-12
6.70515346804651e-14
1.63738795322288e-05
-3.24755337639121e-12
-4.57567225211827e-13
5.44159086955821e-06
-0.000137800326643706
1.56174042068805e-11
2.69899820867149e-05
-3.44466786293439e-05
8.10651518785496e-12
1.63738794322386e-05
3.28469670625268e-12
5.44159068100962e-06
-0.000137800358812624
-8.60889051018665e-14
2.69899808857157e-05
-3.44466916234621e-05
3.74143804045962e-14
1.63738795369855e-05
-5.09913888457197e-13
5.44159088332684e-06
-0.000137800366054795
-1.63481837388204e-11
2.69899810197739e-05
-3.44466924063415e-05
-8.1694107316628e-12
1.63738799797242e-05
-3.42621693820086e-12
5.44159100782102e-06
-0.000137800321952547
1.64557767369164e-11
2.69899824802233e-05
-3.44466785786199e-05
8.18207264094428e-12
1.63738793250014e-05
3.43970248876772e-12
5.44159065506936e-06
-0.000137800366271774
2.69899809664863e-05
-3.44466926252386e-05
1.63738799840385e-05
5.44159101419782e-06
3.44684837944077e-05
-4.8649593468314e-12
-2.6103251504761e-15
9.00316889883231e-06
-1.27392031385593e-12
3.39664277607121e-15
-1.65906334894175e-12
-1.2773527895138e-15
3.44684938886013e-05
4.86421086786162e-12
9.00317375482958e-06
1.27361174991764e-12
1.66098482624194e-12
3.44684837944524e-05
-4.84042059906153e-16
9.00316889860181e-06
2.31694004260152e-15
2.88018307120774e-16
3.44684837964013e-05
-4.86128590724069e-12
9.00316889632693e-06
-1.27411931916468e-12
-1.66204718174065e-12
3.44684938739616e-05
4.86015145229751e-12
9.00317375476735e-06
1.27570707903618e-12
1.65857730110783e-12
3.44684837994423e-05
9.00316890117982e-06
-1.08102117752154e-11
-6.22555949934128e-11
1.46367293285543e-18
5.42101086242752e-20
-3.77260668451423e-12
-8.26361932441261e-11
9.75781955236954e-19
1.62630325872826e-19
-1.61861626532533e-13
-1.25407542423545e-11
5.42101086242752e-19
0
-3.23103089422405e-15
2.48157180568476e-13
2.71050543121376e-19
-1.0842021724855e-19
-7.15573433840433e-17
3.28628183693391e-14
4.33680868994202e-19
-5.42101086242752e-20
2.16840434497101e-19
3.33066907387547e-16
2.71050543121376e-19
1.73472347597681e-18
3.25260651745651e-18
-8.02309607639273e-18
5.42101086242752e-20
5.96311194867027e-19
-4.22838847269347e-18
-1.77809156287623e-17
-5.42101086242752e-20
-4.87890977618477e-19
-3.25260651745651e-19
-7.15573433840433e-18
-2.71050543121376e-19
0
9.75781955236954e-19
-6.50521303491303e-18
3.25260651745651e-19
7.04731412115578e-19
3.25260651745651e-19
-5.63785129692462e-18
2.71050543121376e-19
5.42101086242752e-19
1.73472347597681e-18
-4.11996825544492e-18
2.71050543121376e-19
7.58941520739853e-19
1.0842021724855e-17
-1.0842021724855e-18
1.62630325872826e-19
2.16840434497101e-19
-1.19262238973405e-18
-4.55364912443912e-18
2.16840434497101e-18
5.42101086242752e-19
0
8.13151629364128e-19
1.62630325872826e-19
1.29774831289162e-10
-8.30612435645875e-09
-1.57751416096641e-17
-6.88468379528295e-18
2.24335116672317e-10
-6.31851788794081e-09
-1.13841228110978e-17
-4.11996825544492e-18
2.03418629596969e-12
-3.02734244573763e-10
1.02999206386123e-18
-3.25260651745651e-19
-1.6024497267314e-13
1.41138164523602e-12
3.30681662608079e-18
-2.16840434497101e-19
-1.24567240203377e-14
3.08860142322898e-13
2.54787510534094e-18
-3.79470760369927e-19
-1.31188462870746e-17
5.85447489098723e-15
2.11419423634673e-18
-5.42101086242752e-20
0
-7.58941520739853e-18
2.00577401909818e-18
2.16840434497101e-19
1.0842021724855e-18
-1.23599047663348e-17
1.89735380184963e-18
0
-1.0842021724855e-19
-1.30104260698261e-17
1.35525271560688e-18
3.79470760369927e-19
5.42101086242752e-19
-1.64798730217797e-17
1.62630325872826e-18
1.62630325872826e-19
8.67361737988404e-19
-1.75640751942652e-17
1.40946282423116e-18
3.25260651745651e-19
2.16840434497101e-18
-1.45283091113058e-17
1.30104260698261e-18
0
3.79470760369927e-18
-1.25767452008319e-17
9.75781955236954e-19
1.0842021724855e-19
2.05998412772246e-18
-1.40946282423116e-17
-1.62630325872826e-19
5.42101086242752e-20
-1.01915004213637e-17
3.79470760369927e-19
4.33680868994202e-19
1.90449126111474e-08
-3.65337384916013e-07
-9.61199436017024e-16
-3.16153353496773e-16
2.55328691241112e-09
-9.12804233252091e-08
-2.40259201422788e-16
-7.47015296842513e-17
3.52576496644164e-12
-1.99483493959485e-10
-1.62630325872826e-18
-1.02999206386123e-18
-7.82158300800806e-13
4.89256725411114e-12
1.46367293285543e-18
-2.71050543121376e-19
-6.80682723727677e-14
7.90885369347794e-13
1.46367293285543e-18
-7.04731412115578e-19
-1.1069704181077e-16
9.79034561754411e-15
1.57209315010398e-18
-8.67361737988404e-19
2.16840434497101e-19
-1.73472347597681e-18
2.00577401909818e-18
-3.25260651745651e-19
6.50521303491303e-19
-6.72205346941013e-18
2.49366499671666e-18
4.87890977618477e-19
-1.73472347597681e-18
-1.10588621593521e-17
2.60208521396521e-18
0
4.33680868994202e-19
-8.45677694538693e-18
2.43945488809238e-18
1.62630325872826e-19
7.58941520739853e-19
-8.23993651088983e-18
2.22261445359528e-18
5.42101086242752e-20
1.84314369322536e-18
-5.63785129692462e-18
2.76471553983804e-18
-2.16840434497101e-19
4.01154803819637e-18
-4.55364912443912e-18
2.49366499671666e-18
-4.87890977618477e-19
2.92734586571086e-18
-1.34441069388203e-17
1.78893358460108e-18
-7.58941520739853e-19
-1.30104260698261e-17
1.24683249835833e-18
-1.13841228110978e-18
4.72798955117077e-07
-1.58144981485253e-14
-5.73667632494668e-15
-6.12290730897481e-06
2.96694731321189e-09
-2.20093041014557e-17
-1.4082159917328e-15
-1.06517681563133e-08
-1.31215790186504e-12
-3.25260651745651e-18
3.90312782094782e-18
1.56976797229327e-10
-2.68765744252178e-12
1.40946282423116e-18
-3.25260651745651e-19
9.37943245207101e-12
-1.08298190294037e-13
4.87890977618477e-19
-3.25260651745651e-19
4.68024815951373e-13
-1.38940508404017e-16
9.21571846612679e-19
5.42101086242752e-20
-1.19479079407903e-16
2.16840434497101e-19
2.38524477946811e-18
-2.16840434497101e-19
-5.31259064517897e-18
-5.42101086242752e-20
1.40946282423116e-18
-7.04731412115578e-19
-3.57786716920216e-18
-1.0842021724855e-19
2.11419423634673e-18
0
-2.05998412772246e-18
5.96311194867027e-19
2.16840434497101e-18
5.42101086242752e-19
-7.58941520739853e-19
7.04731412115578e-19
1.35525271560688e-18
1.62630325872826e-19
5.42101086242752e-19
1.51788304147971e-18
1.35525271560688e-18
0
3.25260651745651e-19
7.04731412115578e-19
5.96311194867027e-19
-2.71050543121376e-19
-3.25260651745651e-18
1.24683249835833e-18
1.24683249835833e-18
2.16840434497101e-19
-2.92734586571086e-18
2.71050543121376e-19
0
-3.36102673470506e-18
-1.08102088478695e-11
-6.22556019323067e-11
-1.0842021724855e-18
-3.77259822773729e-12
-8.26361923767643e-11
-9.21571846612679e-19
-1.61853278175805e-13
-1.25407626991314e-11
-5.96311194867027e-19
-3.22875406966183e-15
2.48156313206738e-13
-4.33680868994202e-19
-6.58110718698701e-17
3.28543615923937e-14
-5.42101086242752e-19
1.84314369322536e-18
3.28730098697605e-16
-2.71050543121376e-19
5.42101086242752e-19
-2.73218947466347e-17
-1.0842021724855e-19
5.42101086242752e-19
-2.73218947466347e-17
-3.25260651745651e-19
-4.33680868994202e-19
-2.68882138776405e-17
-5.42101086242752e-20
-4.33680868994202e-19
-2.71050543121376e-17
-1.0842021724855e-19
-1.51788304147971e-18
-2.53703308361608e-17
-5.42101086242752e-20
-2.49366499671666e-18
-2.51534904016637e-17
-3.25260651745651e-19
4.77048955893622e-18
-1.77809156287623e-17
-5.42101086242752e-19
1.30104260698261e-18
-2.12503625807159e-17
-3.25260651745651e-19
-1.86482773667507e-17
-2.16840434497101e-19
1.2977481567665e-10
-8.30612334945177e-09
1.57209315010398e-17
2.24335102794529e-10
-6.31851724587629e-09
1.10046520507279e-17
2.03418380230469e-12
-3.0273422787705e-10
-1.13841228110978e-18
-1.6024302110923e-13
1.41136386432039e-12
-3.79470760369927e-18
-1.24532545733858e-14
3.08843445609441e-13
-2.92734586571086e-18
-1.13841228110978e-17
5.83604345405497e-15
-2.43945488809238e-18
2.16840434497101e-19
-2.81892564846231e-17
-2.16840434497101e-18
1.0842021724855e-19
-3.79470760369927e-17
-1.62630325872826e-18
-2.16840434497101e-19
-3.72965547335014e-17
-1.84314369322536e-18
1.0842021724855e-19
-3.68628738645072e-17
-2.38524477946811e-18
-6.50521303491303e-19
-3.62123525610158e-17
-1.62630325872826e-18
-3.25260651745651e-19
-3.53449908230274e-17
-2.00577401909818e-18
2.60208521396521e-18
-3.07913416985883e-17
-4.87890977618477e-19
1.40946282423116e-18
-2.97071395261028e-17
0
-3.10081821330854e-17
8.13151629364128e-19
1.90449117218848e-08
-3.65337371390807e-07
9.48405850381695e-16
2.55328691772371e-09
-9.1280421198655e-08
2.37440275774325e-16
3.52576713484598e-12
-1.99483497645772e-10
1.57209315010398e-18
-7.8215656607733e-13
4.89255185844029e-12
-1.78893358460108e-18
-6.806621238864e-14
7.9087604520911e-13
-1.84314369322536e-18
-1.10263360941776e-16
9.78145515972972e-15
-2.92734586571086e-18
0
-1.25767452008319e-17
-2.49366499671666e-18
2.16840434497101e-19
-2.25514051876985e-17
-2.33103467084383e-18
3.25260651745651e-19
-2.34187669256869e-17
-2.49366499671666e-18
4.33680868994202e-19
-2.32019264911898e-17
-2.27682456221956e-18
7.58941520739853e-19
-2.16840434497101e-17
-2.00577401909818e-18
3.25260651745651e-19
-2.25514051876985e-17
-2.54787510534094e-18
2.71050543121376e-18
-1.77809156287623e-17
-2.27682456221956e-18
0
-1.90819582357449e-17
-1.95156391047391e-18
-1.64798730217797e-17
-1.57209315010398e-18
4.72798965326195e-07
1.53789199257293e-14
-6.12290768732527e-06
2.96694736086258e-09
-4.57533316788883e-17
-1.06517689140622e-08
-1.3121582813358e-12
3.90312782094782e-18
1.5697679853037e-10
-2.68765809304308e-12
-1.95156391047391e-18
9.37942605527819e-12
-1.08297919243494e-13
-1.24683249835833e-18
4.68019178100076e-13
-1.3834419720915e-16
-1.19262238973405e-18
-1.2565903179107e-16
2.71050543121376e-19
-2.49366499671666e-18
-1.26851654180804e-17
0
-1.19262238973405e-18
-5.96311194867027e-18
1.0842021724855e-19
-2.00577401909818e-18
-6.72205346941013e-18
5.96311194867027e-19
-1.40946282423116e-18
-6.83047368665868e-18
2.71050543121376e-19
-1.51788304147971e-18
-4.87890977618477e-18
6.50521303491303e-19
-1.84314369322536e-18
-5.85469173142172e-18
1.57209315010398e-18
-7.04731412115578e-19
-5.42101086242752e-18
9.21571846612679e-19
-4.33680868994202e-19
-4.44522890719057e-18
-2.16840434497101e-19
-3.36102673470506e-18
-1.08102122088963e-11
-6.22555967281363e-11
-4.33680868994202e-19
-3.77260462453011e-12
-8.26361943283282e-11
-2.71050543121376e-19
-1.61865421240137e-13
-1.25407538086736e-11
-1.62630325872826e-19
-3.23146457509305e-15
2.4815739740891e-13
-1.0842021724855e-19
-6.89552581700781e-17
3.28639025715116e-14
-5.42101086242752e-20
1.30104260698261e-18
3.26344853918137e-16
-7.58941520739853e-19
-1.30104260698261e-18
-1.47451495458029e-17
-7.04731412115578e-19
2.16840434497101e-19
-5.42101086242752e-18
3.25260651745651e-19
3.36102673470506e-18
-8.89045781438114e-18
0
1.30104260698261e-18
-1.2793585635329e-17
1.62630325872826e-19
-3.25260651745651e-19
-7.80625564189563e-18
0
-1.30104260698261e-18
-1.04083408558608e-17
0
9.10729824887824e-18
-6.50521303491303e-19
-1.62630325872826e-19
-1.19262238973405e-18
-1.2793585635329e-17
1.0842021724855e-19
-7.58941520739853e-18
5.42101086242752e-20
1.29774829337598e-10
-8.30612433087158e-09
-6.61363325216158e-18
2.24335116130216e-10
-6.31851786864202e-09
-3.95733792957209e-18
2.0341851033473e-12
-3.02734238935912e-10
-3.79470760369927e-19
-1.60244864252923e-13
1.4113846810021e-12
-3.25260651745651e-19
-1.2455097717079e-14
3.08860792844201e-13
1.0842021724855e-19
-1.14925430283463e-17
5.85989590184965e-15
-1.0842021724855e-19
8.67361737988404e-19
-9.32413868337534e-18
-7.04731412115578e-19
-1.0842021724855e-18
-1.66967134562768e-17
-3.79470760369927e-19
7.58941520739853e-19
-9.97465998686664e-18
-1.62630325872826e-19
1.51788304147971e-18
-1.75640751942652e-17
2.16840434497101e-19
-5.42101086242752e-19
-2.08166817117217e-17
0
2.60208521396521e-18
-1.60461921527855e-17
3.25260651745651e-19
3.36102673470506e-18
-1.56125112837913e-17
-2.16840434497101e-19
1.51788304147971e-18
-1.73472347597681e-17
1.0842021724855e-19
-1.75640751942652e-17
-2.16840434497101e-19
1.90449125646351e-08
-3.65337383646629e-07
-2.92463536027965e-16
2.55328690894167e-09
-9.12804231363411e-08
-6.92263087131995e-17
3.5257640990799e-12
-1.99483495477368e-10
-1.0842021724855e-18
-7.82157975540154e-13
4.89257137407939e-12
-2.16840434497101e-19
-6.8067513431247e-14
7.90887320911704e-13
2.16840434497101e-19
-1.10154940724527e-16
9.79359822406156e-15
-5.42101086242752e-20
4.33680868994202e-19
-6.50521303491303e-19
-2.71050543121376e-19
8.67361737988404e-19
-8.89045781438114e-18
-7.04731412115578e-19
-1.40946282423116e-18
-1.12757025938492e-17
-1.62630325872826e-19
2.16840434497101e-19
-9.97465998686664e-18
-3.25260651745651e-19
1.0842021724855e-19
-8.89045781438114e-18
-1.62630325872826e-19
1.84314369322536e-18
-8.23993651088983e-18
5.42101086242752e-20
3.03576608295941e-18
-5.85469173142172e-18
1.0842021724855e-19
1.95156391047391e-18
-9.54097911787244e-18
8.67361737988404e-19
-1.17093834628434e-17
1.51788304147971e-18
4.72798953839073e-07
-4.97253063377889e-15
-6.12290727497477e-06
2.96694730936298e-09
-1.29784421057377e-15
-1.06517681344124e-08
-1.31215801028525e-12
2.33103467084383e-18
1.56976794085141e-10
-2.68765863514417e-12
0
9.37943310259232e-12
-1.08298515554689e-13
-1.35525271560688e-18
4.6802730961637e-13
-1.38235776991902e-16
-2.71050543121376e-19
-1.18828558104411e-16
6.50521303491303e-19
-3.79470760369927e-19
-5.42101086242752e-18
5.42101086242752e-20
-6.50521303491303e-19
-3.14418630020796e-18
2.16840434497101e-19
-4.33680868994202e-19
-4.11996825544492e-18
2.71050543121376e-19
-5.42101086242752e-19
-1.40946282423116e-18
-2.71050543121376e-19
-1.62630325872826e-19
5.42101086242752e-19
2.05998412772246e-18
3.25260651745651e-19
-2.16840434497101e-19
1.35525271560688e-18
2.71050543121376e-19
-2.60208521396521e-18
8.13151629364128e-19
1.62630325872826e-19
-1.30104260698261e-18
6.50521303491303e-19
-2.16840434497101e-19
-1.08102134015187e-11
-6.22555865366359e-11
1.24683249835833e-18
-3.77260885291858e-12
-8.26361850041896e-11
1.13841228110978e-18
-1.61862602314489e-13
-1.25407522907905e-11
6.50521303491303e-19
-3.23178983574479e-15
2.48160216334559e-13
3.79470760369927e-19
-6.93889390390723e-17
3.28649867736841e-14
3.79470760369927e-19
9.75781955236954e-19
3.24826970876657e-16
5.42101086242752e-20
2.60208521396521e-18
-8.67361737988404e-18
-5.42101086242752e-20
-1.62630325872826e-18
-1.49619899803e-17
-2.71050543121376e-19
4.87890977618477e-18
-6.28837260041593e-18
-2.16840434497101e-19
2.49366499671666e-18
-1.32272665043232e-17
-5.42101086242752e-20
-1.0842021724855e-18
-8.23993651088983e-18
4.33680868994202e-19
-3.79470760369927e-18
-8.89045781438114e-18
3.79470760369927e-19
1.12757025938492e-17
-2.16840434497101e-19
1.0842021724855e-19
-5.42101086242752e-19
-5.42101086242752e-18
2.00577401909818e-18
-3.25260651745651e-18
3.25260651745651e-19
1.29774820989241e-10
-8.30612381956183e-09
-5.0415401020576e-18
2.24335103878731e-10
-6.31851755790967e-09
-4.44522890719057e-18
2.03418759701229e-12
-3.02734229178092e-10
1.57209315010398e-18
-1.60243780050751e-13
1.41138641572558e-12
3.95733792957209e-18
-1.24561819192515e-14
3.08862527567677e-13
2.60208521396521e-18
-1.16009632455949e-17
5.85816117837368e-15
2.27682456221956e-18
4.33680868994202e-19
-9.32413868337534e-18
2.22261445359528e-18
1.73472347597681e-18
-1.10588621593521e-17
1.62630325872826e-18
5.42101086242752e-19
-1.40946282423116e-17
1.51788304147971e-18
1.95156391047391e-18
-1.77809156287623e-17
1.51788304147971e-18
0
-2.1467203015213e-17
1.89735380184963e-18
1.62630325872826e-18
-1.7130394325271e-17
1.19262238973405e-18
4.22838847269347e-18
-1.40946282423116e-17
1.24683249835833e-18
1.62630325872826e-18
-1.51788304147971e-17
7.58941520739853e-19
-1.17093834628434e-17
3.25260651745651e-19
1.90449116983576e-08
-3.65337367228121e-07
-4.47016555715773e-16
2.5532868205792e-09
-9.12804201632419e-08
-1.32543715586353e-16
3.52576529170229e-12
-1.9948348680375e-10
-8.13151629364128e-19
-7.82157216598633e-13
4.89257007303678e-12
1.51788304147971e-18
-6.80678386918987e-14
7.90887320911704e-13
1.30104260698261e-18
-1.10263360941776e-16
9.79403190493056e-15
2.54787510534094e-18
5.42101086242752e-19
-6.50521303491303e-19
2.43945488809238e-18
9.75781955236954e-19
-8.45677694538693e-18
2.49366499671666e-18
-1.0842021724855e-18
-1.17093834628434e-17
2.38524477946811e-18
6.50521303491303e-19
-9.32413868337534e-18
2.60208521396521e-18
6.50521303491303e-19
-9.54097911787244e-18
2.00577401909818e-18
1.95156391047391e-18
-8.45677694538693e-18
2.33103467084383e-18
3.90312782094782e-18
-6.07153216591882e-18
2.38524477946811e-18
2.71050543121376e-18
-1.38777878078145e-17
1.84314369322536e-18
-1.43114686768087e-17
1.89735380184963e-18
4.72798941503509e-07
-5.49636291341526e-15
-6.12290711329334e-06
2.96694718711918e-09
2.56820389607504e-15
-1.0651768334014e-08
-1.31215719713362e-12
-8.94466792300541e-18
1.56976793000939e-10
-2.68765619568928e-12
1.51788304147971e-18
9.37943190996993e-12
-1.08297973453603e-13
2.16840434497101e-18
4.68025900153546e-13
-1.38398407317775e-16
8.13151629364128e-19
-1.1741909528018e-16
-1.62630325872826e-19
2.11419423634673e-18
-3.25260651745651e-18
2.16840434497101e-19
1.73472347597681e-18
-1.95156391047391e-18
5.42101086242752e-20
2.00577401909818e-18
-1.40946282423116e-18
1.02999206386123e-18
2.16840434497101e-18
-7.58941520739853e-19
5.96311194867027e-19
1.51788304147971e-18
1.95156391047391e-18
1.84314369322536e-18
1.40946282423116e-18
-2.16840434497101e-19
1.13841228110978e-18
4.87890977618477e-19
-3.68628738645072e-18
1.46367293285543e-18
1.0842021724855e-18
-2.71050543121376e-18
3.79470760369927e-19
-1.62630325872826e-18
-1.08102101489121e-11
-6.22556077869985e-11
-1.24683249835833e-18
-3.77259822773729e-12
-8.26361993156582e-11
-7.58941520739853e-19
-1.61852952915154e-13
-1.25407663854188e-11
-5.96311194867027e-19
-3.22929617074807e-15
2.48156530047172e-13
-1.0842021724855e-19
-6.60279123043672e-17
3.28541447519592e-14
-3.79470760369927e-19
2.05998412772246e-18
3.29380620001096e-16
5.42101086242752e-20
9.75781955236954e-19
-2.60208521396521e-17
5.42101086242752e-20
8.67361737988404e-19
-2.73218947466347e-17
5.42101086242752e-20
6.50521303491303e-19
-2.71050543121376e-17
0
-8.67361737988404e-19
-2.75387351811318e-17
-2.16840434497101e-19
-1.0842021724855e-18
-2.53703308361608e-17
-6.50521303491303e-19
-1.62630325872826e-18
-2.55871712706579e-17
-2.71050543121376e-19
3.90312782094782e-18
-1.95156391047391e-17
-1.0842021724855e-19
1.19262238973405e-18
-2.19008838842072e-17
-5.96311194867027e-19
-1.84314369322536e-17
-8.13151629364128e-19
1.29774821531342e-10
-8.30612381305662e-09
4.71627945031194e-18
2.24335111684987e-10
-6.31851752690149e-09
4.60785923306339e-18
2.03418304336317e-12
-3.02734240670635e-10
-1.46367293285543e-18
-1.60243563210316e-13
1.4113645148417e-12
-3.36102673470506e-18
-1.24534714138202e-14
3.08844963492483e-13
-2.71050543121376e-18
-1.07336015076065e-17
5.83669397535846e-15
-1.95156391047391e-18
7.58941520739853e-19
-2.90566182226115e-17
-2.05998412772246e-18
7.58941520739853e-19
-3.83807569059869e-17
-1.46367293285543e-18
2.16840434497101e-19
-3.75133951679985e-17
-1.78893358460108e-18
0
-3.72965547335014e-17
-2.27682456221956e-18
-4.33680868994202e-19
-3.55618312575245e-17
-1.89735380184963e-18
-1.0842021724855e-19
-3.57786716920216e-17
-2.16840434497101e-18
2.71050543121376e-18
-3.07913416985883e-17
-1.46367293285543e-18
1.62630325872826e-18
-3.2309224740068e-17
-1.24683249835833e-18
-2.81892564846231e-17
5.42101086242752e-20
1.90449125203997e-08
-3.65337393924648e-07
4.356866430133e-16
2.55328698917263e-09
-9.12804248877613e-08
1.29887420263763e-16
3.52576680958533e-12
-1.99483497862613e-10
8.67361737988404e-19
-7.82156457657113e-13
4.89255359316376e-12
-1.30104260698261e-18
-6.80665376492917e-14
7.90875177847372e-13
-1.62630325872826e-18
-1.10046520507279e-16
9.78080463842623e-15
-2.00577401909818e-18
2.16840434497101e-19
-1.40946282423116e-17
-2.00577401909818e-18
4.33680868994202e-19
-2.29850860566927e-17
-2.27682456221956e-18
4.33680868994202e-19
-2.38524477946811e-17
-2.27682456221956e-18
5.42101086242752e-19
-2.3635607360184e-17
-2.33103467084383e-18
2.16840434497101e-19
-2.16840434497101e-17
-1.84314369322536e-18
1.0842021724855e-18
-2.19008838842072e-17
-2.43945488809238e-18
2.92734586571086e-18
-1.97324795392362e-17
-2.87313575708659e-18
3.03576608295941e-18
-2.05998412772246e-17
-2.27682456221956e-18
-2.12503625807159e-17
-2.49366499671666e-18
4.72798983672468e-07
5.16654861254517e-15
-6.12290804877724e-06
2.96694745301977e-09
-2.61092146167097e-15
-1.06517692751015e-08
-1.31215860659645e-12
9.86623976961809e-18
1.56976805035583e-10
-2.68765874356439e-12
-1.40946282423116e-18
9.37942800684211e-12
-1.08298298714254e-13
-4.87890977618477e-19
4.68020587562901e-13
-1.38561037643647e-16
-4.33680868994202e-19
-1.25984292442816e-16
3.79470760369927e-19
-1.68051336735253e-18
-1.16009632455949e-17
2.16840434497101e-19
-1.95156391047391e-18
-5.74627151417317e-18
3.79470760369927e-19
-1.89735380184963e-18
-6.83047368665868e-18
7.04731412115578e-19
-1.46367293285543e-18
-6.93889390390723e-18
1.0842021724855e-19
-1.51788304147971e-18
-4.66206934168767e-18
6.50521303491303e-19
-1.40946282423116e-18
-5.63785129692462e-18
1.62630325872826e-18
-8.67361737988404e-19
-5.42101086242752e-18
8.13151629364128e-19
-1.0842021724855e-18
-4.66206934168767e-18
-1.24683249835833e-18
-6.28837260041593e-18
-1.08102094983908e-11
-6.22555878376785e-11
-3.77260657609402e-12
-8.26361882567961e-11
-1.61865638080572e-13
-1.25407522907905e-11
-3.23081405378955e-15
2.48156746887607e-13
-6.93889390390723e-17
3.28617341671666e-14
6.50521303491303e-19
3.28079577394114e-16
-1.51788304147971e-18
-1.38777878078145e-17
2.16840434497101e-19
-6.93889390390723e-18
3.90312782094782e-18
-9.32413868337534e-18
1.19262238973405e-18
-1.38777878078145e-17
-1.0842021724855e-18
-7.80625564189563e-18
-3.68628738645072e-18
-1.23599047663348e-17
8.34835672813838e-18
-7.58941520739853e-18
6.50521303491303e-19
-7.15573433840433e-18
-6.72205346941013e-18
1.29774820880821e-10
-8.30612380763561e-09
2.2433510355347e-10
-6.31851754966974e-09
2.03418445282599e-12
-3.02734224407603e-10
-1.60245948455096e-13
1.41138207891689e-12
-1.24554229777307e-14
3.08862310727243e-13
-1.22514845490862e-17
5.86054642315315e-15
4.33680868994202e-19
-9.10729824887824e-18
-1.0842021724855e-18
-1.69135538907739e-17
9.75781955236954e-19
-1.04083408558608e-17
1.84314369322536e-18
-1.73472347597681e-17
-9.75781955236954e-19
-1.99493199737333e-17
3.25260651745651e-19
-1.45283091113058e-17
4.55364912443912e-18
-1.19262238973405e-17
2.49366499671666e-18
-1.58293517182884e-17
-1.56125112837913e-17
1.90449116768904e-08
-3.65337366602537e-07
2.55328681786869e-09
-9.12804200858298e-08
3.52576399065968e-12
-1.99483489622676e-10
-7.82157325018851e-13
4.89256963935591e-12
-6.80677302716814e-14
7.90887104071269e-13
-1.1069704181077e-16
9.79424874536505e-15
2.16840434497101e-19
2.16840434497101e-19
6.50521303491303e-19
-1.04083408558608e-17
-1.19262238973405e-18
-1.14925430283463e-17
4.33680868994202e-19
-9.54097911787244e-18
2.16840434497101e-19
-8.23993651088983e-18
1.19262238973405e-18
-5.63785129692462e-18
3.36102673470506e-18
-3.90312782094782e-18
2.60208521396521e-18
-9.32413868337534e-18
-1.10588621593521e-17
4.72798940767281e-07
-6.1229070888719e-06
2.9669471845171e-09
-1.06517683431213e-08
-1.31215779344482e-12
1.56976788880971e-10
-2.6876582014633e-12
9.37943190996993e-12
-1.0829770240306e-13
4.68026225414198e-13
-1.38506827535023e-16
-1.18828558104411e-16
-2.71050543121376e-19
-5.09575021068187e-18
3.79470760369927e-19
-1.40946282423116e-18
4.33680868994202e-19
-2.27682456221956e-18
3.79470760369927e-19
-1.30104260698261e-18
1.62630325872826e-19
-1.0842021724855e-19
1.02999206386123e-18
-1.73472347597681e-18
1.57209315010398e-18
-1.62630325872826e-18
1.30104260698261e-18
-1.84314369322536e-18
-9.75781955236954e-19
1.06614979687741e-07
-6.94835962096506e-07
4.68312563207951e-13
-1.03163408805146e-13
4.4791959421045e-11
-5.810588007602e-09
-2.36898174688083e-16
1.06089182577707e-16
-3.14305317341244e-12
3.23078999534335e-11
5.42101086242752e-19
5.42101086242752e-19
-2.41421070417899e-12
8.15691047692524e-12
-4.87890977618477e-19
-1.62630325872826e-19
-4.23545476035264e-14
3.40766694376105e-13
7.58941520739853e-19
-1.62630325872826e-19
-2.16298333410858e-17
9.65373614381093e-16
1.0842021724855e-19
-3.25260651745651e-19
1.0842021724855e-19
1.0842021724855e-19
5.42101086242752e-19
-1.0842021724855e-19
-2.71050543121376e-20
-5.42101086242752e-19
5.42101086242752e-19
0
-1.62630325872826e-19
-1.73472347597681e-18
7.04731412115578e-19
0
4.60785923306339e-19
0
8.67361737988404e-19
1.0842021724855e-19
1.62630325872826e-19
1.40946282423116e-18
8.67361737988404e-19
0
5.6920614055489e-19
1.30104260698261e-18
8.67361737988404e-19
-1.0842021724855e-19
7.58941520739853e-19
-5.42101086242752e-19
3.25260651745651e-19
0
8.94466792300541e-19
-4.33680868994202e-19
3.25260651745651e-19
2.71050543121376e-19
-1.62630325872826e-18
-5.42101086242752e-20
2.71050543121376e-19
8.56541288941952e-08
1.81796274463931e-08
2.12394121387738e-14
-1.12233356289182e-14
1.8277074650833e-11
-3.75922415158519e-10
5.10984483892418e-16
-2.88126727338023e-16
-7.09902442548854e-12
6.65449932570755e-12
1.78893358460108e-18
2.71050543121376e-19
-2.25171462964018e-12
2.51340793880686e-12
-2.16840434497101e-19
-9.21571846612679e-19
-2.91018023481499e-14
1.2920074081782e-13
1.02999206386123e-18
-3.79470760369927e-19
-1.21159592775255e-17
7.65175683231645e-16
7.04731412115578e-19
-3.25260651745651e-19
4.06575814682064e-20
2.71050543121376e-19
5.42101086242752e-20
-1.62630325872826e-19
-6.7762635780344e-20
5.42101086242752e-20
4.87890977618477e-19
2.16840434497101e-19
4.06575814682064e-20
3.25260651745651e-19
2.16840434497101e-19
6.50521303491303e-19
3.3881317890172e-19
1.62630325872826e-18
7.04731412115578e-19
5.96311194867027e-19
2.16840434497101e-19
1.57209315010398e-18
1.35525271560688e-18
4.87890977618477e-19
0
4.87890977618477e-19
3.25260651745651e-19
-4.87890977618477e-19
4.06575814682064e-19
5.42101086242752e-19
5.96311194867027e-19
2.71050543121376e-19
5.14996031930615e-19
1.57209315010398e-18
1.13841228110978e-18
3.25260651745651e-19
9.21571846612679e-19
8.13151629364128e-19
1.62630325872826e-19
2.97887145432095e-08
-4.93388424734065e-14
-3.10555075579144e-14
6.21397122532686e-12
3.16587034365767e-17
-1.54281969144687e-16
-3.13322309178528e-12
5.20417042793042e-18
-1.51788304147971e-18
-9.55690686093788e-13
1.62630325872826e-18
-4.87890977618477e-19
-1.20371106745315e-14
7.58941520739853e-19
-3.25260651745651e-19
-5.00088252058939e-18
1.0842021724855e-19
-1.0842021724855e-19
-1.35525271560688e-20
2.71050543121376e-19
-2.16840434497101e-19
-6.7762635780344e-21
3.25260651745651e-19
1.0842021724855e-19
6.09863722023096e-20
4.33680868994202e-19
1.62630325872826e-19
7.45388993583784e-20
5.42101086242752e-19
2.71050543121376e-19
-6.7762635780344e-21
4.33680868994202e-19
3.79470760369927e-19
5.42101086242752e-20
6.50521303491303e-19
1.0842021724855e-19
1.89735380184963e-19
8.13151629364128e-19
-5.42101086242752e-20
1.62630325872826e-19
5.96311194867027e-19
2.71050543121376e-19
5.42101086242752e-19
-1.62630325872826e-19
1.06614990130153e-07
-6.94835838604361e-07
-4.93686797171933e-13
4.47919618333948e-11
-5.81058851479178e-09
2.45951262828337e-16
-3.1430532005175e-12
3.2307899194492e-11
-1.62630325872826e-19
-2.41421086680932e-12
8.15691134428698e-12
5.96311194867027e-19
-4.23543307630919e-14
3.40762682828066e-13
-8.67361737988404e-19
-2.13587827979644e-17
9.6190416742914e-16
-3.25260651745651e-19
0
-1.0842021724855e-18
-8.67361737988404e-19
1.89735380184963e-19
-1.62630325872826e-18
-4.33680868994202e-19
-2.71050543121376e-20
-2.71050543121376e-18
-5.42101086242752e-19
2.98155597433514e-19
-2.16840434497101e-18
-7.04731412115578e-19
1.62630325872826e-19
-1.0842021724855e-19
-5.96311194867027e-19
2.71050543121376e-19
-1.84314369322536e-18
-7.04731412115578e-19
7.86046575051991e-19
-1.51788304147971e-18
-2.71050543121376e-19
5.96311194867027e-19
-2.16840434497101e-19
-2.71050543121376e-19
-1.19262238973405e-18
-5.42101086242752e-20
8.56541377107647e-08
1.81797594031759e-08
-2.25523267595451e-14
1.82770763720039e-11
-3.75922191921292e-10
-5.42697397437619e-16
-7.09902567232103e-12
6.65449000156887e-12
-1.57209315010398e-18
-2.25171518529379e-12
2.51340685460469e-12
1.62630325872826e-19
-2.91020327411115e-14
1.29198789253909e-13
-1.19262238973405e-18
-1.21701693861498e-17
7.64687792254026e-16
-9.21571846612679e-19
4.06575814682064e-20
0
-5.42101086242752e-19
-1.35525271560688e-19
-9.21571846612679e-19
-4.33680868994202e-19
1.21972744404619e-19
-1.62630325872826e-19
-2.16840434497101e-19
7.04731412115578e-19
1.62630325872826e-19
1.0842021724855e-19
-1.89735380184963e-19
-9.75781955236954e-19
-1.62630325872826e-19
1.62630325872826e-19
-5.42101086242752e-19
-5.96311194867027e-19
6.23416249179165e-19
-5.42101086242752e-19
-5.42101086242752e-20
3.65918233213858e-19
-4.87890977618477e-19
5.42101086242752e-19
-8.67361737988404e-19
-4.33680868994202e-19
2.97887157046136e-08
5.23994909962244e-14
6.2139703444126e-12
-2.94360889829814e-17
-3.13322420986877e-12
-5.74627151417317e-18
-9.55690855500377e-13
-1.84314369322536e-18
-1.20371377795858e-14
-8.13151629364128e-19
-5.03476383847956e-18
-5.42101086242752e-20
-1.35525271560688e-20
-5.42101086242752e-19
6.7762635780344e-21
-5.42101086242752e-19
6.09863722023096e-20
-5.42101086242752e-20
6.7762635780344e-20
0
4.06575814682064e-20
1.0842021724855e-19
6.09863722023096e-20
-6.50521303491303e-19
1.6940658945086e-19
-5.42101086242752e-19
1.6940658945086e-19
3.79470760369927e-19
-2.71050543121376e-19
1.06614979176404e-07
-6.94835962558268e-07
-5.79883905650613e-14
4.47919592313096e-11
-5.81058795631924e-09
9.43255890062389e-17
-3.14305336314782e-12
3.23078975681887e-11
-4.87890977618477e-19
-2.41421162575084e-12
8.15691091060611e-12
5.96311194867027e-19
-4.23545476035264e-14
3.40768645940015e-13
-2.16840434497101e-19
-2.1467203015213e-17
9.65373614381093e-16
-5.42101086242752e-19
-5.42101086242752e-20
3.25260651745651e-19
-2.16840434497101e-19
0
-7.58941520739853e-19
-1.62630325872826e-19
0
-1.0842021724855e-18
-5.42101086242752e-20
2.16840434497101e-19
-7.58941520739853e-19
-1.0842021724855e-19
8.13151629364128e-20
2.16840434497101e-18
-2.16840434497101e-19
6.23416249179165e-19
-6.50521303491303e-19
0
6.50521303491303e-19
0
-2.16840434497101e-19
7.31836466427715e-19
1.19262238973405e-18
3.25260651745651e-19
-1.30104260698261e-18
7.04731412115578e-19
8.56541283775458e-08
1.81796180734653e-08
-6.49252786949495e-15
1.82770747457007e-11
-3.75922417055873e-10
-2.27248775352962e-16
-7.09902412733294e-12
6.65450078938049e-12
-1.68051336735253e-18
-2.25171457543007e-12
2.51340875195849e-12
-3.79470760369927e-19
-2.91019107683671e-14
1.29201391339123e-13
3.79470760369927e-19
-1.2210826967618e-17
7.65392523666142e-16
-3.25260651745651e-19
-1.35525271560688e-20
7.58941520739853e-19
5.42101086242752e-20
0
-1.0842021724855e-19
-3.25260651745651e-19
1.21972744404619e-19
5.42101086242752e-19
-1.62630325872826e-19
5.01443504774546e-19
2.71050543121376e-19
-5.42101086242752e-19
-2.71050543121376e-19
-5.42101086242752e-20
-4.33680868994202e-19
5.14996031930615e-19
6.50521303491303e-19
3.79470760369927e-19
4.87890977618477e-19
-2.71050543121376e-19
-7.58941520739853e-19
1.35525271560688e-19
-3.79470760369927e-19
-5.96311194867027e-19
0
3.25260651745651e-19
2.97887144466409e-08
-3.65186938848516e-14
6.21397117111675e-12
-1.35633691777937e-16
-3.13322302402264e-12
-5.42101086242752e-19
-9.55690692870052e-13
2.71050543121376e-19
-1.20371242270587e-14
4.87890977618477e-19
-5.01443504774546e-18
-2.71050543121376e-19
0
-5.42101086242752e-20
6.7762635780344e-20
-2.16840434497101e-19
3.3881317890172e-20
-2.71050543121376e-19
6.09863722023096e-20
-4.87890977618477e-19
1.35525271560688e-20
-1.62630325872826e-19
8.80914265144472e-20
-1.0842021724855e-19
2.16840434497101e-19
-3.79470760369927e-19
1.0842021724855e-19
0
1.62630325872826e-19
1.06614976106404e-07
-6.94836088276172e-07
7.61606652310148e-13
4.47919580657923e-11
-5.81058790286807e-09
-4.66206934168767e-16
-3.14305249578609e-12
3.23079077596891e-11
8.67361737988404e-19
-2.41420924050606e-12
8.15691318743067e-12
-1.13841228110978e-18
-4.23544662883635e-14
3.40766694376105e-13
5.42101086242752e-19
-2.17111485040222e-17
9.66999917639821e-16
4.87890977618477e-19
1.0842021724855e-19
9.75781955236954e-19
8.13151629364128e-19
8.13151629364128e-20
3.25260651745651e-19
5.96311194867027e-19
-2.71050543121376e-20
-8.67361737988404e-19
7.58941520739853e-19
5.6920614055489e-19
1.0842021724855e-19
9.21571846612679e-19
1.0842021724855e-19
1.40946282423116e-18
9.21571846612679e-19
7.31836466427715e-19
1.30104260698261e-18
7.58941520739853e-19
8.40256683676266e-19
-6.50521303491303e-19
3.25260651745651e-19
1.05709711817337e-18
-5.42101086242752e-19
2.16840434497101e-19
-3.25260651745651e-18
-5.42101086242752e-19
8.56541266525937e-08
1.81796328527131e-08
1.86477352656644e-14
1.8277073417553e-11
-3.75922663820288e-10
9.55182113959729e-16
-7.09902416799052e-12
6.65450165674222e-12
2.98155597433514e-18
-2.25171401977645e-12
2.51340902300903e-12
1.13841228110978e-18
-2.91018972158399e-14
1.29200361347059e-13
6.50521303491303e-19
-1.21837219133059e-17
7.66314095512755e-16
1.30104260698261e-18
1.35525271560688e-20
6.50521303491303e-19
3.25260651745651e-19
-1.35525271560688e-20
5.96311194867027e-19
7.04731412115578e-19
1.35525271560688e-19
7.04731412115578e-19
7.04731412115578e-19
5.01443504774546e-19
1.35525271560688e-18
7.58941520739853e-19
1.49077798716757e-19
8.13151629364128e-19
7.58941520739853e-19
4.06575814682064e-20
2.71050543121376e-19
1.0842021724855e-19
5.96311194867027e-19
6.50521303491303e-19
3.79470760369927e-19
4.33680868994202e-19
3.79470760369927e-19
2.71050543121376e-19
-7.58941520739853e-19
4.33680868994202e-19
2.97887149439713e-08
-7.15195047282235e-14
6.21397103559148e-12
-9.60061023735914e-17
-3.13322313921912e-12
3.30681662608079e-18
-9.5569072675137e-13
1.68051336735253e-18
-1.20371174507951e-14
2.16840434497101e-19
-5.02798757490153e-18
3.25260651745651e-19
-2.03287907341032e-20
1.62630325872826e-19
2.71050543121376e-20
7.04731412115578e-19
4.74338450462408e-20
5.96311194867027e-19
9.48676900924816e-20
5.42101086242752e-19
1.35525271560688e-20
4.33680868994202e-19
8.80914265144472e-20
4.87890977618477e-19
1.96511643762998e-19
5.96311194867027e-19
1.35525271560688e-19
2.71050543121376e-19
3.79470760369927e-19
1.06614995879379e-07
-6.94835811924639e-07
-7.81407057115491e-13
4.47919638391688e-11
-5.81058912845021e-09
4.68809019382732e-16
-3.14305360709331e-12
3.23078929061194e-11
-3.25260651745651e-19
-2.41421127338513e-12
8.15690928430285e-12
3.79470760369927e-19
-4.23545476035264e-14
3.40763116508935e-13
-4.87890977618477e-19
-2.14400979609009e-17
9.6190416742914e-16
-1.62630325872826e-19
0
-5.42101086242752e-19
-4.33680868994202e-19
1.89735380184963e-19
-1.19262238973405e-18
-5.42101086242752e-19
1.35525271560688e-19
-2.38524477946811e-18
-7.58941520739853e-19
2.16840434497101e-19
-2.60208521396521e-18
-7.58941520739853e-19
-2.71050543121376e-20
3.25260651745651e-19
-5.96311194867027e-19
5.96311194867027e-19
-1.62630325872826e-18
-5.96311194867027e-19
6.50521303491303e-19
-2.38524477946811e-18
-6.50521303491303e-19
7.31836466427715e-19
-5.42101086242752e-19
-4.33680868994202e-19
-2.49366499671666e-18
-5.42101086242752e-19
8.56541418106345e-08
1.81797997532776e-08
-2.2064381571818e-14
1.82770777543617e-11
-3.75922173435645e-10
-9.84130311965092e-16
-7.09902587560894e-12
6.65448918841724e-12
-1.51788304147971e-18
-2.2517150904261e-12
2.51340560777219e-12
-1.51788304147971e-18
-2.91022089239645e-14
1.29198897674127e-13
-1.19262238973405e-18
-1.21430643318376e-17
7.64850422579899e-16
-8.67361737988404e-19
6.7762635780344e-20
1.0842021724855e-19
-2.16840434497101e-19
-1.0842021724855e-19
-8.13151629364128e-19
-1.62630325872826e-19
1.35525271560688e-19
-1.62630325872826e-19
4.87890977618477e-19
7.58941520739853e-19
5.42101086242752e-20
1.62630325872826e-19
-2.16840434497101e-19
-7.04731412115578e-19
-7.58941520739853e-19
1.76182853028894e-19
-4.87890977618477e-19
-7.58941520739853e-19
6.36968776335234e-19
-2.71050543121376e-19
1.62630325872826e-19
3.93023287525995e-19
-5.96311194867027e-19
-1.30104260698261e-18
-1.40946282423116e-18
-1.02999206386123e-18
2.97887159490267e-08
7.39135315452888e-14
6.21397100848643e-12
7.54604712049911e-17
-3.13322399302833e-12
-3.84891771232354e-18
-9.55690808066532e-13
-2.43945488809238e-18
-1.20371852134309e-14
-8.13151629364128e-19
-5.02121131132349e-18
5.42101086242752e-20
0
0
1.35525271560688e-20
-5.42101086242752e-20
4.74338450462408e-20
-2.16840434497101e-19
1.15196480826585e-19
0
1.35525271560688e-20
-4.33680868994202e-19
6.7762635780344e-20
-7.04731412115578e-19
2.03287907341032e-19
-4.33680868994202e-19
1.28749007982654e-19
-9.75781955236954e-19
-7.04731412115578e-19
1.06614975753876e-07
-6.94836090987219e-07
4.47919572797457e-11
-5.8105878692578e-09
-3.14305284815179e-12
3.23079045070826e-11
-2.41421083970426e-12
8.15691362111154e-12
-4.23543578681462e-14
3.40767995418712e-13
-2.16298333410858e-17
9.66240976119082e-16
-5.42101086242752e-20
0
8.13151629364128e-20
4.33680868994202e-19
1.62630325872826e-19
-1.0842021724855e-19
1.35525271560688e-19
-6.50521303491303e-19
1.62630325872826e-19
1.30104260698261e-18
3.79470760369927e-19
-3.25260651745651e-19
7.58941520739853e-19
7.58941520739853e-19
9.21571846612679e-19
-6.50521303491303e-19
-1.40946282423116e-18
8.56541262101579e-08
1.81796289052414e-08
1.8277073417553e-11
-3.75922670976022e-10
-7.09902403246525e-12
6.65450192779277e-12
-2.25171446700985e-12
2.51341026984153e-12
-2.91019107683671e-14
1.29201445549232e-13
-1.2210826967618e-17
7.6588041464376e-16
-1.35525271560688e-20
5.42101086242752e-19
1.0842021724855e-19
-2.16840434497101e-19
-6.7762635780344e-20
-1.62630325872826e-19
2.71050543121376e-19
1.0842021724855e-19
-1.21972744404619e-19
5.42101086242752e-19
5.6920614055489e-19
8.67361737988404e-19
1.62630325872826e-19
2.16840434497101e-19
5.82758667710959e-19
1.30104260698261e-18
1.62630325872826e-19
2.97887148827274e-08
6.21397109657786e-12
-3.13322307823275e-12
-9.55690767408951e-13
-1.20371377795858e-14
-4.99410625701135e-18
0
6.7762635780344e-21
7.45388993583784e-20
5.42101086242752e-20
6.7762635780344e-21
6.7762635780344e-20
2.03287907341032e-19
1.28749007982654e-19
)
;

boundaryField
{
    inlet
    {
        type            calculated;
        value           nonuniform List<scalar> 
24
(
-5.9490360384222e-05
-5.94903793403689e-05
-5.9490360382451e-05
-5.94903603805866e-05
-5.94903793342037e-05
-5.94903603831722e-05
-0.000602566431333691
-0.000347903883299817
-0.000111870074291515
-0.000602566441870052
-0.000347903886179971
-0.000111870074453063
-0.000602566431337988
-0.00034790388330017
-0.000111870074290935
-0.000602566431346197
-0.000347903883303709
-0.000111870074291284
-0.000602566441870952
-0.000347903886181008
-0.000111870074454909
-0.000602566431358045
-0.000347903883309974
-0.000111870074292335
)
;
    }
    outlet
    {
        type            calculated;
        value           nonuniform List<scalar> 
156
(
-1.57728431010584e-13
-1.28683261962914e-12
-2.33875419031193e-13
-1.30355795602277e-14
-3.10081821330854e-16
-3.90312782094782e-18
8.67361737988404e-18
5.63785129692462e-18
9.97465998686664e-18
7.80625564189563e-18
1.73472347597681e-18
6.07153216591882e-18
4.33680868994202e-18
-8.67361737988404e-19
-8.67361737988404e-19
-1.57728431010584e-13
-1.28682784913958e-12
-2.33873684307717e-13
-1.30329774750138e-14
-3.07913416985883e-16
-2.16840434497101e-18
8.67361737988404e-19
0
0
8.67361737988404e-19
0
8.67361737988404e-19
0
0
0
-1.57728431010584e-13
-1.2868317522674e-12
-2.33875419031193e-13
-1.30377479645727e-14
-3.09214459592866e-16
-3.03576608295941e-18
5.20417042793042e-18
3.03576608295941e-18
6.07153216591882e-18
2.16840434497101e-18
0
1.30104260698261e-18
0
0
0
-1.57728864691453e-13
-1.28683261962914e-12
-2.33875852712062e-13
-1.30355795602277e-14
-3.0964814046186e-16
-3.90312782094782e-18
9.97465998686664e-18
8.67361737988404e-18
8.67361737988404e-18
3.90312782094782e-18
0
1.30104260698261e-18
1.73472347597681e-18
-8.67361737988404e-19
-1.30104260698261e-18
-1.57728431010584e-13
-1.28682784913958e-12
-2.3387238326511e-13
-1.30329774750138e-14
-3.08780778723872e-16
-2.16840434497101e-18
8.67361737988404e-19
8.67361737988404e-19
0
0
0
0
0
0
0
-1.57728431010584e-13
-1.28683131858653e-12
-2.33875419031193e-13
-1.30373142837037e-14
-3.09214459592866e-16
-3.03576608295941e-18
5.20417042793042e-18
5.20417042793042e-18
6.93889390390723e-18
3.03576608295941e-18
0
3.03576608295941e-18
6.07153216591882e-18
0
0
-2.16840434497101e-19
-2.16840434497101e-19
2.16840434497101e-19
9.75781955236954e-19
4.33680868994202e-19
2.03287907341032e-19
3.3881317890172e-20
0
-7.58941520739853e-19
-2.16840434497101e-19
3.79470760369927e-19
2.43945488809238e-19
9.48676900924816e-20
3.3881317890172e-20
-2.16840434497101e-19
-2.16840434497101e-19
2.16840434497101e-19
1.0842021724855e-18
2.98155597433514e-19
1.21972744404619e-19
4.74338450462408e-20
-2.16840434497101e-19
-3.25260651745651e-19
2.16840434497101e-19
8.67361737988404e-19
2.98155597433514e-19
1.21972744404619e-19
4.74338450462408e-20
0
-7.58941520739853e-19
0
6.50521303491303e-19
2.98155597433514e-19
1.35525271560688e-19
3.3881317890172e-20
-2.16840434497101e-19
0
5.42101086242752e-19
1.24683249835833e-18
4.33680868994202e-19
2.03287907341032e-19
4.74338450462408e-20
-6.34305650538958e-13
-4.17015144204419e-11
-4.16446884203732e-09
-9.57648212731861e-08
-6.3430478317722e-13
-4.17015093246917e-11
-4.16446867723859e-09
-9.57648240276559e-08
-6.34305108437871e-13
-4.17015137699206e-11
-4.16446883368896e-09
-9.57648209728079e-08
-6.34305325278306e-13
-4.17015122520376e-11
-4.16446866867339e-09
-9.57648185305883e-08
-6.34304674757002e-13
-4.17015105173141e-11
-4.16446882740059e-09
-9.57648285357686e-08
-6.34305433698523e-13
-4.17015118183567e-11
-4.16446866477026e-09
-9.5764818367958e-08
)
;
    }
    sides
    {
        type            calculated;
        value           nonuniform List<scalar> 
84
(
0.0002048763212805
0.000196484102574463
0.000182424507753278
0.000204876308472364
0.000196484093169607
0.000182424504456789
0.000204876321277741
0.000196484102571747
0.00018242450774078
0.000204876321292702
0.00019648410265915
0.000182424507814029
0.00020487630844743
0.000196484092821198
0.000182424503767603
0.000204876321292976
0.000196484102670741
0.00018242450783007
-9.40296515949111e-06
-4.96364622252317e-06
-2.7190409490653e-06
-9.40296795364328e-06
-4.96365482170801e-06
-2.71907952052643e-06
-9.40296507109741e-06
-4.96364603557408e-06
-2.7190411569318e-06
-9.40296515194972e-06
-4.96364945327542e-06
-2.71906157606606e-06
-9.40296936523504e-06
-4.96364347200092e-06
-2.71905941221743e-06
-9.40296516455271e-06
-4.96364954558949e-06
-2.71906237936761e-06
-9.30854166737907e-05
-9.30855822592611e-05
-9.30854153064751e-05
-9.30853796590064e-05
-9.30855852157642e-05
-9.30853765609659e-05
-7.9025638067929e-05
-7.90261549785373e-05
-7.90256352799486e-05
-7.90254855322209e-05
-7.90261696022386e-05
-7.90254749293432e-05
-5.18180534865366e-05
-5.18174907018343e-05
-5.18181040871827e-05
-5.18183820617786e-05
-5.1816739155793e-05
-5.1818417104424e-05
-5.819982057415e-06
-5.81956907358004e-06
-5.82000297344844e-06
-5.82013971398563e-06
-5.81935338787528e-06
-5.82015756549052e-06
-0.000135955176221468
-0.000135954948532952
-0.00013595517931375
-0.000135955186938023
-0.000135954927701977
-0.000135955189572816
-0.00148768409875531
-0.00148768381738634
-0.00148768410241707
-0.00148768410103608
-0.00148768380681073
-0.00148768410413795
-0.000521230405380779
-0.000521230261981652
-0.000521230405930109
-0.000521230409475235
-0.000521230260116867
-0.000521230409839983
0.000310173297950966
0.000310173239138051
0.000310173297322422
0.000310173298215028
0.000310173243319823
0.000310173297653489
)
;
    }
}


// ************************************************************************* //
