/*--------------------------------*- C++ -*----------------------------------*\
  =========                 |
  \\      /  F ield         | OpenFOAM: The Open Source CFD Toolbox
   \\    /   O peration     | Website:  https://openfoam.org
    \\  /    A nd           | Version:  11
     \\/     M anipulation  |
\*---------------------------------------------------------------------------*/
FoamFile
{
    format      ascii;
    class       volVectorField;
    location    "0.0000300147";
    object      U;
}
// * * * * * * * * * * * * * * * * * * * * * * * * * * * * * * * * * * * * * //

dimensions      [0 1 -1 0 0 0 0];

internalField   nonuniform List<vector> 
900
(
(-9.19957119054528 -15.9341206962723 412.913461031089)
(-6.23632862554644 -10.8016342787594 414.74408818328)
(-4.33534964384066 -7.50904434712351 419.658669207312)
(-5.23830140829317 -9.07299929053456 407.869094709994)
(-3.30075494468757 -5.71707165324254 412.16560188711)
(-2.19455943918612 -3.80108685247818 418.402513472431)
(-3.85837092093565 -6.68289161555683 397.553064865709)
(-2.54697473758655 -4.41148719397317 405.476455247811)
(-1.5841527013714 -2.74383180045577 414.118108379828)
(-18.3991435166097 -2.96725342887292e-10 412.913463647859)
(-12.4726581188432 -7.16510147386242e-10 414.744091017662)
(-8.6706993386343 3.98492842381778e-09 419.658671932148)
(-10.4766039190856 1.62889585512635e-09 407.869098920096)
(-6.60151101956522 7.46863135560213e-10 412.165606386248)
(-4.38911949533623 4.22404710696365e-09 418.402517315564)
(-7.71674192581346 4.21242036476e-12 397.553065699669)
(-5.0939496747682 -1.38631569569247e-09 405.476456183747)
(-3.16830575384883 6.02801640870515e-09 414.118109431088)
(-9.19957119174574 15.9341206970692 412.913461033357)
(-6.23632862821408 10.8016342782043 414.744088184113)
(-4.33534964403 7.50904435675502 419.658669216398)
(-5.23830141083724 9.07299928953638 407.869094711281)
(-3.30075494594367 5.71707165179515 412.165601887682)
(-2.19455943735147 3.80108686426204 418.402513478038)
(-3.85837092238637 6.68289161381353 397.553064863463)
(-2.54697473552286 4.41148718954093 405.476455244265)
(-1.58415269773683 2.74383182025256 414.118108382989)
(9.19957118224116 15.9341206997501 412.913461065374)
(6.23632860522909 10.8016342385203 414.7440881927)
(4.33534962739853 7.50904431309504 419.658669103343)
(5.23830140684553 9.07299926646243 407.8690947319)
(3.30075493009401 5.71707159307587 412.165601882135)
(2.19455945748252 3.80108681457311 418.40251335072)
(3.85837090500249 6.68289160457148 397.553064858991)
(2.5469748127528 4.41148716145055 405.476455226458)
(1.58415302798493 2.7438318221247 414.118108376623)
(18.399143519994 3.11617723751823e-10 412.91346356529)
(12.4726582787911 3.09688347058131e-09 414.744090731944)
(8.67069971190103 6.91886011143122e-09 419.658671484944)
(10.4766039130764 -4.29427991141235e-09 407.869098854858)
(6.60151123848233 -3.94907665047167e-10 412.16560613762)
(4.38912001186658 6.73928755982517e-09 418.402517002864)
(7.71674190892061 -2.78674000214383e-10 397.553065680536)
(5.09394982359788 1.45563583623113e-09 405.476456050799)
(3.16830625556087 4.71092498624409e-09 414.118109281236)
(9.19957118213269 -15.934120701702 412.913461075035)
(6.23632859707877 -10.8016342370584 414.744088204563)
(4.33534962359928 -7.50904430207174 419.658669108429)
(5.2383014101326 -9.07299926536245 407.869094741975)
(3.30075492566756 -5.71707158670608 412.165601890009)
(2.19455945473535 -3.80108679913996 418.40251334997)
(3.85837090652421 -6.68289161091868 397.553064864885)
(2.54697481429907 -4.41148717005576 405.476455235563)
(1.58415303179663 -2.74383180258763 414.118108374802)
(-2.24343302184223 -3.88573904982728 416.782295784466)
(-1.08483695562605 -1.87899333672195 410.856646900773)
(-0.506964909952019 -0.878087724538377 400.255781226448)
(-1.06883992033091 -1.85128408663349 416.370412328189)
(-0.47190073465266 -0.817357517451298 410.801031749004)
(-0.145839584845324 -0.252600220598196 400.323171819236)
(-0.805122995569503 -1.39451369878956 414.211334587807)
(-0.425741073917075 -0.737400702669117 410.344549333421)
(-0.159417957589167 -0.27611644390106 400.426198008895)
(-4.48686603414306 -1.81539576625194e-08 416.782297798113)
(-2.16967796016823 -4.75584972589861e-08 410.856645827208)
(-1.01394311699754 -3.62059448326078e-08 400.255780242328)
(-2.13768014777864 -1.60682302662122e-08 416.370414233032)
(-0.943806872418428 -7.65728585973196e-08 410.801031138208)
(-0.291692684793708 -8.75741327601318e-08 400.323178242306)
(-1.61024628833292 -1.9024994408375e-08 414.211334781122)
(-0.851480247597952 -3.08759984698665e-08 410.344549467814)
(-0.318834959357236 -4.8049350451043e-09 400.426205746946)
(-2.24343297587493 3.88573902823953 416.782295834486)
(-1.08483688088143 1.87899328315023 410.856647067963)
(-0.506965005517565 0.878087758562659 400.255781285888)
(-1.06883986846819 1.85128406131482 416.37041235829)
(-0.471900567159484 0.81735742448319 410.801031855758)
(-0.145839711112119 0.252600328650589 400.323171778847)
(-0.805122989062811 1.39451365809331 414.211334591122)
(-0.425741038022148 0.737400627133706 410.344549303261)
(-0.159417991125656 0.276116411298057 400.426197883702)
(2.24343333580766 3.88573887286685 416.782295219761)
(1.08483841068201 1.87899410428725 410.856645244771)
(0.506968560958693 0.878094526160436 400.255780191727)
(1.06884040748855 1.85128437121321 416.370411969884)
(0.471902985490484 0.81735809829117 410.80103144687)
(0.14584230202061 0.25260606246052 400.323174849758)
(0.805123771328713 1.39451365284998 414.211334696683)
(0.425735979696344 0.737400723764268 410.344551299745)
(0.159415349738677 0.276118550620136 400.42620263369)
(4.48686670771743 -8.79572160136202e-10 416.782298883529)
(2.16967296887583 -1.7685305357438e-08 410.856650324054)
(1.01393552158232 -7.13971944702805e-08 400.255784279064)
(2.13768061238492 -9.66781830283402e-10 416.370415235993)
(0.943800778485385 -3.39373853036027e-08 410.801033250891)
(0.291683690212628 -2.18908155188738e-08 400.32317853276)
(1.61024714987741 -1.50964088599901e-08 414.211335423956)
(0.851474588171516 7.25416048082344e-09 410.344550884226)
(0.318831254836388 -9.23734163236246e-08 400.426205621407)
(2.24343334887234 -3.88573887274972 416.782295214268)
(1.0848384369548 -1.87899413285631 410.85664530117)
(0.506968681706267 -0.878094800062748 400.255780325696)
(1.06884043020578 -1.85128437695329 416.370411961833)
(0.471903033743609 -0.817358069885442 410.801031504019)
(0.145842324713248 -0.25260634877342 400.323175038581)
(0.805123773632222 -1.39451369104424 414.211334697456)
(0.425735961359932 -0.737400772775405 410.344551359961)
(0.159415491911155 -0.276118716821968 400.426202789694)
(-0.170798611841223 -0.295819090840427 393.972571117914)
(-0.0224785173112801 -0.0389412082712865 394.08718619197)
(-0.0397430215094236 -0.0688419027647698 394.287677410674)
(-0.341602639762487 1.14195202268759e-07 393.972587333205)
(-0.0449860867871667 6.3919751934471e-07 394.087218628822)
(-0.0794844936010069 3.1432347057992e-07 394.287709691096)
(-0.170798435545136 0.295818741598404 393.972570383756)
(-0.0224786995024374 0.0389402069240661 394.08718460319)
(-0.0397437502923005 0.0688423728890688 394.287677643198)
(0.170789583834848 0.295812115978868 393.972578044149)
(0.0224681856546282 0.0389189835510705 394.087182786095)
(0.0397365473542284 0.0688304853240503 394.287690683034)
(0.341603453575213 1.11212846399731e-07 393.972593898128)
(0.0449866460566295 -9.58250479229093e-07 394.087218779097)
(0.0794839484981304 -6.47024825684884e-07 394.287673005425)
(0.170789136149868 -0.295811380383868 393.972577882353)
(0.0224681348718447 -0.0389170227066581 394.087180952415)
(0.0397370774164966 -0.0688302890342251 394.287689541184)
(-0.0504652967907129 -0.0873836842933546 364.840272292463)
(0.0107799737938108 0.0187024669003649 364.937322975507)
(-0.00422399326712047 -0.00733345093945775 365.093270565895)
(-0.100904660489187 9.73434735378865e-08 364.840265816803)
(0.0215889032790485 3.51362335721401e-07 364.937280651605)
(-0.00848097373114746 -1.03107270969633e-06 365.093222579383)
(-0.0504645804015629 0.0873833680729716 364.840272946634)
(0.0107795820065323 -0.0187016633125931 364.937326337083)
(-0.00422502781093081 0.00732937742886311 365.093274464167)
(0.0504392090473564 0.0873534296368432 364.840316001006)
(-0.0108099697248909 -0.0187344321953184 364.937345069288)
(0.00426618843588532 0.00733316254275443 365.093218929557)
(0.100908203859397 6.63044932644055e-07 364.840250472481)
(-0.0215968712791897 6.01948739300765e-07 364.937261281306)
(0.00850550469926134 -2.28519716373178e-06 365.093234021167)
(0.0504377822804535 -0.0873511271794233 364.840319035052)
(-0.0108118296438315 0.0187373395497482 364.937347525096)
(0.00426647223934668 -0.00733688956911992 365.093216147247)
(-0.00941938526077887 -0.0162648650162183 343.713685433956)
(0.0139884925292983 0.0244643509821824 343.804046467311)
(0.00578363885006954 0.0106136193384682 343.941513135152)
(-0.0186706312319048 1.18495942033221e-06 343.713665010798)
(0.0283742427210883 6.6514253704936e-07 343.803966915716)
(0.0109898935350734 -5.02288825165896e-06 343.941427385136)
(-0.00942948019371399 0.0162729038661985 343.713692329999)
(0.0139857908203164 -0.0244720536064178 343.80405419653)
(0.00581382420502921 -0.0106344783024226 343.94151457868)
(0.00951155756307174 0.0162978405101507 343.713860792355)
(-0.0141710901653119 -0.0248954700545465 343.804114229966)
(-0.00569524255303872 -0.00978716067278397 343.94144136283)
(0.0184931328000295 -1.12242642960996e-06 343.71351882423)
(-0.0279973587607078 -1.72620271027038e-07 343.803903077576)
(-0.0113918948914673 1.3047089253218e-05 343.941510539845)
(0.00951358118690323 -0.0163061024343656 343.713870596299)
(-0.0141824233673413 0.0249045244238909 343.804122195293)
(-0.00570414638689686 0.00979868160740625 343.941434443234)
(0.0146803336713914 0.0254291111713537 323.529704146194)
(0.0236281499501188 0.0410317469737721 323.571545606555)
(0.0140245938027984 0.02455793524118 323.634881144689)
(0.0294329830142142 7.29971618588201e-07 323.529711982368)
(0.0473956655834947 -1.23432473153946e-06 323.571574447544)
(0.0279155229050264 -6.41890560347891e-06 323.635023335012)
(0.0146763579742696 -0.0254253787838436 323.529703436804)
(0.023630568213293 -0.0410321850591373 323.571546228371)
(0.0140386294420146 -0.0245697718284956 323.634884424319)
(-0.0146510639294238 -0.0254024786073985 323.529711089823)
(-0.023683773015575 -0.0411155011448319 323.571579403245)
(-0.0140706908980033 -0.0245850851353236 323.635066532461)
(-0.0294853266494393 -6.06561928867363e-07 323.529708868504)
(-0.0472940582264337 1.63247704860092e-06 323.571515139962)
(-0.0278919482325699 6.29559008688374e-06 323.634764376852)
(-0.0146490423070764 0.0253985118815814 323.529711222964)
(-0.0236852559065044 0.0411161311301329 323.571578759478)
(-0.0140847562129921 0.024596531178113 323.63506686823)
(0.00687046681717334 0.0118978385985547 301.823204196201)
(0.0102617473857225 0.0177943863789747 301.832156703128)
(0.00679124654260976 0.0117989507113729 301.84281092919)
(0.0137560010739839 1.38754202103106e-07 301.82322132521)
(0.0205512340035481 -3.72233272130407e-07 301.832201178576)
(0.0135600966612158 -1.22312531159845e-06 301.842865119811)
(0.00686978924159689 -0.0118970102839799 301.823202932127)
(0.0102624817073752 -0.0177940698641855 301.832153814233)
(0.00679334452459163 -0.0118006407993381 301.842809024869)
(-0.00686692012063189 -0.0118934255793921 301.823191446755)
(-0.0102756300720622 -0.0178060663964989 301.832133821311)
(-0.00679360859090994 -0.011800488907979 301.84283453965)
(-0.0137636225715702 -7.08691726283249e-08 301.823231081053)
(-0.0205264377090116 4.59908416983763e-07 301.832214743404)
(-0.0135600743821996 9.11069068177624e-07 301.842828545559)
(-0.00686643642759323 0.0118926645121064 301.823190334547)
(-0.0102755395492511 0.01780584316235 301.832130798739)
(-0.00679580283280899 0.0118019752630762 301.842832850227)
(0.000224202373842628 0.000387516000725618 260.607963643364)
(0.000277460635948236 0.000479447316668209 260.608943375649)
(6.53501214223151e-05 0.000113894901691549 260.607166478811)
(0.000448036757016836 -6.33358597850091e-09 260.607958749367)
(0.000555663663757442 -1.53811461476853e-08 260.608944426945)
(0.000134219290099481 8.3436815342478e-10 260.607167246103)
(0.000224284379472212 -0.000387480225069643 260.60796392619)
(0.000277433248093909 -0.00047925452120152 260.608943220457)
(6.53871978559604e-05 -0.00011390388781337 260.607166222976)
(-0.000224727053925273 -0.000386996035708682 260.607962397625)
(-0.000277274684781008 -0.000477996631897085 260.608936980894)
(-6.61585814572039e-05 -0.000114965054902143 260.607163932723)
(-0.000447420381367778 2.20124625897361e-08 260.607958377263)
(-0.000556988934215417 1.57340906757905e-09 260.608950377067)
(-0.000128914169498449 -4.64653373390153e-08 260.607171994905)
(-0.000224652548939582 0.000386988315090852 260.607962574756)
(-0.000277162731410362 0.000477915456217912 260.608936831176)
(-6.60327555823612e-05 0.000114902768434971 260.607163825239)
(-0.000445108081566144 -0.000770478190241683 174.75617120091)
(-0.00121207030871749 -0.00209957116159977 174.758190982477)
(-0.00157315375524799 -0.00272733089874401 174.755025539449)
(-0.000890388436678265 -2.6521524874444e-08 174.756168443133)
(-0.00242656381354049 -3.95973922413598e-08 174.758185127671)
(-0.00314636900739658 2.84844683999209e-08 174.755020614932)
(-0.00044504391678729 0.000770473029045994 174.756171398512)
(-0.00121192935846766 0.00209951475600743 174.758191366427)
(-0.00157317739649155 0.00272743138027164 174.755025699356)
(0.000444702450399645 0.000770360167760739 174.756172493172)
(0.00121174658520888 0.00209977178972146 174.758193439797)
(0.00157402817178443 0.00272832586469487 174.755024661473)
(0.000891046613746614 2.47100602314076e-08 174.756167107296)
(0.00242720820903393 3.34653732052518e-08 174.758183715955)
(0.00314699855556891 -4.62487922850618e-08 174.755023482025)
(0.000444696983911912 -0.000770347170284648 174.756172611227)
(0.00121173243221637 -0.00209970551366513 174.758193806826)
(0.00157421697971731 -0.0027284433247436 174.75502484972)
(0.0033274965472009 0.00576348480524738 60.056378991215)
(-0.00117473704379691 -0.00203462940002907 60.0397054906462)
(0.000146520424858137 0.000253890700084971 60.0268144789119)
(0.00665499784860665 -1.26082216912611e-08 60.0563811118363)
(-0.0023500312771037 -1.71466023005394e-08 60.039704612406)
(0.000291305406542699 -1.15540544302645e-08 60.0268120775986)
(0.00332750749808658 -0.00576347558786587 60.0563788893676)
(-0.00117470190793464 0.00203461038505796 60.0397055640618)
(0.000146555833727741 -0.000253953819968746 60.0268146217792)
(-0.0033275636699896 -0.00576354140039657 60.0563789886167)
(0.00117464780084925 0.00203456738094406 60.0397068743431)
(-0.000145667883109199 -0.000253895102639381 60.0268151697555)
(-0.00665485916269933 9.58290723451791e-09 60.0563819096792)
(0.00235022125553012 1.3012472032148e-08 60.0397041952826)
(-0.000291661208862116 -2.33197282886641e-08 60.0268121718232)
(-0.00332756875157628 0.00576353400999961 60.0563788977335)
(0.00117463234320736 -0.00203455907658463 60.0397069410592)
(-0.00014571193755911 0.000253990001283702 60.0268153000887)
(-9.98939318583752 -17.3021324794769 394.242633478873)
(-5.23057195960115 -9.05961117422793 379.394899126653)
(-3.68229182881274 -6.37791391964478 366.00634475142)
(-19.9787867893085 -3.46661160222193e-10 394.242640360063)
(-10.4611451609922 5.09440768204138e-10 379.394902258077)
(-7.36458344285129 -8.42557896638773e-10 366.006345279624)
(-9.98939318518863 17.3021324791543 394.242633481689)
(-5.23057196024499 9.05961117549922 379.394899127042)
(-3.68229183011516 6.37791391692198 366.006344749528)
(9.98939318394768 17.3021324791944 394.242633487259)
(5.23057195839613 9.05961117549953 379.394899131)
(3.68229183037924 6.37791391426866 366.006344750646)
(19.9787867872685 6.56282593625532e-10 394.242640360331)
(10.4611451589653 -8.53529624499599e-10 379.394902258947)
(7.36458344287371 -1.14738129024946e-09 366.00634528562)
(9.98939318406252 -17.3021324801201 394.242633495009)
(5.23057196039863 -9.05961117568057 379.394899137832)
(3.6822918311915 -6.37791391995861 366.006344754078)
(-7.66395855711032e-07 -1.3274372462693e-06 3.10984970936888e-07)
(-9.45917330810012e-08 -1.63838244844068e-07 -1.13820164098773e-06)
(-2.08655979588848e-08 -3.61410521608301e-08 -1.71199457334482e-07)
(-3.25945850258382e-09 -5.64710982356838e-09 -7.00775791585048e-09)
(-1.98842572833533e-10 -3.45906401187861e-10 -2.25777128943607e-10)
(-9.80250262403062e-13 -2.58038668990889e-12 -2.34821090637703e-12)
(6.13885695079423e-13 4.492188960208e-13 3.50071782272484e-14)
(6.32396529850973e-13 2.15733571379442e-13 -8.31451499026864e-14)
(6.90830337391027e-13 4.98698936879357e-13 -2.70579917351167e-13)
(5.85454643081322e-13 4.11857911613865e-13 1.66879031912094e-13)
(3.91621771303376e-13 1.70480157915482e-14 9.38160563564983e-14)
(4.94322800431611e-13 2.66045270603555e-13 4.42095841067043e-14)
(4.7303768281456e-13 1.87039331775305e-13 1.16215503102432e-12)
(2.9565147984945e-13 -3.33324736490789e-13 1.41299368658848e-12)
(1.98380808595962e-13 -3.16682328471524e-13 -1.26051118005602e-13)
(7.98230929498573e-05 0.000138257659231401 2.60023671872212e-05)
(5.95704525071232e-05 0.000103179055091509 4.33563276464437e-05)
(3.73198942691068e-06 6.46399438287758e-06 6.76998088375689e-06)
(-3.64283795083412e-08 -6.30984565838801e-08 -1.96218758573443e-08)
(-6.52831613755767e-09 -1.13093530824897e-08 -1.15610222645798e-08)
(-8.04865721321182e-11 -1.40657969874164e-10 -2.09852283944258e-10)
(8.96018250386252e-13 9.08962794397438e-13 -3.32722885510515e-13)
(1.14190065927835e-12 1.30629515696946e-12 1.16393326591142e-14)
(8.8357033346716e-13 8.53188307524235e-13 2.79681222431041e-14)
(9.09313536046121e-13 1.01972466741837e-12 1.92342482374739e-13)
(7.71519996134793e-13 9.5868220111147e-13 1.06116883085766e-13)
(8.13063062931138e-13 8.35790984345984e-13 1.06614304017733e-13)
(6.2939672864098e-13 5.5156313984749e-13 9.25877231711842e-13)
(8.09454986165028e-13 9.42540840607797e-13 1.10584567297299e-12)
(5.92008522867174e-13 6.77287885635806e-13 -6.71060555850649e-14)
(0.00554093553945461 0.0095971823813867 0.00439673798365797)
(0.00157591825915882 0.00272957063271049 0.0022512711237763)
(2.19154942024584e-05 3.7958750276932e-05 6.6813610445483e-05)
(-2.05742541937557e-07 -3.56358305938109e-07 -1.69778222507737e-07)
(-3.6579076728368e-08 -6.33584440788453e-08 -7.97462136937393e-08)
(-5.17550207014729e-10 -8.9783163961891e-10 -1.83176842925269e-09)
(1.1067417344419e-12 8.65697085774351e-13 -1.64936731395475e-12)
(1.21658795567618e-12 1.05579479400943e-12 9.77237806887999e-14)
(1.37976301353665e-12 1.34472444297415e-12 -5.67676245804652e-14)
(1.40467140617227e-12 1.60696000847011e-12 5.34840631852029e-14)
(1.46874411411607e-12 1.81723326925661e-12 1.49028404882374e-13)
(1.3496919830668e-12 1.29468037786662e-12 2.51231568824115e-13)
(1.21534493081257e-12 1.15171444517514e-12 9.51369608740474e-13)
(1.4774280745241e-12 1.7312491617108e-12 1.3498605614506e-12)
(1.27936097807982e-12 1.53844731820674e-12 8.73794088584375e-14)
(0.147458951572437 0.255406411277458 0.235276832345117)
(0.00602356628439977 0.0104331234016005 0.0203300686675837)
(1.02820547048917e-05 1.78090417798291e-05 0.000107420355856998)
(-6.76587651823425e-07 -1.17188557964161e-06 -1.06760811529955e-06)
(-7.014572939853e-08 -1.21497300705649e-07 -2.61479997012531e-07)
(-4.74437982690129e-10 -8.22952931883952e-10 -4.1843228180536e-09)
(8.92894984975294e-13 3.22531491850218e-13 -3.13539591438264e-12)
(1.07463860068147e-12 6.20685472592369e-13 -1.4406693617263e-13)
(1.04430783056512e-12 7.46236371051688e-13 -8.38721358274908e-14)
(8.54440921034041e-13 5.67174722206068e-13 7.29818544823402e-14)
(9.47786151431871e-13 4.16171881703437e-13 1.97372538929663e-13)
(9.22436146886414e-13 2.70038417282367e-13 4.40586568071415e-13)
(8.19085797574296e-13 6.16440089392838e-13 6.72067656713402e-13)
(1.01825320793491e-12 1.25679504436705e-12 7.30146847921397e-13)
(1.1533607596973e-12 1.39922120026666e-12 6.22821635254489e-13)
(-1.53279062537655e-06 -2.1749101011861e-13 3.10984489037482e-07)
(-1.89182786736278e-07 -7.00949773999834e-14 -1.13820030942283e-06)
(-4.17315048166469e-08 -5.24061794510827e-14 -1.71197868512071e-07)
(-6.52103945805508e-09 6.19614261328498e-14 -7.0065641722855e-09)
(-3.99106421121122e-10 2.20463722703278e-13 -2.25226818364034e-10)
(-2.85106535970848e-12 2.75764005694424e-14 -1.55800918825292e-12)
(6.11684805831795e-14 -6.40448350412482e-14 1.89767158812588e-13)
(4.2980149942711e-14 9.40257532256101e-14 9.0041746692322e-14)
(2.64895554246501e-14 -7.13523651216722e-14 1.56724234327575e-14)
(6.4839756427702e-14 -1.87726598040252e-13 -9.53212006293149e-14)
(4.37786712905461e-14 -2.07953468544355e-13 -1.60861195604383e-13)
(7.17030845499373e-14 -1.52325473111629e-13 -5.40650294017988e-13)
(9.28168699104598e-15 -1.88881812302759e-13 1.96231607675837e-13)
(-7.79623816459268e-14 -1.16755828645703e-14 7.69321434081985e-13)
(-5.60850186788799e-14 -1.1752174984661e-13 -2.70086825758337e-13)
(0.000159646179432017 -7.29528029632842e-14 2.6002363756633e-05)
(0.00011914090078749 3.84598509670039e-14 4.33563252147383e-05)
(7.4639796622563e-06 -2.18277048723555e-14 6.76998107743188e-06)
(-7.28551813503872e-08 7.84713127631889e-14 -1.96224951889522e-08)
(-1.30549942079486e-08 1.91961173177496e-13 -1.15609212984373e-08)
(-1.58825543405713e-10 2.06095703436619e-13 -2.09424480582484e-10)
(4.17504026511136e-12 -1.96475432690301e-14 1.23271694886502e-14)
(4.35991397885065e-12 -1.20503636923301e-14 6.17343742667234e-14)
(4.26761434876085e-12 -3.48912881150799e-14 3.27721277629332e-15)
(4.25753480065157e-12 -1.15021753392826e-13 -1.18507362300533e-14)
(4.02618178142839e-12 -1.02332649743721e-13 -4.15968090547082e-14)
(3.89239596379915e-12 -7.24718818113062e-14 -2.66688328972923e-13)
(3.09578684438833e-12 -1.22896349096833e-13 2.47037259255095e-13)
(3.12455204793621e-12 -1.84225693249407e-14 7.49674773655307e-13)
(2.83644900180133e-12 -1.53403637809698e-13 -3.59034307975198e-13)
(0.011081871062006 -1.041425150053e-12 0.00439673781959815)
(0.00315183656745843 -2.25144939549647e-13 0.00225127109077915)
(4.38309901204689e-05 -8.5039763748663e-14 6.68136117828464e-05)
(-4.11485264272241e-07 1.72235412058339e-13 -1.69777644101753e-07)
(-7.31579908740676e-08 2.06367558129451e-13 -7.97460948686471e-08)
(-1.03422799624868e-09 2.46629253351267e-13 -1.83144462272933e-09)
(4.20771471201635e-12 5.58801910230796e-14 -1.68141007169317e-12)
(4.88280937408849e-12 -5.00229506558826e-14 1.85979652113381e-14)
(4.82629182541041e-12 -9.0996028089998e-14 5.91029721127446e-14)
(4.86845077094559e-12 -1.22950476652645e-13 1.5379003942384e-13)
(4.67488921927438e-12 -1.01277856320074e-13 2.32506392110172e-13)
(4.63470689247457e-12 -7.15717509351317e-14 1.19490501475405e-13)
(3.99229307909609e-12 -7.97318117876791e-14 4.76616026916155e-13)
(3.92872676056336e-12 7.85692609982302e-14 9.76235969684865e-13)
(3.80025188008933e-12 8.93450279045252e-14 -9.9247609388054e-14)
(0.294917925266795 1.358219086172e-11 0.235276835905043)
(0.0120471332932504 6.95531616381705e-13 0.0203300690974705)
(2.05641118531797e-05 -2.17815955633731e-13 0.000107420359596445)
(-1.35317498217961e-06 1.24097528657305e-13 -1.0676082677039e-06)
(-1.40291469434197e-07 1.95516522175472e-13 -2.61480277446977e-07)
(-9.48735933494891e-10 1.25073379899883e-13 -4.18407411508159e-09)
(2.29965498300831e-12 9.63083086926048e-14 -3.2159278004948e-12)
(2.57635121579699e-12 -5.17717535822217e-14 -4.7035160883482e-15)
(2.76209793849753e-12 -7.15219322187037e-14 2.01802714951317e-14)
(2.65587655481367e-12 -1.50244056596256e-13 1.69996658893103e-13)
(2.48887436434287e-12 -1.23743016597221e-13 2.22031450886579e-13)
(2.55479931999112e-12 -8.23171139787597e-15 1.38848918333938e-13)
(2.22152207445593e-12 -4.89547271236009e-14 4.30368945891841e-13)
(2.32240760448689e-12 -1.19488492290839e-13 8.68000005731401e-13)
(2.08576710477434e-12 -4.17945972292446e-14 2.94270447122452e-13)
(-7.663956441253e-07 1.32743706664116e-06 3.1098457325485e-07)
(-9.45914980467959e-08 1.63838131598148e-07 -1.13820126361844e-06)
(-2.08655623001368e-08 3.61412071971409e-08 -1.71199657962656e-07)
(-3.25938924798658e-09 5.6471520642462e-09 -7.00843455846829e-09)
(-1.98851341279461e-10 3.45568366976699e-10 -2.25185024861572e-10)
(-5.2543296994657e-13 2.16662482018112e-12 -1.64313156413293e-12)
(5.66019410164563e-13 -1.4541218290427e-13 -3.8505831471281e-14)
(4.54263505604882e-13 -6.20877851891231e-14 -5.09717748462296e-14)
(6.0806379324982e-13 -2.50141480529008e-13 1.59970478628695e-13)
(4.03032382978871e-13 1.2827957476944e-14 4.6330226496929e-13)
(2.9837688102142e-13 2.63346563612497e-13 5.44596744606722e-14)
(3.63557095285433e-13 1.15205768028167e-13 -1.44138268873405e-13)
(3.29204027318483e-13 1.98616021969934e-13 9.18455273707676e-13)
(1.80783824407672e-13 1.70722914936268e-13 1.41363427840078e-12)
(1.77452332369082e-13 2.01908099631811e-13 -1.25075360683954e-13)
(7.98230925232754e-05 -0.000138257658806731 2.60023667410578e-05)
(5.95704521663689e-05 -0.000103179054527773 4.33563275877345e-05)
(3.73198942800853e-06 -6.46399427250281e-06 6.76998066804772e-06)
(-3.64284705754615e-08 6.30988488821146e-08 -1.96221983670812e-08)
(-6.52874101484755e-09 1.13097242795177e-08 -1.15616142885742e-08)
(-8.01971679662229e-11 1.40459416599792e-10 -2.09215437148931e-10)
(1.09647730167125e-12 -1.10821458115211e-12 2.09010716459025e-14)
(9.91986923383763e-13 -1.02506856961544e-12 7.92756821951469e-17)
(9.44697964432867e-13 -9.34864997400955e-13 7.01588417574978e-14)
(1.03256329043027e-12 -1.23219214875965e-12 3.39789165790955e-13)
(9.93918019296183e-13 -1.30462093476561e-12 3.64747317548639e-14)
(8.87523719661267e-13 -1.03740133643247e-12 3.41443776302526e-14)
(7.74850420718728e-13 -8.10585504660316e-13 7.9948850990041e-13)
(9.48311148995804e-13 -1.40416137024919e-12 1.02854954271527e-12)
(1.00206563435872e-12 -1.38275208358416e-12 -6.47854199720735e-14)
(0.00554093552110399 -0.00959718235406738 0.00439673797881199)
(0.00157591825497986 -0.00272957062665261 0.00225127111879409)
(2.19154941917068e-05 -3.79587500387061e-05 6.68136098172398e-05)
(-2.0574257927989e-07 3.56358361177456e-07 -1.69778437559542e-07)
(-3.65794886676404e-08 6.33586982679512e-08 -7.97466121358273e-08)
(-5.18119074910993e-10 8.99092815932452e-10 -1.83143323740044e-09)
(1.26551914521801e-12 -9.69017154614769e-13 -1.43294689219419e-12)
(1.54644906381469e-12 -1.46773063979047e-12 1.41848319432564e-13)
(1.38979138748881e-12 -1.26525661096426e-12 -2.19149927004592e-14)
(1.55505626744735e-12 -1.63492841759978e-12 1.91527420010116e-15)
(1.63962622292281e-12 -1.99722745152403e-12 6.13132432583245e-14)
(1.42153967316732e-12 -1.44909058872922e-12 2.21582589727436e-13)
(1.31757893037033e-12 -1.43816930819178e-12 7.7650899208572e-13)
(1.22424969282016e-12 -1.68810563651662e-12 1.00001035094644e-12)
(1.1730177480151e-12 -1.8199667520043e-12 2.07480954946484e-13)
(0.147458951017477 -0.25540641048036 0.235276831913932)
(0.00602356626835425 -0.0104331233835188 0.0203300686286293)
(1.02820550914593e-05 -1.78090418564954e-05 0.000107420355376002)
(-6.76587963843563e-07 1.17188604280761e-06 -1.06760815061287e-06)
(-7.01461052360155e-08 1.2149759518703e-07 -2.61479985814458e-07)
(-4.74500006314203e-10 8.23425340137292e-10 -4.18435780224735e-09)
(9.75544473842023e-13 -1.81769165345187e-13 -2.82735504473466e-12)
(1.18409335031056e-12 -7.83708427509933e-13 4.02943604273669e-14)
(1.25534855629875e-12 -1.00709864576746e-12 4.13859728992806e-14)
(1.10960956599593e-12 -6.57912693334435e-13 1.30215849652404e-13)
(1.07544962749483e-12 -3.83506382612975e-13 2.77697638628795e-14)
(9.54060623566841e-13 -4.62057184600001e-13 3.2563535475927e-13)
(8.12714212137143e-13 -7.58809477396056e-13 7.57867965119708e-13)
(7.68552848442638e-13 -8.84424737086852e-13 6.50944382570426e-13)
(5.7909548630943e-13 -7.57674170482433e-13 6.27606507094494e-13)
(7.66396081126333e-07 1.32743726395157e-06 3.10984832941421e-07)
(9.45918004562298e-08 1.63838362496751e-07 -1.13820180460119e-06)
(2.08656568101902e-08 3.61410734985994e-08 -1.71199740817997e-07)
(3.25947214028442e-09 5.64716637417945e-09 -7.00778490185449e-09)
(1.98918415478646e-10 3.45822497429566e-10 -2.25760486159358e-10)
(5.88137697875382e-13 1.93870874657998e-12 -2.12508590547387e-12)
(-6.22371766848782e-13 -5.22763569092672e-13 2.095626375028e-13)
(-6.8174155586386e-13 -4.34791794473813e-13 5.84494961619046e-14)
(-6.51402737241205e-13 -4.50309008210124e-13 1.05346950341051e-13)
(-5.00930750714075e-13 -1.82181932864034e-13 7.00747703451126e-13)
(-3.05684425393802e-13 2.35475691709276e-13 1.3475454289863e-13)
(-3.46462667796787e-13 1.13123393412694e-13 -3.52140936613991e-13)
(-3.25485489240109e-13 -9.0552549392654e-14 9.07999284684548e-13)
(-2.50258753201307e-13 3.16914147170698e-13 1.61810174110524e-12)
(-2.07918921048448e-13 2.66774161156939e-13 -1.04300906609541e-13)
(-7.98230861298698e-05 -0.000138257648842387 2.60023660886996e-05)
(-5.95704483739257e-05 -0.000103179048609173 4.335632450804e-05)
(-3.73198906627736e-06 -6.46399398081249e-06 6.76998024273276e-06)
(3.6428774428041e-08 6.30991352383203e-08 -1.96215372412295e-08)
(6.52864221368323e-09 1.13096990032747e-08 -1.15620329469272e-08)
(8.02896878540095e-11 1.40381565481147e-10 -2.09337960916023e-10)
(-8.9085203394761e-13 -9.74096555680211e-13 -3.27959011171022e-14)
(-1.00323966193051e-12 -1.19159004606333e-12 1.37498910813989e-13)
(-8.81899090901299e-13 -8.94342776636934e-13 2.00721493659141e-13)
(-1.05415087637706e-12 -1.26651127232584e-12 4.421355452508e-13)
(-1.02417167538321e-12 -1.33692176074545e-12 1.74380215426872e-13)
(-9.45420551524158e-13 -1.04674288910731e-12 9.96258957864761e-16)
(-5.92261440634071e-13 -5.97703779801051e-13 7.97831795809865e-13)
(-8.93902494709878e-13 -1.09696612316111e-12 1.25241538530737e-12)
(-8.33935280356e-13 -1.04427185549819e-12 -6.41102150615255e-14)
(-0.00554093523900652 -0.00959718194013348 0.00439673783219323)
(-0.00157591818840716 -0.0027295705373219 0.0022512710326263)
(-2.19154931670471e-05 -3.79587492208554e-05 6.68136074250503e-05)
(2.05742737420545e-07 3.56358417499885e-07 -1.69778052979654e-07)
(3.65792943810022e-08 6.33585419879235e-08 -7.97470599585169e-08)
(5.18164368935266e-10 8.98877550744045e-10 -1.83133214567868e-09)
(-1.10954288267199e-12 -9.82680667378985e-13 -1.39100979814766e-12)
(-1.21263547004682e-12 -1.14343958401282e-12 1.90169312676815e-13)
(-1.40252296902668e-12 -1.48516375792288e-12 5.14852702280809e-14)
(-1.45810669496487e-12 -1.62657854140777e-12 1.76308526629995e-13)
(-1.63738613119854e-12 -2.08191920499977e-12 2.13376763389302e-13)
(-1.48870077549045e-12 -1.61172235348242e-12 2.53795130393446e-13)
(-1.24397493272245e-12 -1.35232456684343e-12 8.98520044454566e-13)
(-1.56394084846326e-12 -1.78955061877858e-12 1.42265861202946e-12)
(-1.51044728557914e-12 -1.7062116873642e-12 1.03274611423002e-13)
(-0.147458946266546 -0.2554064047624 0.235276827663417)
(-0.00602356606238366 -0.0104331232020235 0.0203300680326531)
(-1.02820542256753e-05 -1.78090412895084e-05 0.000107420350527472)
(6.76587907385247e-07 1.17188582656499e-06 -1.06760776691512e-06)
(7.01459899562224e-08 1.21497401273147e-07 -2.6148038016644e-07)
(4.74761450506301e-10 8.23447353550624e-10 -4.18414695708037e-09)
(-7.65843496774289e-13 -1.74100821788182e-13 -3.01794451010494e-12)
(-9.34204458902098e-13 -7.50661717754581e-13 -6.08410701079788e-14)
(-9.48401301485693e-13 -8.03543019108811e-13 8.36337711433562e-14)
(-9.02174797649773e-13 -5.99943268182354e-13 2.16451894109929e-13)
(-9.57964664567383e-13 -3.6255197137925e-13 2.47344397240532e-13)
(-9.9013884282364e-13 -4.48598372212521e-13 3.55765324915897e-13)
(-8.42074268409237e-13 -7.87968008149836e-13 7.40187442532798e-13)
(-1.08366237672459e-12 -1.18987376165173e-12 9.3046159454635e-13)
(-1.2388225162903e-12 -1.22779117895875e-12 5.92091926572711e-13)
(1.53279059659144e-06 8.81907743458702e-14 3.10984428494807e-07)
(1.89182645310338e-07 1.02707572572997e-13 -1.13820035972333e-06)
(4.17313366140203e-08 1.0992482964515e-13 -1.71197754931577e-07)
(6.52105720735853e-09 6.78970243236319e-14 -7.00661178732261e-09)
(3.99114064756732e-10 -1.77645699498915e-13 -2.25300884782463e-10)
(2.94867921802038e-12 1.61060476650457e-13 -1.54678634736449e-12)
(-6.75320214738154e-14 1.48668665803188e-13 2.61376194164141e-13)
(-6.34015287629417e-14 -1.07034623282194e-14 1.94916624581713e-13)
(-4.24904627902346e-14 8.40663276348672e-14 8.32021917801734e-14)
(-1.41797304841693e-14 6.2481401453387e-14 -3.87454739680131e-14)
(-1.92508718996468e-14 -1.02302166374645e-14 -1.29078542488905e-13)
(-5.8002550195435e-14 -2.85804560994906e-14 -4.47526964943584e-13)
(-1.67866783204573e-14 -3.20667808678422e-15 2.65761026381282e-13)
(5.6128686873343e-14 -2.48391280810142e-13 7.46792112595571e-13)
(4.30228522097351e-14 -1.42197005666352e-13 -2.93098191468956e-13)
(-0.000159646189277278 -2.55609989683298e-14 2.60023642310722e-05)
(-0.00011914090711341 1.30632968934606e-14 4.33563270747064e-05)
(-7.46398030367085e-06 9.40708837508041e-14 6.76998157103364e-06)
(7.28551605678912e-08 9.4702207023577e-14 -1.96227043610939e-08)
(1.30550902763975e-08 -2.09296518337047e-13 -1.15609289342442e-08)
(1.58817716527719e-10 1.28988034427952e-13 -2.0937995340592e-10)
(-4.11974344722053e-12 1.00799978693325e-13 5.32895539976485e-14)
(-4.36799812958319e-12 5.31546229793691e-14 1.58553828102824e-13)
(-4.28707159338646e-12 4.54923549918754e-14 8.42669641282172e-14)
(-4.23214998553666e-12 6.58560723634837e-14 3.90340958042394e-14)
(-4.04578258893097e-12 1.99773810788328e-15 -4.02025644221347e-14)
(-4.00235065348856e-12 -5.76823611593676e-14 -2.32669028804171e-13)
(-3.32642152211142e-12 -6.86741236895261e-14 3.39513384174235e-13)
(-3.44676096114971e-12 -1.58529988561119e-13 7.94449653515912e-13)
(-2.83983744079005e-12 -1.15605684679432e-13 -4.31753181206136e-13)
(-0.0110818716063028 -6.2681593531815e-13 0.00439673792405224)
(-0.00315183668255624 -1.41948542995162e-13 0.00225127116549887)
(-4.38309908774291e-05 1.61889264866526e-13 6.68136142790626e-05)
(4.11485440958788e-07 1.583375210383e-14 -1.6977777281314e-07)
(7.31583284348586e-08 -1.86123403454927e-13 -7.97461135340074e-08)
(1.03434576421918e-09 1.42931194124377e-13 -1.8314240883521e-09)
(-4.3031502426027e-12 7.41727200200991e-14 -1.60495295700185e-12)
(-4.94224545832121e-12 9.57453825449896e-14 1.00734873956213e-13)
(-4.86311461343247e-12 1.02124638518781e-13 1.68513222614022e-13)
(-4.87597070844017e-12 1.21170192467175e-13 1.44198379358364e-13)
(-4.67370602541618e-12 5.76040328914432e-14 1.37410592873846e-13)
(-4.64410687725568e-12 -2.2489948581799e-14 1.57614971117387e-13)
(-4.11736716288075e-12 -1.17205440142604e-13 5.90479174538975e-13)
(-4.19423886387789e-12 -2.12308099178183e-13 1.12541530866944e-12)
(-3.85190172456087e-12 -2.78423910102012e-13 -2.75980729837954e-14)
(-0.294917939220685 -7.77427202959933e-12 0.235276841086542)
(-0.0120471337480271 -5.88252126856022e-13 0.0203300697440395)
(-2.05641115122581e-05 3.01712850363672e-13 0.000107420363516987)
(1.35317525301874e-06 -2.29891681966678e-14 -1.06760844950513e-06)
(1.40291604818615e-07 -1.13235543950486e-13 -2.61480333731004e-07)
(9.48718904663827e-10 1.16266388052054e-13 -4.18420410334552e-09)
(-2.22646304682975e-12 4.93428020645144e-14 -3.13498391490576e-12)
(-2.62348563367864e-12 6.39030083566247e-14 8.10022921813884e-14)
(-2.77547001302427e-12 1.15141788443962e-13 9.12390103567804e-14)
(-2.71204671020845e-12 1.75428243468193e-13 1.73598290024985e-13)
(-2.43668548865569e-12 7.81123010874064e-14 1.69125225580615e-13)
(-2.45425165872266e-12 -1.38968677657667e-14 1.56331369161836e-13)
(-2.38573636321204e-12 -8.42454406514639e-14 5.09316128706891e-13)
(-2.45537349874958e-12 -5.64689193860717e-14 8.89710398824536e-13)
(-2.69699594951495e-12 -1.49392061229646e-13 4.81927863498065e-13)
(7.663957942371e-07 -1.32743721138316e-06 3.10984800312565e-07)
(9.45916032227401e-08 -1.63838089476839e-07 -1.13820146017733e-06)
(2.08655942282951e-08 -3.61411525944682e-08 -1.71199669054565e-07)
(3.25951065199275e-09 -5.64704721951788e-09 -7.00843156300616e-09)
(1.98891033746842e-10 -3.4548771666257e-10 -2.25187743413857e-10)
(7.32222309061868e-13 -2.24119118653484e-12 -1.67115402076078e-12)
(-4.9670911267712e-13 1.75332532959139e-13 -1.70289059408621e-13)
(-4.21647442018787e-13 2.26115051955045e-13 -7.76490964648272e-14)
(-6.33980312055603e-13 3.23212984003766e-13 1.79147439782264e-13)
(-5.11594182756114e-13 2.52704306471678e-14 4.29975338196214e-13)
(-4.25457632923107e-13 -2.68138786284585e-13 -3.2206522867487e-15)
(-5.1139411271257e-13 1.70526836353813e-14 -3.56180954081517e-13)
(-6.14566506591037e-13 2.9873547400509e-13 8.2410965370255e-13)
(-2.40948432083213e-13 -2.31123410024145e-13 1.38371017960726e-12)
(-2.8215726093924e-13 -2.77593988697517e-13 -6.23803718428332e-14)
(-7.98230862189342e-05 0.000138257648580282 2.60023657713221e-05)
(-5.95704485076245e-05 0.000103179048854261 4.33563246179125e-05)
(-3.73198914049297e-06 6.46399396797868e-06 6.7699803522551e-06)
(3.64285180462835e-08 -6.3098544620088e-08 -1.96223923983736e-08)
(6.52866833028742e-09 -1.13094173689462e-08 -1.15612641883956e-08)
(8.0541291727759e-11 -1.4046699907525e-10 -2.09282217130964e-10)
(-9.76257485727194e-13 1.1072869716588e-12 -1.45011566808666e-13)
(-8.84470229324635e-13 1.0724606812882e-12 -2.52559718658104e-14)
(-9.77502639096614e-13 9.81107535380749e-13 1.00955409845181e-13)
(-1.11823448613816e-12 1.20485568157486e-12 3.52794595484134e-13)
(-1.08331887830029e-12 1.2177610192821e-12 8.60042160183586e-15)
(-1.01303872257878e-12 1.04606707133632e-12 -2.62358462570244e-13)
(-7.84107337060254e-13 7.6379562481423e-13 7.27480906063241e-13)
(-8.75434075415053e-13 1.02100365238507e-12 1.19666160972729e-12)
(-1.03752202295432e-12 1.11572717934469e-12 -5.66315406974107e-14)
(-0.00554093523401633 0.00959718192589054 0.00439673783005329)
(-0.0015759181872806 0.00272957053396494 0.0022512710298898)
(-2.19154932240974e-05 3.7958749004296e-05 6.68136071586247e-05)
(2.05742767502028e-07 -3.5635822888504e-07 -1.69778463682679e-07)
(3.65796999442435e-08 -6.33588131714289e-08 -7.97463107907894e-08)
(5.1834729556051e-10 -8.98708835461228e-10 -1.8314306477291e-09)
(-1.08994096857985e-12 8.55898410208374e-13 -1.54459811025261e-12)
(-1.47961887073253e-12 1.53949510527187e-12 9.58236051995846e-14)
(-1.39960834882658e-12 1.36174395842298e-12 -9.13858695321566e-15)
(-1.55475555548546e-12 1.56962436391569e-12 6.10764265518256e-14)
(-1.62375246838299e-12 1.89386127228025e-12 6.04236719978499e-14)
(-1.36661153284694e-12 1.24385609012894e-12 2.68922742217384e-14)
(-1.12041851578433e-12 9.77552572886702e-13 7.12844616124342e-13)
(-1.28132066478847e-12 1.53826554107643e-12 1.22080684511473e-12)
(-1.27527878085884e-12 1.50122280497315e-12 2.32437115253419e-13)
(-0.147458946049989 0.255406404264479 0.235276827412834)
(-0.00602356606150127 0.010433123193217 0.02033006801295)
(-1.02820546946761e-05 1.78090416178573e-05 0.000107420350020586)
(6.76587929694673e-07 -1.17188573039516e-06 -1.0676080593527e-06)
(7.01462210852749e-08 -1.21497462426032e-07 -2.61479949107492e-07)
(4.74819138253766e-10 -8.23252022681608e-10 -4.18416232977338e-09)
(-7.02238003180731e-13 2.22986267368367e-13 -3.09185125378603e-12)
(-1.00777341224574e-12 7.9231827832718e-13 -2.96641976418725e-14)
(-1.11673580158798e-12 8.4736862021148e-13 1.51364799086701e-13)
(-1.09687485080129e-12 6.20005638239963e-13 2.31686741565345e-13)
(-1.06860130180786e-12 4.2546008462992e-13 7.70707772545796e-14)
(-9.49100239720608e-13 4.21836887320804e-13 1.69643305919594e-13)
(-7.49707090476247e-13 4.99963116009328e-13 6.23110652496057e-13)
(-9.30357961120834e-13 8.19824944469603e-13 8.40089239466243e-13)
(-9.38333611660152e-13 6.91145983969838e-13 7.13086651756989e-13)
(0.365604423206186 0.633245510755241 2.94857961023166)
(0.000615934603520572 0.00106683017796512 0.0117058207147441)
(-1.07390248650032e-05 -1.86005377396075e-05 7.99254901752126e-06)
(-1.3581054912097e-06 -2.35230875980916e-06 -3.31878118058812e-06)
(-5.18591379800619e-08 -8.98240017363019e-08 -3.92196683729759e-07)
(-1.055758849855e-10 -1.83691841372385e-10 -3.06174614682802e-09)
(3.72381587526847e-13 -1.5133567562321e-13 -1.24220371879996e-12)
(4.93990963558988e-13 -2.24622641834195e-13 -7.05503226664166e-14)
(3.13742207882261e-13 -3.32648904644446e-13 -5.55505026583156e-14)
(1.57526116954459e-13 -5.66206845908194e-13 8.58351901708449e-14)
(-4.47921735753158e-14 -8.56895543740745e-13 2.08820151491986e-13)
(1.08810031216151e-13 -7.73129043088251e-13 3.91040603545581e-13)
(3.25686379537172e-13 -1.07483243832454e-13 6.49880268282027e-13)
(1.16610231251133e-13 -2.57963825640002e-13 8.28149264105176e-13)
(2.87854359316181e-13 1.44115985345377e-13 4.53936672248903e-13)
(0.0488006264787983 0.0845252366347871 3.47390126136077)
(0.000467706102281835 0.000810091056479458 0.0131298815086293)
(-4.41104850258587e-06 -7.64016466253911e-06 -1.39776960670642e-05)
(-1.31465599668388e-06 -2.2770527183815e-06 -6.02152267919157e-06)
(-5.94883144780181e-08 -1.0303836968556e-07 -5.34384265937662e-07)
(-2.26303605413351e-10 -3.92774774353669e-10 -3.39586553650369e-09)
(1.39851167323649e-13 -2.21385413885598e-13 -1.17096192960006e-12)
(2.89267881306261e-13 -2.255346620063e-13 -9.29826267363294e-14)
(3.37589647240854e-14 -1.96064662309542e-13 -3.59717048619631e-14)
(-1.70925293438384e-13 -7.66135545597584e-13 2.08249924496473e-13)
(-2.56044804092959e-13 -1.1568399359762e-12 3.24273329823907e-13)
(3.25649194302445e-13 -5.03005984100782e-13 2.21364787445751e-13)
(2.11355656962644e-13 -3.99464605543442e-13 5.17046597506803e-13)
(1.30450596201963e-13 -7.60728712386489e-13 7.79359384811781e-13)
(4.25023830762258e-13 -3.22002218768011e-13 4.38161086891015e-13)
(-0.00177578817545119 -0.00307570739556937 3.50532193566289)
(4.50266134602181e-05 7.79887096158009e-05 0.0137610469386398)
(-1.952046280302e-06 -3.38105424170015e-06 -1.86540728369154e-05)
(-6.03175506348794e-07 -1.04473414442325e-06 -7.65032986374636e-06)
(-3.00326507431198e-08 -5.2019421850418e-08 -6.67545740574779e-07)
(-1.51535106022248e-10 -2.62899432308844e-10 -4.22022039112546e-09)
(2.66836098675051e-13 -2.99696475009684e-13 -1.42168012915772e-12)
(2.07152986271116e-13 3.88314922821965e-14 -5.87308741822252e-14)
(5.77833321349991e-14 -3.79576179847679e-13 6.52430753429118e-14)
(-1.87678498274912e-13 -8.41147824983833e-13 2.83291017395855e-13)
(-1.18479424847449e-13 -6.5009842293222e-13 2.0412058463223e-13)
(2.35658016991929e-13 -5.45106910394934e-13 1.44293773911588e-13)
(2.49728684495559e-13 -6.07405115535154e-13 5.99739885660032e-13)
(-6.98813466779803e-14 -9.1597004776939e-13 8.84576896585584e-13)
(1.3351756767854e-13 -6.66342492471626e-13 2.7092355304486e-13)
(0.73120889271362 -1.65422627600881e-10 2.94857976307791)
(0.0012318693100871 -1.25721870005158e-12 0.0117058213657472)
(-2.14780521285467e-05 -3.03104634673353e-13 7.99254913230732e-06)
(-2.71621154381553e-06 1.76417362925363e-14 -3.31878141303845e-06)
(-1.03718393945821e-07 1.75601173319456e-13 -3.92196873431915e-07)
(-2.11213908354893e-10 1.05576900339479e-13 -3.06159005863603e-09)
(9.10928228565511e-13 8.19654413825907e-14 -1.2136697813962e-12)
(3.32389714322171e-13 -5.34912219684189e-14 -1.79110260396844e-14)
(6.03272466161484e-13 -8.26987845183151e-14 5.75586203154626e-14)
(5.04893172818921e-13 -1.36599472993903e-13 1.78147156017701e-13)
(6.08102828480958e-14 -1.55940987724405e-13 2.15737527769797e-13)
(2.95349717961717e-13 -9.95524731850774e-14 1.90692525089064e-13)
(2.50066439315535e-13 -3.87995425109419e-14 5.81161387938462e-13)
(-1.70439680663454e-14 -1.39193154303866e-13 8.64681438800375e-13)
(2.28645501890134e-13 -1.18398651217291e-13 2.78237726336002e-13)
(0.0976012567078989 -4.75767792037204e-10 3.473901417328)
(0.000935412254506128 -7.49447282426988e-13 0.0131298824012909)
(-8.82209838345117e-06 -3.57223978185417e-13 -1.39776981200364e-05)
(-2.62931374042957e-06 9.4111075803888e-14 -6.02152354885744e-06)
(-1.18976515650684e-07 1.44313179615161e-13 -5.34384610007421e-07)
(-4.52624248271093e-10 8.31326265909782e-14 -3.39585557531547e-09)
(-1.12926805773235e-14 1.25667648341741e-13 -1.04898674170033e-12)
(5.77588478077483e-13 -8.05384502207351e-14 -8.36680004095459e-14)
(1.89714337605905e-13 1.58138311989973e-14 -7.50026875054538e-15)
(2.58594497846906e-14 -2.46731293842838e-13 3.70928160642039e-13)
(2.88125656012678e-13 -4.05646646110279e-13 2.57913332609166e-13)
(3.0299575016258e-13 1.38629870717511e-14 1.12374419914602e-13)
(3.10863529319776e-13 -1.51798542013063e-13 6.38227359418251e-13)
(2.73225218565143e-13 -4.35117791840762e-13 8.5441317577092e-13)
(6.48801732525624e-13 -2.05306209782028e-13 2.58857689314879e-13)
(-0.0035516276469285 -1.7510554717277e-09 3.50532191260088)
(9.00532390126271e-05 -2.79400185798773e-12 0.0137610475334628)
(-3.90409665949104e-06 2.25580002772184e-13 -1.86540802994361e-05)
(-1.20635227246884e-06 1.97392919423116e-13 -7.65033160023338e-06)
(-6.00657081420814e-08 2.11305767288724e-14 -6.67545902535535e-07)
(-3.03543775603664e-10 -4.16579622243717e-14 -4.2202147429219e-09)
(1.64254007747668e-13 1.25968449870843e-13 -1.42789445326834e-12)
(5.9492346314404e-13 3.84247014640679e-14 -4.21614395634528e-14)
(1.0526323464938e-13 -1.10383446169658e-13 8.70605398018064e-14)
(-6.25478628671111e-14 -2.92790504592835e-13 2.87919467703904e-13)
(4.29818239314943e-13 -3.21518141700633e-13 2.23339438742185e-13)
(4.61719945742743e-13 -3.03301958272336e-14 1.56850437261782e-13)
(5.22496951955727e-13 -1.78417512112347e-13 6.20619642797988e-13)
(3.08205339636271e-13 -3.75498286192158e-13 8.54610402420181e-13)
(3.76082517572612e-13 -1.14009835608478e-13 2.33899643560418e-13)
(0.365604422215767 -0.633245510142865 2.94857960273174)
(0.000615934603470824 -0.00106683017807029 0.0117058206827411)
(-1.07390240306308e-05 1.86005371456755e-05 7.99254901325483e-06)
(-1.35810561604736e-06 2.352308771635e-06 -3.31878122806586e-06)
(-5.18598409642036e-08 8.98244308741015e-08 -3.92196628327038e-07)
(-1.05502552132763e-10 1.83913047245324e-10 -3.0618049099864e-09)
(3.71489513356627e-13 3.74767949895094e-13 -1.05487197876785e-12)
(5.01909847074771e-13 2.34377273745046e-13 -2.75663519926747e-14)
(4.9400977063243e-13 1.37967299122088e-13 2.57163930667603e-14)
(3.29881764270416e-13 4.2760643322815e-13 2.2907005800194e-13)
(3.96023323906913e-14 8.91799126356867e-13 1.39975366639807e-13)
(2.23086534234102e-13 5.92099957920153e-13 2.32628373322736e-13)
(3.09545675974302e-13 1.63364169549416e-13 6.5955491448299e-13)
(-1.50101868059739e-13 4.59135280982915e-13 8.17926014265215e-13)
(-8.50644453679673e-14 7.87458580506275e-14 3.27906947860079e-13)
(0.0488006261561574 -0.0845252385401373 3.47390125224475)
(0.000467706098109981 -0.000810091058797055 0.0131298814587439)
(-4.41104736177324e-06 7.64016476921645e-06 -1.39776954389986e-05)
(-1.31465625301194e-06 2.27705282536566e-06 -6.02152247537022e-06)
(-5.94889888101323e-08 1.03038593629203e-07 -5.34384329103279e-07)
(-2.26161317038574e-10 3.92854060838991e-10 -3.39601726531109e-09)
(5.45172205374273e-14 6.15607051720039e-13 -1.03898495571457e-12)
(5.7531724933971e-13 1.99468176993874e-13 -7.45810703528471e-14)
(2.74868644609544e-13 3.22718765901643e-13 4.72126892228291e-14)
(3.68822927772756e-13 3.06101466138397e-13 3.82552631256679e-13)
(2.49454507536045e-13 6.4846449011289e-13 1.25155541066917e-13)
(1.49912593663184e-13 5.08336491996121e-13 1.21003145559222e-13)
(4.79673220494547e-13 1.54731228278296e-13 7.76778806133709e-13)
(1.12141587097885e-13 2.69136796344123e-13 7.64321205982763e-13)
(2.133981066226e-13 -4.84383657711598e-14 2.48196968244904e-13)
(-0.00177578257738909 0.00307570276734205 3.50532193722165)
(4.5026612700829e-05 -7.79887369666745e-05 0.0137610468865754)
(-1.95204716647647e-06 3.38105524035351e-06 -1.86540724582288e-05)
(-6.03175868761828e-07 1.04473418438015e-06 -7.65032979620124e-06)
(-3.00331274113259e-08 5.20195582015474e-08 -6.67545884399117e-07)
(-1.51447756605506e-10 2.62995287175321e-10 -4.22030871108253e-09)
(1.46943870525207e-13 6.19831180133157e-13 -1.40729641561836e-12)
(4.48171608060036e-13 9.90361099336329e-14 -1.39267607826496e-14)
(1.26228031569269e-13 4.81024385492833e-13 1.46416373986357e-13)
(3.39306068505451e-13 3.89075072519319e-13 3.07760145158339e-13)
(2.40029352294495e-13 -1.07345828526955e-13 1.50656500442124e-13)
(2.41550689534442e-13 5.9291803300533e-13 1.39848093038097e-13)
(6.3565150004741e-13 2.67977167075832e-13 7.1415596582102e-13)
(1.95039529955036e-13 -1.93158531793045e-13 8.49778309839547e-13)
(1.57519136843977e-13 2.13783522887312e-13 2.29245453113716e-13)
(-0.365604424553277 -0.633245531425191 2.94857958615305)
(-0.000615934653693143 -0.00106683027368539 0.0117058203221368)
(1.07390246047008e-05 1.86005376755659e-05 7.99254892999503e-06)
(1.35810583947278e-06 2.35230898593247e-06 -3.31878071191593e-06)
(5.18593261725259e-08 8.98239746298983e-08 -3.92197083513675e-07)
(1.05958656920413e-10 1.84176993399585e-10 -3.06154483793611e-09)
(-1.02893785319524e-13 6.23737794430975e-13 -1.23824175038024e-12)
(-1.19809144162503e-13 4.82451381677486e-13 -1.20723180673282e-14)
(-1.12287884646746e-13 4.86242648823792e-13 7.88711349142258e-14)
(-1.07750812014025e-13 6.08895406456366e-13 2.28268539736235e-13)
(1.28473714444931e-13 1.03800623870326e-12 2.64841604942732e-13)
(-1.0371284074253e-13 7.30882162688158e-13 2.89790118928426e-13)
(-3.32383227905584e-13 4.10671567893378e-14 7.10714070729069e-13)
(-1.5878082959996e-13 1.93447393615317e-13 1.04807213870098e-12)
(-4.77674901368685e-13 -2.46914239962723e-13 3.7287584515265e-13)
(-0.0488006365128951 -0.0845252960383442 3.4739012761617)
(-0.00046770614799101 -0.000810091326490889 0.0131298812090043)
(4.41105010956649e-06 7.640168298334e-06 -1.3977695814913e-05)
(1.31465668587838e-06 2.27705392715797e-06 -6.02152236995202e-06)
(5.94882831917186e-08 1.03038028677266e-07 -5.34384631494074e-07)
(2.26707250335532e-10 3.93268284447717e-10 -3.39577684978213e-09)
(-2.90741387407226e-14 5.56025693730003e-13 -1.22213036093198e-12)
(-1.34340655591069e-13 5.48449034134981e-13 -7.96435358571145e-14)
(-6.98263578560559e-14 5.14160332178791e-13 4.67813767549108e-14)
(1.93544985054589e-13 8.12541850528357e-13 3.7180944358246e-13)
(1.28413110299392e-13 8.87082266455862e-13 3.13133397773651e-13)
(-2.28621941982564e-13 4.30445718478093e-13 1.26541090678305e-13)
(3.21007642601753e-14 3.39712178775289e-13 6.47887264491957e-13)
(-2.70984366375259e-14 3.25468514800762e-13 9.17284827095103e-13)
(-7.30760940824652e-13 -4.20883782499551e-13 3.22800125898754e-13)
(0.00177583534183691 0.00307571330898122 3.50532198791625)
(-4.50264892762349e-05 -7.7988974068535e-05 0.0137610469713598)
(1.95204786046338e-06 3.38105340091707e-06 -1.86540730536172e-05)
(6.03175478310784e-07 1.04473375400986e-06 -7.65033008623782e-06)
(3.00325927878608e-08 5.20191431573013e-08 -6.67545933836274e-07)
(1.51829723124985e-10 2.63267000277718e-10 -4.22026501088024e-09)
(-7.2325972944795e-14 4.19729034096452e-13 -1.47937331893278e-12)
(-1.90123212002757e-13 3.48017536736017e-13 -1.83012892289845e-14)
(3.40066400469105e-14 5.69716756972727e-13 1.36450839206581e-13)
(2.96172973642007e-13 7.63379265481229e-13 3.03737684872505e-13)
(-1.0377223730215e-13 2.56352711170915e-13 1.92295265299956e-13)
(-2.26293737944226e-13 4.47500748859871e-13 1.30017987848368e-13)
(1.40783740543639e-14 5.69648302969601e-13 6.77549074068063e-13)
(-1.83500620577939e-13 2.09721304564952e-13 8.85841467480633e-13)
(-4.78339325243812e-13 7.06910005244966e-14 2.82754301536388e-13)
(-0.731208901024149 6.73803453049675e-11 2.94857983033687)
(-0.00123186926997201 -1.12226320506668e-13 0.0117058218646182)
(2.14780518383559e-05 3.95337655929322e-13 7.99254920641891e-06)
(2.71621147432815e-06 -8.71035233302017e-14 -3.31878170483967e-06)
(1.0371869061512e-07 -2.53443604701701e-13 -3.92197091096035e-07)
(2.11209243207026e-10 1.21860292544965e-13 -3.06162995747548e-09)
(-6.03350424752422e-13 4.3213221579387e-14 -1.15673802354867e-12)
(-2.17421038844968e-13 4.14455326462972e-14 1.63121251965102e-14)
(-5.27079951041064e-13 7.87116190128309e-14 1.09021037552164e-13)
(-5.51509731892031e-13 1.72314113787258e-13 1.7953711851843e-13)
(4.01392389149651e-14 5.93382791677846e-14 1.98102772757701e-13)
(-2.66909861668743e-13 3.28587384489195e-14 1.88367937339371e-13)
(-3.8224767014845e-13 -9.50440099762375e-14 5.66268397614646e-13)
(-1.05169782443078e-13 -7.35900301387023e-14 9.4145283506567e-13)
(-6.93167443218355e-13 -1.4028678071748e-13 3.90812415222135e-13)
(-0.0976012326167436 3.48101182237437e-10 3.47390148700519)
(-0.000935412192701855 1.6470795099794e-13 0.013129882952194)
(8.82209652615216e-06 6.38620370332338e-13 -1.3977698572996e-05)
(2.62931288167704e-06 -1.72804348928343e-13 -6.02152365397826e-06)
(1.18976632560872e-07 -3.62030220036259e-13 -5.34384768729586e-07)
(4.52846805798915e-10 1.60208580962026e-13 -3.39580951691778e-09)
(1.22454672301123e-13 5.02479184448951e-14 -1.0390654522454e-12)
(-4.45352504038805e-13 2.05403145378702e-13 -5.4280704926536e-14)
(-8.14916391764277e-14 3.17381352345479e-13 2.05354694409972e-14)
(-8.04387133459809e-14 2.65243599449539e-13 3.89443133917258e-13)
(-1.57869167600705e-13 1.12827714113085e-13 2.52467321319945e-13)
(-2.98060392648394e-13 -1.15461207726224e-13 6.78086782659687e-14)
(-1.99497587586252e-13 6.27231260086963e-14 6.59660805315779e-13)
(-3.19292212516411e-13 -2.03746028969895e-13 9.35771250649571e-13)
(-1.00456794821624e-12 -1.2439144683018e-13 3.24426571121867e-13)
(0.00355165071363747 1.086214043704e-09 3.50532192781891)
(-9.00531126314498e-05 -2.75453578705897e-12 0.0137610478806996)
(3.90409717386395e-06 -1.21968160438513e-13 -1.86540792246441e-05)
(1.20635151344688e-06 -4.0668573185126e-13 -7.65033106383196e-06)
(6.00660259072819e-08 -3.15461131721298e-13 -6.67545994353331e-07)
(3.03800171581284e-10 1.97604452245152e-13 -4.22014421265166e-09)
(-2.48824977400895e-14 -1.28742001912892e-14 -1.38519433606967e-12)
(-5.58232308586173e-13 2.86378230840633e-13 2.15104114958284e-15)
(-1.9891558101619e-13 2.19007429789342e-13 9.13180989850281e-14)
(1.12344305111232e-14 2.59660057266702e-13 3.14948964756342e-13)
(-5.06029793014238e-13 8.60957782872054e-14 2.22402784569024e-13)
(-3.76094770597437e-13 -5.40720478795398e-14 9.75716116426706e-14)
(-2.33669998667666e-13 1.19063026012935e-13 6.57233783934527e-13)
(-4.54244571963268e-13 -2.16228012520285e-13 8.81515940719461e-13)
(-7.25421426729108e-13 -6.82120961406119e-14 2.68039459591991e-13)
(-0.365604425144705 0.633245530879763 2.94857958070102)
(-0.00061593465632249 0.00106683027565941 0.0117058203056053)
(1.07390240925364e-05 -1.86005373279091e-05 7.99254879357078e-06)
(1.35810570894971e-06 -2.35230896022046e-06 -3.31878087924198e-06)
(5.18595409375582e-08 -8.98242341339638e-08 -3.9219663910217e-07)
(1.05903094129384e-10 -1.83896239668448e-10 -3.06159365395687e-09)
(-1.45071693580484e-13 -2.68883280430606e-13 -1.25934813697293e-12)
(-1.95684650459107e-13 -5.32789196045646e-13 -1.85119605553357e-14)
(-2.18994457564061e-13 -5.30554236833286e-13 1.20191869611342e-13)
(-3.51798274312934e-13 -4.72493511542397e-13 2.07772829762129e-13)
(-1.15838932422521e-13 -7.79818373605742e-13 1.45654181227248e-13)
(-2.57738873151559e-13 -4.20921825855775e-13 1.70748631135489e-13)
(-7.02651191848244e-14 -4.31050795726745e-13 6.01287584713464e-13)
(-2.3552085401456e-13 -3.34847072215506e-13 9.47710181820306e-13)
(-4.26763822936328e-13 -2.30993662480152e-13 4.79340907443681e-13)
(-0.0488006396214968 0.0845252973124833 3.47390126903447)
(-0.000467706154786204 0.00081009132709397 0.0131298811776374)
(4.41104950400852e-06 -7.64016737942995e-06 -1.39776952957225e-05)
(1.31465700869237e-06 -2.27705415896981e-06 -6.02152230028924e-06)
(5.94886249987442e-08 -1.03038570392389e-07 -5.34384338352935e-07)
(2.26658463865245e-10 -3.92944048382107e-10 -3.39584837059731e-09)
(3.53980217075827e-14 -3.63654967851339e-13 -1.09700363874489e-12)
(-3.23579469416385e-13 -2.55545091797151e-13 1.75596311652427e-14)
(-3.91291611937966e-13 6.25377397666057e-15 5.64895601221811e-14)
(-4.47028693911621e-13 -2.60015411511567e-13 2.41762839533059e-13)
(-3.59827432240259e-13 -7.84794342576302e-13 1.35723147147758e-13)
(-1.10630583760419e-13 -6.07999166811103e-13 1.05639596146397e-13)
(-2.07490866896607e-13 -2.99211493649009e-13 6.01244037645032e-13)
(-4.13379176821467e-13 -6.77613591152916e-13 8.01690120662486e-13)
(-6.31156835529312e-13 -2.56215844032787e-13 4.53266251249382e-13)
(0.00177583340720801 -0.00307571058186635 3.50532198778382)
(-4.5026511944087e-05 7.79889848167215e-05 0.0137610469442743)
(1.95204802683904e-06 -3.38105362565435e-06 -1.86540726753113e-05)
(6.03175952168705e-07 -1.04473418557235e-06 -7.65032992557962e-06)
(3.00329614909973e-08 -5.20196050307513e-08 -6.67545836697619e-07)
(1.51670258052287e-10 -2.62939171120445e-10 -4.22027519969463e-09)
(7.14697575532372e-14 -3.63566909748773e-13 -1.39196360998893e-12)
(-3.09806904615167e-13 2.21510486805653e-13 -7.25600535189249e-15)
(-3.66761168018903e-13 -1.20997617808947e-13 9.23766879108319e-14)
(-2.84204671603837e-13 -4.05645715294605e-13 2.85116477602683e-13)
(-4.3587874924808e-13 -4.00555666326625e-13 1.43860360666e-13)
(-1.94925240952543e-13 -7.00095328246451e-13 1.04126090250601e-13)
(-2.80572415646534e-13 -3.77487152040207e-13 6.24299366508798e-13)
(-2.96464192001875e-13 -9.27079615520589e-13 8.66092213857527e-13)
(-2.90810227319929e-13 -4.48387528695014e-13 3.31090846175392e-13)
)
;

boundaryField
{
    inlet
    {
        type            zeroGradient;
    }
    outlet
    {
        type            freestreamVelocity;
        freestreamValue uniform (0 0 0);
        value           nonuniform List<vector> 
156
(
(-6.52454222348979e-09 -1.13008444627898e-08 2.64750201691267e-09)
(-3.60309613080571e-08 -6.2407667863549e-08 -4.33552678985993e-07)
(-7.24702918043165e-09 -1.2552492391406e-08 -5.94609109895534e-08)
(-5.14380139248038e-10 -8.91179051702426e-10 -1.10590501143495e-09)
(-1.28768109521961e-11 -2.24004913624786e-11 -1.46210611002823e-11)
(-1.28233354659183e-13 -3.37558330006206e-13 -3.07185800933959e-13)
(5.87950838241829e-13 4.3024072492083e-13 3.35282283789474e-14)
(5.53896225268781e-13 1.88954248181889e-13 -7.28242210490271e-14)
(6.47013217849092e-13 4.6706808665468e-13 -2.53417913972742e-13)
(5.52164551863729e-13 3.88438868638732e-13 1.57389965149521e-13)
(3.00543983514219e-13 1.30832322216225e-14 7.19976603985433e-14)
(4.57507671166492e-13 2.46231312964758e-13 4.09170360951128e-14)
(3.11771408257975e-13 1.23274567726304e-13 7.65957393670439e-13)
(1.33924374903878e-13 -1.50989628048742e-13 6.40058680970747e-13)
(5.5175949925353e-14 -8.80793279433411e-14 -3.50587852944835e-14)
(-1.30490620989727e-08 -1.85155992607198e-15 2.64749525609245e-09)
(-7.20617280453222e-08 -2.66999196167988e-14 -4.33552558209575e-07)
(-1.44941504451009e-08 -1.82016692797032e-14 -5.94602967948744e-08)
(-1.02873905873488e-09 9.77484335247217e-15 -1.10533393915581e-09)
(-2.57246738241534e-11 1.42101380896582e-14 -1.45171466362058e-11)
(-1.66215356205212e-13 1.60768718538819e-15 -9.08309770292088e-14)
(3.95914412549885e-14 -4.14531683645951e-14 1.22827234690552e-13)
(2.82207483019714e-14 6.17372698610892e-14 5.91213728537684e-14)
(1.78553150058228e-14 -4.80951429812368e-14 1.05640148658788e-14)
(4.22098211749694e-14 -1.22207524667366e-13 -6.20528369386005e-14)
(2.54883037944774e-14 -1.21072225929306e-13 -9.36547159025533e-14)
(4.0284307164174e-14 -8.55796676847756e-14 -3.03748752920848e-13)
(4.79958202368259e-15 -9.76712263410155e-14 1.01471822696441e-13)
(-3.51427402003271e-14 -5.26294818904397e-15 3.46783445011634e-13)
(-2.27879818977493e-14 -4.77504255357386e-14 -1.09739353595317e-13)
(-6.52452592510792e-09 1.13008178238465e-08 2.64749274876902e-09)
(-3.60308763784944e-08 6.2407632689948e-08 -4.33552590561508e-07)
(-7.24701405389594e-09 1.25525414898945e-08 -5.94609581774567e-08)
(-5.14428100301181e-10 8.9128774978828e-10 -1.1061384209404e-09)
(-1.28335170896118e-11 2.23023768142055e-11 -1.45330468795995e-11)
(-6.50320125951176e-14 2.68159747587291e-13 -2.03367810331723e-13)
(4.82938748192252e-13 -1.24068497162092e-13 -3.28539228777256e-14)
(3.67465135778707e-13 -5.02243656671044e-14 -4.12323462784244e-14)
(5.39498826346425e-13 -2.21935653239122e-13 1.41932288072938e-13)
(2.65184818265625e-13 8.4404621462412e-15 3.04840831969511e-13)
(1.20141968386966e-13 1.06036950356343e-13 2.19282823287802e-14)
(2.19921881398682e-13 6.96899320114844e-14 -8.71916947386239e-14)
(1.63606489105692e-13 9.87073891511153e-14 4.56450195812911e-13)
(8.67990342869194e-14 8.19685289636295e-14 6.78722726450222e-13)
(6.30849149637017e-14 7.17790244044977e-14 -4.44647212435079e-14)
(6.52453741321555e-09 1.13008329578356e-08 2.64749811153383e-09)
(3.60309834797351e-08 6.24077066299089e-08 -4.33552699286729e-07)
(7.2470517963485e-09 1.25525035709432e-08 -5.94610273003024e-08)
(5.14379168893426e-10 8.91182566113253e-10 -1.10590255675119e-09)
(1.28819962120248e-11 2.23955338232565e-11 -1.46202940563938e-11)
(1.07890710635191e-13 3.55645735919981e-13 -3.89835627491072e-13)
(-5.94786597631435e-13 -4.99593299677817e-13 2.00274264981633e-13)
(-6.43428889429998e-13 -4.10357266687477e-13 5.51647381323889e-14)
(-6.18664333779655e-13 -4.27677236572827e-13 1.00052390207154e-13)
(-3.6804292326015e-13 -1.33852375884058e-13 5.14852068630937e-13)
(-1.34238313160111e-13 1.03406837311197e-13 5.91761340345367e-14)
(-2.00058310000686e-13 6.53209624332752e-14 -2.03337118856265e-13)
(-2.04019526254551e-13 -5.6759790648002e-14 5.69148518212911e-13)
(-1.14103334980845e-13 1.44494290937745e-13 7.37759629330143e-13)
(-6.69271690967725e-14 8.58721241163032e-14 -3.35734928711798e-14)
(1.30490572536064e-08 7.50791703862398e-16 2.64749380732956e-09)
(7.20616849855882e-08 3.91224085499418e-14 -4.33552642412405e-07)
(1.44941054305313e-08 3.81790328224168e-14 -5.94603123403166e-08)
(1.0287470403533e-09 1.07112789538041e-14 -1.10534701811524e-09)
(2.57395325822403e-11 -1.14566678403935e-14 -1.45300303265446e-11)
(1.60344663505686e-13 8.75822224905184e-15 -8.41118745191474e-14)
(-4.12686278312334e-14 9.08510023141638e-14 1.59726254975004e-13)
(-4.12714817662192e-14 -6.96746212486794e-15 1.2688176569741e-13)
(-2.83541311343711e-14 5.60979457793021e-14 5.55213029344627e-14)
(-8.69251753043089e-15 3.83026093525411e-14 -2.37519120739153e-14)
(-1.10365317254989e-14 -5.86498684665682e-15 -7.40007744421223e-14)
(-3.27949978295211e-14 -1.61595652706885e-14 -2.5303449235465e-13)
(-8.94806128467614e-15 -1.70930493174492e-15 1.41662686669828e-13)
(2.60772167442316e-14 -1.1540183153901e-13 3.46957338000476e-13)
(1.87276389704254e-14 -6.18976671238083e-14 -1.27584221658674e-13)
(6.524535140279e-09 -1.13008328037667e-08 2.64749790250579e-09)
(3.6030917999148e-08 -6.24076193441438e-08 -4.33552684180543e-07)
(7.24702693519115e-09 -1.25525256292864e-08 -5.94609767332575e-08)
(5.14450076577301e-10 -8.91276079352746e-10 -1.10614400111594e-09)
(1.28390802049305e-11 -2.23023854845819e-11 -1.4536620602706e-11)
(7.78495400147122e-14 -2.38282418873996e-13 -1.77676328896135e-13)
(-4.3061084654278e-13 1.52000614679889e-13 -1.47628288181993e-13)
(-3.89044569910213e-13 2.08631250593847e-13 -7.164506724727e-14)
(-5.75978820197654e-13 2.93642924959986e-13 1.62757626767073e-13)
(-3.63559412531317e-13 1.79581848859244e-14 3.0555777729023e-13)
(-2.05576803979046e-13 -1.2956193623436e-13 -1.55618645101911e-15)
(-3.68925376091102e-13 1.23019948160443e-14 -2.5695288462358e-13)
(-4.70601084173331e-13 2.28755124856457e-13 6.3105765177699e-13)
(-1.13852445792177e-13 -1.09209947056179e-13 6.53827820557936e-13)
(-1.06930152404794e-13 -1.05200792704293e-13 -2.36405139673449e-14)
(6.73861200334022e-14 -1.07570856021169e-13 -4.2817124440549e-14)
(2.73907617380874e-13 3.13364257218737e-13 -3.10483026631318e-14)
(6.68333194253045e-13 8.03678889683149e-13 4.56466630098036e-14)
(7.65018302797571e-13 9.28096277653244e-13 4.13114410510243e-13)
(2.61711655589949e-13 1.31027486300067e-13 4.12710505095257e-13)
(3.47472335194036e-13 -2.63248445839657e-13 3.58212516649073e-13)
(9.17388136699644e-14 -4.57838401493434e-13 1.86149326891774e-13)
(-2.8272085685721e-15 -5.92419341183248e-15 -1.36148976327248e-14)
(1.24122366216788e-12 -6.71290846375548e-14 -1.57112600404899e-13)
(1.85097032332518e-12 4.35168510946304e-14 -4.83400536161144e-14)
(1.18931369145815e-12 -2.38314654593698e-14 1.67794319391238e-13)
(1.97668128512816e-13 -1.02357752989207e-13 2.40541494111377e-13)
(4.39899765545029e-13 -1.39201467906817e-13 1.75510377254805e-13)
(2.83951328662423e-13 -8.60801627008928e-14 1.76599845670371e-13)
(5.12017503918941e-14 5.82581698500733e-14 -3.60890009864515e-14)
(4.82035652164957e-13 -6.65161821280798e-13 -3.11645076891638e-14)
(6.42582234608458e-13 -9.9698261547614e-13 1.13658617607287e-13)
(4.48498660225976e-13 -5.86804522540561e-13 4.86069541613696e-13)
(-8.27983535470009e-14 7.66480915385249e-14 3.19171603153258e-13)
(1.86323369358299e-13 -4.22927815974182e-14 2.16707149467312e-13)
(1.30789486026899e-13 1.77506286789435e-13 1.90344459647747e-13)
(-7.30704202279278e-14 9.37543344463023e-14 -3.66552069320193e-14)
(-3.97108899800837e-13 -4.97268382089362e-13 -3.05284325639866e-14)
(-7.89772807050939e-13 -8.92132818283743e-13 5.3999553999242e-14)
(-8.19327969937043e-13 -8.12032103820067e-13 3.91595623937831e-13)
(-3.75315951189817e-13 -1.94004023590919e-13 2.92973844969005e-13)
(-4.96575994102523e-13 -2.86004315529633e-13 2.19353258308666e-13)
(-3.60973338865214e-13 5.33461606445251e-14 2.13377322159468e-13)
(2.28603004468458e-15 -7.55567356698657e-15 -1.55738459290046e-14)
(-1.20767618361404e-12 -4.91627549071622e-14 -1.8360840893667e-13)
(-1.91361986895929e-12 -1.38320643791941e-13 -1.37106874949672e-14)
(-1.58654491504209e-12 -8.78819321675948e-14 2.83500685786148e-13)
(-5.14379393568123e-13 -1.04102738663031e-13 2.90010523586478e-13)
(-6.55385245717092e-13 -8.11536134421379e-14 2.11657547316142e-13)
(-4.88494583527904e-13 -4.59336301190019e-14 1.80496218277998e-13)
(-1.19081064829364e-13 -1.17155190882892e-13 -2.63268826709226e-14)
(-4.99258181435335e-13 5.36890697463424e-13 -2.72512384266905e-14)
(-7.12672751252655e-13 8.38938593444586e-13 1.29894420660968e-13)
(-7.13607784145712e-13 5.25620257031308e-13 5.423062534911e-13)
(-3.63068583562508e-13 -1.96517458465774e-13 4.07798447187286e-13)
(-4.90004797139985e-13 -1.98915682461155e-13 3.51897697990692e-13)
(-2.22846625809906e-13 -3.43597433782821e-13 2.53713490707335e-13)
(-3.12786192546245e-07 -5.41761857153358e-07 1.26921099942808e-07)
(3.34175221385327e-05 5.78808489804994e-05 1.08857556005636e-05)
(0.00174690833202742 0.00302573414663499 0.0013861735374293)
(0.0277313521580536 0.0480321137444178 0.0442465148627395)
(-6.25572011940179e-07 -8.87637792965862e-14 1.26920917487719e-07)
(6.68350423436238e-05 -3.05413113704574e-14 1.08857542904678e-05)
(0.00349381665281636 -3.28333411529365e-13 0.00138617348336111)
(0.0554627093203487 2.55428727506341e-12 0.0442465162055105)
(-3.12786183746039e-07 5.41761918169049e-07 1.26920969107664e-07)
(3.34175220542946e-05 -5.78808489661294e-05 1.08857554445136e-05)
(0.00174690832455539 -0.00302573413510072 0.0013861735345632)
(0.0277313520141546 -0.0480321135260419 0.0442465147185743)
(3.12786320543036e-07 5.41761926721914e-07 1.26921058230729e-07)
(-3.3417519053473e-05 -5.78808442329811e-05 1.08857550657809e-05)
(-0.00174690822496601 -0.00302573398614932 0.00138617347988617)
(-0.0277313509249031 -0.0480321121116055 0.0442465136068341)
(6.25572024801947e-07 3.59929669447881e-14 1.26920897771679e-07)
(-6.68350470229634e-05 -1.07009793076557e-14 1.08857545799201e-05)
(-0.00349381686980995 -1.97618251400306e-13 0.00138617353430175)
(-0.0554627133616831 -1.46204134720597e-12 0.0442465183105074)
(3.12786202549687e-07 -5.41761903697549e-07 1.26921044546269e-07)
(-3.34175191672957e-05 5.78808442558174e-05 1.08857549578442e-05)
(-0.00174690822261677 0.00302573398031488 0.00138617347859577)
(-0.0277313508636014 0.0480321119823278 0.04424651352688)
)
;
    }
    sides
    {
        type            zeroGradient;
    }
}


// ************************************************************************* //
