1.1550000507741809e-05
1.1550000507741797e-05
1.1550000507741818e-05
1.1550000507741797e-05
1.1550000507741818e-05
1.1550000507741797e-05
1.1550000507741818e-05
1.1550000507741797e-05
1.1550000507741818e-05
1.1550000507741818e-05
1.1550000507741777e-05
1.1550000507741818e-05
1.1550000507741818e-05
1.1550000507741818e-05
1.1550000507741777e-05
1.155e-05
1.1549999999999989e-05
1.155000000000001e-05
1.1549999999999989e-05
1.155000000000001e-05
1.1549999999999989e-05
1.155000000000001e-05
1.1549999999999989e-05
1.155000000000001e-05
1.155000000000001e-05
1.1549999999999969e-05
1.155000000000001e-05
1.155000000000001e-05
1.155000000000001e-05
1.1549999999999969e-05
1.1550000507741809e-05
1.1550000507741797e-05
1.1550000507741818e-05
1.1550000507741797e-05
1.1550000507741818e-05
1.1550000507741797e-05
1.1550000507741818e-05
1.1550000507741797e-05
1.1550000507741818e-05
1.1550000507741818e-05
1.1550000507741777e-05
1.1550000507741818e-05
1.1550000507741818e-05
1.1550000507741818e-05
1.1550000507741777e-05
1.1550000507741809e-05
1.1550000507741797e-05
1.1550000507741818e-05
1.1550000507741797e-05
1.1550000507741818e-05
1.1550000507741797e-05
1.1550000507741818e-05
1.1550000507741797e-05
1.1550000507741818e-05
1.1550000507741818e-05
1.1550000507741777e-05
1.1550000507741818e-05
1.1550000507741818e-05
1.1550000507741818e-05
1.1550000507741777e-05
1.155e-05
1.1549999999999989e-05
1.155000000000001e-05
1.1549999999999989e-05
1.155000000000001e-05
1.1549999999999989e-05
1.155000000000001e-05
1.1549999999999989e-05
1.155000000000001e-05
1.155000000000001e-05
1.1549999999999969e-05
1.155000000000001e-05
1.155000000000001e-05
1.155000000000001e-05
1.1549999999999969e-05
1.1550000507741809e-05
1.1550000507741797e-05
1.1550000507741818e-05
1.1550000507741797e-05
1.1550000507741818e-05
1.1550000507741797e-05
1.1550000507741818e-05
1.1550000507741797e-05
1.1550000507741818e-05
1.1550000507741818e-05
1.1550000507741777e-05
1.1550000507741818e-05
1.1550000507741818e-05
1.1550000507741818e-05
1.1550000507741777e-05
4.4126026656249999e-06
3.6103112718750002e-06
2.8080198781250004e-06
2.0057284843749998e-06
8.9143488194444667e-07
5.3486092916666336e-07
1.7828697638888908e-07
4.4126026656249999e-06
3.6103112718750002e-06
2.8080198781250004e-06
2.0057284843750002e-06
8.9143488194445005e-07
5.3486092916666315e-07
1.7828697638888882e-07
4.4126026656249999e-06
3.6103112718750002e-06
2.8080198781250004e-06
2.0057284843749998e-06
8.9143488194444677e-07
5.3486092916666336e-07
1.7828697638888908e-07
4.4126026656249999e-06
3.6103112718750002e-06
2.8080198781250004e-06
2.0057284843749998e-06
8.9143488194444667e-07
5.3486092916666336e-07
1.7828697638888908e-07
4.4126026656249999e-06
3.6103112718750002e-06
2.8080198781250004e-06
2.0057284843750002e-06
8.9143488194445005e-07
5.3486092916666315e-07
1.7828697638888882e-07
4.4126026656249999e-06
3.6103112718750002e-06
2.8080198781250004e-06
2.0057284843749998e-06
8.9143488194444677e-07
5.3486092916666336e-07
1.7828697638888908e-07
4.4126026656249999e-06
3.6103112718749993e-06
2.8080198781250008e-06
2.0057284843749998e-06
4.4126026656249999e-06
3.6103112718750002e-06
2.808019878125e-06
2.0057284843750002e-06
4.4126026656249999e-06
3.6103112718750002e-06
2.8080198781250008e-06
2.0057284843749998e-06
4.4126026656249999e-06
3.6103112718749993e-06
2.8080198781250008e-06
2.0057284843749998e-06
4.4126026656249999e-06
3.6103112718750002e-06
2.808019878125e-06
2.0057284843750002e-06
4.4126026656249999e-06
3.6103112718750002e-06
2.8080198781250008e-06
2.0057284843749998e-06
