/*--------------------------------*- C++ -*----------------------------------*\
  =========                 |
  \\      /  F ield         | OpenFOAM: The Open Source CFD Toolbox
   \\    /   O peration     | Website:  https://openfoam.org
    \\  /    A nd           | Version:  11
     \\/     M anipulation  |
\*---------------------------------------------------------------------------*/
FoamFile
{
    format      ascii;
    class       surfaceScalarField;
    location    "0.0000900086";
    object      phi;
}
// * * * * * * * * * * * * * * * * * * * * * * * * * * * * * * * * * * * * * //

dimensions      [1 0 -1 0 0 0 0];

internalField   nonuniform List<scalar> 
2478
(
0.000841701877519162
-0.00017839888114741
-1.16332953198958e-10
-1.36419563688019e-10
-0.0010654063712982
0.000644095073523479
-0.000157443831071791
-7.61942354587757e-10
-7.69438699549634e-10
-0.000136415221614064
-3.40646289903037e-10
-3.79615904900002e-10
0.000472938457185427
0.000504965630089419
-4.45801181840416e-05
7.10372600586789e-11
5.25571444546548e-11
-0.000639140183035112
0.00038643487369386
-3.93441976474499e-05
-3.08332449090905e-10
-3.0963545410382e-10
-3.40940144477242e-05
-2.27563150072795e-11
-6.49936965141026e-11
0.000283759318779427
0.000168272503471724
-2.33218260838313e-10
-2.51011680570731e-10
-0.000212970710698379
0.000128785685667053
-6.14384913007627e-10
-6.10392732777569e-10
-2.92183206557391e-10
-3.42180066643634e-10
9.45745375562298e-05
0.0008417024356964
-0.000178398624731728
1.17895596985027e-10
-0.00106540687291315
0.000644095753752273
-0.000157440882898149
7.60926013388188e-10
-0.000136414234938003
3.44319703499997e-10
0.00047293871874335
0.000504966648826852
-4.45792942241057e-05
-6.95185172990866e-11
-0.000639140865199247
0.000386436270657998
-3.93420413804498e-05
3.07037957287658e-10
-3.40927935973099e-05
2.83222577606313e-11
0.000283760244554709
0.000168272492255316
2.34482106799792e-10
-0.000212970695566969
0.000128785519976279
6.12104542887463e-10
2.92761664086663e-10
9.45744933805381e-05
0.000841701876444216
-0.000178398883692568
-1.36188856741416e-10
-0.00106540637063731
0.000644095069065213
-0.000157443824047864
-7.68093073681957e-10
-0.000136415236708404
-3.80906528622263e-10
0.000472938430206768
0.000504965629569547
-4.45801192448004e-05
5.27475484623195e-11
-0.000639140182782456
0.000386434872075974
-3.93441940380565e-05
-3.08698325257074e-10
-3.40940157207772e-05
-6.61439217470878e-11
0.000283759310192531
0.000168272503377192
-2.50709530772494e-10
-0.000212970710671935
0.000128785685305372
-6.08987189832082e-10
-3.40323427587812e-10
9.4574535116468e-05
0.000841702444598503
-0.000178398587834232
1.17883351029909e-10
-0.00106540688227434
0.00064409576865921
-0.000157440868111373
7.7204062533167e-10
-0.000136414128752888
3.36090045876224e-10
0.000472938765982171
0.000504966654818047
-4.45792759786989e-05
-7.04311422551618e-11
-0.000639140870416512
0.00038643628020908
-3.93420361156339e-05
3.14603956926528e-10
-3.40927382848922e-05
1.82339150560113e-11
0.00028376029231697
0.000168272492827024
2.35812303386353e-10
-0.000212970696538089
0.000128785519624507
6.25399920598565e-10
3.01130222428621e-10
9.45744967734652e-05
0.000841701887928505
-0.000178398853165358
-1.19697208308261e-10
-0.00106540638070205
0.000644095101829368
-0.000157443873853263
-7.72451106767838e-10
-0.000136415100655159
-3.37892246056763e-10
0.000472938661469446
0.000504965634856687
-4.45801066246968e-05
6.87006402829739e-11
-0.000639140186999614
0.000386434883654539
-3.93442213566596e-05
-3.14310648200696e-10
-3.40939701007627e-05
-2.20714505157725e-11
0.000283759393224048
0.000168272504634293
-2.37390302998842e-10
-0.000212970711582593
0.000128785689603367
-6.24543239065127e-10
-3.03247798427069e-10
9.4574558779917e-05
0.000841702444590471
-0.000178398583887036
-0.00106540688197009
0.000644095769591655
-0.00015744086705937
-0.000136414117133243
0.000472938768504705
0.000504966654824508
-4.4579274172058e-05
-0.000639140870190127
0.000386436280707905
-3.93420359798959e-05
-3.40927342069844e-05
0.000283760296221911
0.000168272492798374
-0.000212970696536288
0.000128785519424192
9.45744965493535e-05
0.000472812750569558
1.90807667332709e-07
-3.81196961474727e-10
-2.21243440451727e-10
0.000472809228513512
9.54988097871812e-08
-4.14655811640033e-10
-1.09581833461925e-10
5.80498304892816e-08
-1.27179834659473e-09
-7.432877260731e-10
0.000473583614164106
0.00028369741189845
5.20166970838795e-08
-1.95273273462596e-10
5.86047076752555e-11
0.000283696258549279
2.50690575037075e-08
-3.04130413344636e-10
8.53702288982489e-11
1.66713494099643e-08
-9.34396878881499e-10
-3.51374346068897e-10
0.00028415892262565
9.45608101036076e-05
-3.61294760060048e-10
9.17220390351386e-12
9.45625484171166e-05
-4.27894902615879e-10
3.38453364889368e-10
-7.38986260747677e-10
2.16855618423266e-10
9.47195188782457e-05
0.000472812625653896
1.91916796607027e-07
3.36725006222244e-10
0.000472808873981873
9.69991208267561e-08
3.18690883958136e-10
6.36338980050666e-08
1.13316099228543e-09
0.000473582487434456
0.00028369776572802
5.30114887707309e-08
1.51748201298544e-10
0.000283696471616002
2.5821504349207e-08
2.16459284090725e-10
1.84106721997637e-08
8.05262552114588e-10
0.000284159911662929
9.45608243585018e-05
3.10298993368586e-10
9.45625348268384e-05
2.96487115349249e-10
5.69613176450764e-10
9.47194721236215e-05
0.000472812708397397
1.90944195224132e-07
-1.90629813150156e-10
0.000472809183901732
9.58401403304381e-08
-4.67898484714235e-11
5.84977597258441e-08
-6.74516149911427e-10
0.000473583578734888
0.000283697404341733
5.20874493367858e-08
7.87906399737741e-11
0.000283696264324223
2.52550069047125e-08
1.30369622757844e-10
1.6900616986676e-08
-2.99268454147846e-10
0.000284158954563279
9.4560805463016e-05
2.92348644207949e-11
9.45625436726585e-05
3.841497056979e-10
2.64864328928562e-10
9.47195176832105e-05
0.000472812659495639
1.91690322067601e-07
5.61533574576067e-10
0.000472808858955208
9.65410098271004e-08
7.60481453200915e-10
6.27772284356913e-08
1.65527875374593e-09
0.000473582421811773
0.000283697899155848
5.27919071542779e-08
3.00898813081641e-10
0.000283696617495191
2.54357937620937e-08
5.39896557636647e-10
1.78400183645428e-08
1.21685599454874e-09
0.000284159972901567
9.45607977546889e-05
5.00035500364867e-10
9.45625026925862e-05
6.87873197367361e-10
1.01443850937738e-09
9.47194389839682e-05
0.000472812966837486
1.8969311545527e-07
-5.48516461418291e-10
0.00047280938727832
9.32787459862004e-08
-7.28253194293843e-10
5.53309642684682e-08
-1.58646232484511e-09
0.000473583702056436
0.000283697428275372
5.13982826992371e-08
-2.78392004165063e-10
0.000283696134600597
2.38511628726425e-08
-4.98099892386715e-10
1.52128417348703e-08
-1.14033708609748e-09
0.000284158672033718
9.45608353547045e-05
-4.69627611701228e-10
9.45625626075579e-05
-6.02618197584424e-10
-8.88060390470072e-10
9.47194979751939e-05
0.000472812665901572
1.91689883950069e-07
0.000472808867512729
9.65072281515099e-08
6.26584757401887e-08
0.000473582425684375
0.000283697917558335
5.27787690048553e-08
0.000283696648334517
2.53906849761922e-08
1.77595156752842e-08
0.000284159991302454
9.4560794007486e-05
9.45624976945794e-05
9.47194357695202e-05
4.10183453088348e-05
-1.67958268338297e-09
-1.21976760240677e-09
0.000526178845560416
1.02574033550254e-05
-1.82483946389086e-09
-1.43326926450296e-09
0.000315714641041386
-7.48015573255861e-10
9.57735572164158e-10
0.000105240497562119
4.10267917831356e-05
1.53483872237115e-09
0.00052617673629163
1.02589110010329e-05
1.68108388863032e-09
0.000315715782586393
4.81706622886598e-10
0.000105240918565906
4.10189041304978e-05
-1.13609925693437e-09
0.000526178817105877
1.02577151881755e-05
-1.34172726314746e-09
0.000315714684616241
9.9298512511517e-10
0.000105240507062399
4.10256896345046e-05
2.08625770110014e-09
0.000526176500626793
1.02576701693124e-05
2.27457757923794e-09
0.000315715866653248
9.22756879261945e-10
0.000105240931027828
4.101520068533e-05
-2.02798107506227e-09
0.000526178927203015
1.02555701215312e-05
-2.22480085298581e-09
0.000315714355269656
-6.77819350614842e-10
0.000105240458079488
4.10255311169188e-05
0.000526176465456175
1.02574675673284e-05
0.000315715885711437
0.000105240932127935
3.43922434861287e-05
-2.28136340553334e-09
-1.05361949823439e-09
0.000570696593739714
8.59722545564542e-06
-2.40969213821055e-09
-1.2086851938699e-09
0.000342422880760456
-1.67400755009175e-09
-8.8927220350931e-11
0.000114143016124187
3.44044414012244e-05
2.07482311919468e-09
0.000570697459194657
8.60175017234309e-06
2.18907095879059e-09
0.000342423497762979
1.41406448854985e-09
0.00011414312945122
3.43927517454117e-05
-1.01150746513543e-09
0.000570696596222254
8.59750149410601e-06
-1.15482884767513e-09
0.000342422889189235
-6.18879288636666e-11
0.000114143015271656
3.44022858756517e-05
2.32187327719492e-09
0.000570697292493514
8.60051411443152e-06
2.58927738044966e-09
0.000342423497395622
1.78512401708504e-09
0.000114143155874134
3.43895702010527e-05
-2.15762421639084e-09
0.000570696559789596
8.5956998701529e-06
-2.42282061682078e-09
0.000342422834251195
-1.55047951837543e-09
0.000114143027083054
3.4401956585587e-05
0.000570697262243708
8.60030885622276e-06
0.000342423497486048
0.000114143160115859
2.37797273344947e-05
3.35194685484493e-09
4.18719362660228e-09
0.000601932745824044
5.94471328777273e-06
2.43884477917804e-09
3.29778379278868e-09
0.000361165735723424
3.97011169978641e-10
1.50318083501355e-09
0.000120390759952674
2.37630808322831e-05
-3.49038266252979e-09
0.00060193413047723
5.94120642494032e-06
-2.58270405913532e-09
0.000361164697959747
-5.58381737928489e-10
0.000120390278008939
2.37800525416233e-05
4.20924482237833e-09
0.000601932756707082
5.94487836947782e-06
3.32292134422579e-09
0.000361165739846845
1.50722026867741e-09
0.000120390759431833
2.37614134721689e-05
-3.21505377106224e-09
0.000601933914441975
5.94026238146536e-06
-2.29976097703127e-09
0.000361164591422296
-3.74615270065399e-10
0.000120390283789304
2.37777468465219e-05
3.33148666905323e-09
0.00060193268432845
5.94371451921675e-06
2.41860463780089e-09
0.000361165717164531
5.32703440712066e-10
0.000120390762623866
2.37611431732071e-05
0.000601933874431511
5.94010602141063e-06
0.000361164571721422
0.000120390284660527
2.96391319499513e-06
-8.130539048501e-09
-7.04854985825436e-09
0.000607088289316181
7.39473574384874e-07
-3.99374224831347e-09
-2.95888224273629e-09
0.000364251079233331
-2.76215813811926e-09
-1.5893741877617e-09
0.000121419310641882
2.99296808092256e-06
7.96258472839876e-09
0.000607090201244167
7.48946464848728e-07
3.82608479897488e-09
0.00036425470874589
2.58369057577626e-09
0.000121418614611846
2.964265184601e-06
-7.04925510937879e-09
0.000607088306555461
7.3965250306431e-07
-2.95155358731288e-09
0.000364251084572004
-1.59005757649142e-09
0.000121419312661362
2.99111863849327e-06
8.18671603685511e-09
0.000607089961148637
7.4792754277376e-07
4.07361145168686e-09
0.000364254571330916
2.76239760417258e-09
0.000121418593125009
2.96187894401631e-06
-8.01826351810257e-09
0.000607088197235948
7.38473193862368e-07
-3.91347288863225e-09
0.000364251046568685
-2.58334270023929e-09
0.000121419294288408
2.99077368606522e-06
0.000607089915895354
7.4774276722175e-07
0.000364254544075209
0.000121418588654437
7.87856087548636e-05
1.43779208125407e-08
1.53669408550533e-08
0.000706747025432326
1.96965704883447e-05
7.18522433153408e-09
8.29927143740188e-09
0.000424063098932926
3.58712030971943e-09
4.74729695924001e-09
0.000141353480102263
7.87278542258122e-05
-1.45311538748472e-08
0.000706752410094971
1.96799310424003e-05
-7.34602289751123e-09
0.000424056198103097
-3.75766807893165e-09
0.000141351820489324
7.87859369907042e-05
1.53693047252748e-08
0.000706747046259044
1.9696744022229e-05
8.29291554779168e-09
0.000424063106724088
4.74481164910523e-09
0.000141353484281536
7.87257536549022e-05
-1.42751111207912e-08
0.000706752125259372
1.96788421999349e-05
-7.16590761073088e-09
0.000424056000238835
-3.56342336416344e-09
0.000141351774329695
7.87835864803436e-05
1.44255344828171e-08
0.000706746914086798
1.96955414882958e-05
7.33273155801954e-09
0.000424063057181996
3.73613056638133e-09
0.000141353456820189
7.87253740778545e-05
0.000706752071763151
1.96786477531018e-05
0.000424055963301925
0.000141351765982698
0.00113571164277747
-3.35042015004068e-08
-3.19285835467527e-08
0.00212808873259892
0.000283924435458156
-1.48195406389148e-08
-1.32725746924598e-08
0.0012768275426149
-8.92880629502213e-09
-7.19674868516259e-09
0.000425610064656994
0.0011358291065872
3.32816660050046e-08
0.00212807547803619
0.000283963053617508
1.45987033880308e-08
0.00127684231356752
8.68648063071312e-09
0.000425613269554045
0.00113571210202692
-3.1942287159162e-08
0.00212808879810017
0.000283924672957174
-1.32791391756291e-08
0.00127682756386188
-7.20555994851348e-09
0.000425610073880601
0.00113582608784881
3.35726328304538e-08
0.00212807487251148
0.000283961495696814
1.48686675713089e-08
0.00127684192258248
8.90956144516779e-09
0.000425613161039994
0.00113570873435302
-3.33372312721274e-08
0.00212808838953932
0.000283922975343185
-1.46423062114226e-08
0.00127682743696388
-8.65836794438062e-09
0.000425610018738182
0.00113582554673035
0.00212807475942299
0.000283961224744277
0.00127684184840945
0.000425613141288437
0.000749486160589636
1.17234215049481e-08
1.33818784282813e-08
0.00306559986283059
0.000187393005230207
2.96541119752195e-09
4.61564970543216e-09
0.00183939886016456
-1.21636064827173e-10
1.62554503180517e-09
0.000613163228108551
0.000749501676081844
-1.19672794746811e-08
0.00306564944174811
0.000187392367419229
-3.20454767073226e-09
0.00183944263084609
-1.25450315717132e-10
0.0006131673917288
0.000749486645530623
1.33733014012804e-08
0.00306559994261266
0.000187393245930583
4.60871290187004e-09
0.00183939889701023
1.61682727666326e-09
0.00061316323915013
0.000749498834461431
-1.16043509100928e-08
0.00306564875400223
0.000187390895613044
-2.90262280021065e-09
0.00183944226983452
1.08008521072268e-10
0.000613167309696061
0.000749483087252463
1.18559619704216e-08
0.00306559943445671
0.000187391527779201
3.14811263993006e-09
0.00183939866503624
1.47463733390051e-10
0.000613163170270794
0.00074949831768824
0.00306564862609547
0.000187390637147512
0.00183944220220079
0.000613167294516388
-0.00175030994383291
-2.85434204787076e-08
-2.70238618132329e-08
0.000875995400430875
-0.000437599552189198
-2.13809661302297e-08
-1.99291808769086e-08
0.000525591518960002
-4.67549606344465e-09
-3.29084744291096e-09
0.000175197672818345
-0.00175025907878518
2.83529201629902e-08
0.000875991621732676
-0.000437584918017363
2.11894305474796e-08
0.000525592532428935
4.48213956851266e-09
0.000175199319934489
-0.0017503096022493
-2.70301197594883e-08
0.000875995418783568
-0.000437599369828192
-1.99341950789613e-08
0.000525591527967641
-3.29385216167209e-09
0.000175197675364112
-0.00175026150613165
2.81773199725145e-08
0.000875991474230335
-0.000437586124629209
2.11550623635082e-08
0.000525592455623296
4.59315858020474e-09
0.000175199301657117
-0.00175031158139592
-2.79809678041033e-08
0.00087599530089365
-0.000437600533067318
-2.09589092055014e-08
0.000525591470543917
-4.39706592924444e-09
0.000175197659224321
-0.00175026184655415
0.00087599144687248
-0.000437586312047425
0.000525592441342005
0.000175199298304527
8.09845341583678e-07
7.322708411861e-11
4.12781745633486e-11
2.20684623599614e-07
3.90243085242326e-11
7.25838345590896e-12
-1.49257528428773e-10
-1.82483328740792e-10
8.09965301466634e-07
-7.0500448415365e-11
2.21230085608887e-07
-3.63042247631361e-11
1.52072275778903e-10
8.0983974468595e-07
4.13731274717319e-11
2.20681820980854e-07
7.36720737583643e-12
-1.82454171617028e-10
8.10025691110766e-07
-7.30630497509238e-11
2.21261071507413e-07
-3.89643263400824e-11
1.50042455077191e-10
8.09905028082152e-07
7.02127517368187e-11
2.20713701476818e-07
3.61044627896802e-11
-1.52904708534442e-10
8.10031438187517e-07
2.21263928828347e-07
-3.81202402598836e-05
0.00012147640698667
4.75533607033419e-06
4.75552850310752e-06
0.000114478374651806
-5.58811297314086e-05
2.20595379327225e-06
2.20607264472434e-06
0.000229824100061534
1.03442736171387e-05
-5.91463735866556e-06
-5.91459837132795e-06
0.000321756269640532
0.00015103530392144
-3.03361756856162e-05
-3.03362151310426e-05
0.000425185710492985
0.000152600874171528
-3.23113722212813e-05
-3.23114806468134e-05
0.000445604682037051
0.000140314921929894
-2.71494986022025e-05
-2.71496213732773e-05
0.000462644163292392
8.96578716947257e-05
-2.5264488746847e-05
-2.52646421013193e-05
0.000498721464734039
4.37695104889778e-06
-1.41973742192472e-05
-1.42029608382927e-05
0.000395377645438399
-8.80978851335865e-05
-7.90659685467356e-07
-7.91194004606637e-07
0.000185189690948415
-0.000397099558511922
-1.32548312188338e-05
-1.32547595768069e-05
0.000440330121633009
-0.00128124585237248
-1.69989267408301e-05
-1.6999056578212e-05
0.000712381114274978
-0.0024487590277619
-3.42858034381736e-06
-3.42850795940564e-06
0.000421278133534025
-0.00191648278778701
-6.8946980073543e-07
-6.89411194963827e-07
5.1551366396694e-05
-0.000551067156179849
8.19599323078626e-07
8.19616414027887e-07
-4.90610147688207e-05
9.68490141005536e-08
9.68510263214557e-08
0.000156284943680886
4.59821249684617e-05
-2.98190195994276e-05
-2.98192657901968e-05
0.0004064070984236
-0.000341299518086964
2.37298126159344e-05
2.37298634530252e-05
0.00044811335467527
-2.60231768190336e-05
4.23674066045611e-06
4.2367005976081e-06
0.000466767832779697
0.000169380375739059
-1.31016596590494e-05
-1.3101570648681e-05
0.000491986014450469
0.000153130291171894
-9.20375041094267e-06
-9.20372646863953e-06
0.000524712935739829
7.86492299238305e-05
2.24194987268739e-07
2.24154995041924e-07
0.000579345296764467
-2.64475359752987e-05
6.14660718532557e-06
6.14651094701832e-06
0.00057958826755667
-5.40243433534006e-05
2.45603500262313e-06
2.45599579577017e-06
0.00057560722875789
3.92424544463952e-05
-2.6782434314383e-06
-2.67851924559733e-06
0.000311519704280685
-9.6318083592747e-05
2.72330111628373e-06
2.72352981159956e-06
0.000236152170878942
-0.000631711361442228
6.72294292081111e-07
6.71951475216914e-07
0.000493251143663264
-0.00169579873232948
7.50949005292711e-06
7.50911647774824e-06
0.000438188713131898
-0.00141179107714831
-3.27569591672958e-06
-3.27574273784655e-06
0.000148282752648871
-0.000614683585450094
1.9977398395374e-07
1.99780561735516e-07
-7.93356144450259e-05
2.21719664594095e-07
2.21720871830067e-07
0.000317217337998204
-0.000335760682522847
4.13921165999082e-05
4.13923617032398e-05
0.000486283086092528
-0.000487112313333485
-1.38772851903133e-05
-1.38771340066867e-05
0.000539086872658345
-7.71463015354971e-05
-2.59545143942565e-06
-2.59510238761131e-06
0.000537954837819442
0.000158642044175709
5.10253917934236e-06
5.10160997611262e-06
0.000495691538633488
0.000192236622187407
1.44923005418842e-06
1.44909851915948e-06
0.000522259439330248
5.52668959364264e-05
-3.40341711015457e-06
-3.4033400527e-06
0.000577618856695635
-8.23071503441202e-05
-2.921381991209e-06
-2.92090044808275e-06
0.000600940606708965
-6.68265000319724e-05
-4.26826434697837e-06
-4.26827878105286e-06
0.000603088404296177
5.15255213602366e-06
2.52491798728005e-06
2.52446288438502e-06
0.00049111619522127
1.57061852907042e-05
3.55239879177861e-07
3.54606950765896e-07
0.000362569530712831
-0.000170435356347739
-5.83797603318322e-06
-5.83772032039176e-06
0.00048341030314818
-0.000732569544289873
5.51543152239235e-06
5.5150628224103e-06
0.000619981992870752
-0.000970970646546173
-8.07818898298314e-06
-8.07823446135009e-06
0.000254111475506288
-0.000606399298499174
-9.0373286709721e-07
-9.03756620243903e-07
-9.50494641776686e-05
1.42659214747147e-07
1.42653860222002e-07
0.000365577938217501
5.94071129632771e-05
5.94073956517337e-05
-0.000728708560163452
0.000277401728359702
-1.69084960842558e-05
-1.69085311548589e-05
-0.000367159707907003
0.000357888115728272
-1.53844904597651e-05
-1.5384354071479e-05
-0.000130239267938293
0.00047465928478367
-1.40228937821182e-05
-1.40220073441383e-05
6.45531952606679e-05
0.000481889388900547
4.7025746727034e-06
4.70231215809246e-06
0.000170042504093382
0.000490485019338557
1.10544143698966e-06
1.10392258549118e-06
4.1649928180008e-05
0.000496034243944457
-1.51142224655565e-05
-1.51141590191687e-05
-5.8060910740537e-05
0.000500482446456448
-7.35237461479415e-06
-7.35227577077646e-06
-5.22009303110243e-05
0.000492900345311402
-6.44784541858619e-08
-6.44795916885244e-08
-6.39488995005701e-06
0.000473413037990814
5.33524920970108e-06
5.33544490814895e-06
2.43675674888838e-05
0.000424052140163324
1.57820403491572e-05
1.57818279169484e-05
-3.5766474676403e-06
0.000423331565214503
3.79842633194702e-06
3.79808857055639e-06
-0.000226705372629387
0.000617956528959613
1.50305724684163e-06
1.50278146114386e-06
-0.000530312916304684
0.000290549192126682
-8.65778808195237e-06
-8.65788012208309e-06
-0.000381873856103955
1.85341635250131e-07
1.85353138923905e-07
-7.38377114549081e-05
5.77756157990928e-05
4.01266876310942e-05
-4.75533425830897e-06
0.000237101465990601
-0.000154025845650005
-2.20595841625426e-06
0.000399243120413463
-6.29049981858555e-05
5.91463083895891e-06
0.000467104597248731
0.000171557771974766
3.03361766728209e-05
0.000478649411333372
0.000152719699116161
3.23113816261442e-05
0.000478311357874416
9.76152180279367e-05
2.71495143031148e-05
0.000481956281476583
3.74897502383414e-05
2.52645148216299e-05
0.000458855415767547
5.0790950439676e-05
1.41979099504971e-05
0.000414004664257194
4.951278899167e-06
7.90679146346011e-07
0.000163787696021038
-0.00033544405747156
1.32548313686084e-05
0.00037359857938043
-0.00138887976918862
1.69989399390989e-05
0.000660555058061324
-0.00245892081436702
3.42857820357322e-06
0.000405967095322304
-0.00189547267733829
6.89465636783586e-07
5.48462032001121e-05
-0.000564507324533239
-8.19601027126715e-07
-5.27222468238056e-05
-9.68491019750855e-08
0.000263584607413305
-0.00025143860008864
2.98190342596275e-05
0.000484634655719485
-0.000326180015702222
-2.3729818978363e-05
0.000518405294705518
-8.60097188262298e-05
-4.23674990668148e-06
0.0005237701077341
0.000155522812997687
1.31016533450339e-05
0.000539670918193481
0.000138882008544876
9.20374840904947e-06
0.000576125101027944
6.6548847150292e-05
-2.24178045259908e-07
0.000605933425253474
-7.61576984233017e-07
-6.14658019395089e-06
0.00061365786223387
-4.57474441777192e-06
-2.45599886717694e-06
0.000576338554097912
3.17011999552484e-05
2.67831341437485e-06
0.000285043138968179
-0.000109551531026747
-2.7232863792474e-06
0.00018242973337596
-0.000673512449431554
-6.72247397725254e-07
0.000473057954785373
-0.00175728362495612
-7.50944012881393e-06
0.000419347257504797
-0.0013946377131933
3.27570632880779e-06
0.00015493129228952
-0.000607404432858647
-1.99773375979945e-07
-8.37310667977911e-05
-2.21719676427024e-07
0.000456823424787617
-0.000564766708571585
-4.13921035116947e-05
0.000593675208001379
-0.00049507208049545
1.38772562050749e-05
0.000556404347546437
-5.7453680203734e-05
2.59541922429692e-06
0.000534798176242849
0.000192371980770933
-5.10246760421839e-06
0.000509783661764912
0.000174249903197934
-1.44922270462586e-06
0.000540008131969772
3.51090940544854e-05
3.40339178280622e-06
0.000579624708397927
-4.15199948811041e-05
2.9213071573065e-06
0.000603376519740033
-3.95276658741292e-05
4.26828258465208e-06
0.000600534760486882
9.01962511863549e-06
-2.52486702447799e-06
0.000491060611329573
-1.87175925855782e-05
-3.551521154865e-07
0.000340269578955847
-0.000216550292840078
5.83796644877736e-06
0.000451932337552226
-0.000810461323636193
-5.51538514836615e-06
0.000607274031155962
-0.000975746581353721
8.07819737286709e-06
0.000249982586048166
-0.000581399874906639
9.03735464665204e-07
-9.61447365481795e-05
-1.42658978503885e-07
0.000492008703562419
-5.94071604406836e-05
-0.000815763334841786
0.000402565920867435
1.69084831437399e-05
-0.000437577480969692
0.000414380556014308
1.53844714549968e-05
-0.000104363306344503
0.00047157310949801
1.40228337172751e-05
0.000105700694157871
0.000473549663651924
-4.70255070203639e-06
0.000179265155408205
0.000473779369446129
-1.10525889254686e-06
3.78237496417316e-05
0.000463602158245031
1.51141983928156e-05
-5.86252623002629e-05
0.00047343102497193
7.35235223153164e-06
-6.21308338614115e-05
0.00048263548559059
6.4466881845662e-08
-2.70605401454372e-05
0.00047940591949112
-5.33523078369429e-06
-1.31228340990754e-05
0.000453923187424421
-1.57819936103723e-05
-3.1530379810477e-05
0.000437646440585698
-3.79838186519588e-06
-0.000244154439395362
0.000617035495441049
-1.50303003959205e-06
-0.000530801882996336
0.000282612875498009
8.6577964354867e-06
-0.000374701400208948
-1.85343221974861e-07
-6.88496233154811e-05
-3.81202561801097e-05
0.000121476400853054
4.75551102380661e-06
0.000114478216154468
-5.58810537954106e-05
2.20606033464368e-06
0.000229823912624891
1.03443268541733e-05
-5.91459937262313e-06
0.000321756127578996
0.000151035247908587
-3.03362137601425e-05
0.00042518564529177
0.000152600928265912
-3.23114793590935e-05
0.000445604624722596
0.000140314973389651
-2.71496243639757e-05
0.000462644046916519
8.96578950331387e-05
-2.52646545541277e-05
0.000498721359652525
4.37714478028874e-06
-1.42029502344732e-05
0.000395377466624956
-8.80975847475031e-05
-7.91166757476683e-07
0.000185189560494996
-0.000397099566933634
-1.32547606432493e-05
0.00044032999239741
-0.00128124603089416
-1.69990501293764e-05
0.000712380992923701
-0.00244875902901596
-3.42850989911163e-06
0.000421278061364539
-0.0019164828199505
-6.89411409390828e-07
5.15513616128674e-05
-0.000551067141789082
8.1961678502409e-07
-4.90610130775902e-05
9.68510207220393e-08
0.000156284923085247
4.59821359656502e-05
-2.98192486454067e-05
0.000406406961883923
-0.000341299318844563
2.37298645191045e-05
0.0004481132203315
-2.6023138714917e-05
4.23671191690595e-06
0.000466767669778432
0.000169380336658537
-1.31015736735052e-05
0.000491985911169423
0.000153130306710522
-9.20372695061364e-06
0.00052471288981636
7.86492438274416e-05
2.24149515922921e-07
0.000579345237237855
-2.64474781651776e-05
6.14649784595739e-06
0.000579588191821712
-5.40242075509153e-05
2.45596364453274e-06
0.000575607145645594
3.92425991422318e-05
-2.67856380737041e-06
0.000311519550427264
-9.63181247699245e-05
2.72350484364412e-06
0.00023615206650035
-0.000631711502466411
6.71937406242576e-07
0.000493251095443263
-0.00169579880228329
7.50910500672456e-06
0.00043818869015927
-0.00141179108027212
-3.27574634303952e-06
0.000148282743524369
-0.000614683585131718
1.997798931462e-07
-7.93356145121094e-05
2.2172083659702e-07
0.00031721727098697
-0.000335760532815218
4.13923256209819e-05
0.000486283039081989
-0.000487112140006305
-1.3877125888072e-05
0.000539086777672054
-7.7146242517255e-05
-2.595114643716e-06
0.000537954733163666
0.000158642026841377
5.10165797483082e-06
0.000495691454782767
0.000192236623041764
1.4491086608815e-06
0.000522259401440839
5.5266827280108e-05
-3.40331405104189e-06
0.000577618747160137
-8.23071044754502e-05
-2.92086726798858e-06
0.000600940519258811
-6.68263849251371e-05
-4.26829170045248e-06
0.00060308830246873
5.15266208501373e-06
2.52445730194049e-06
0.000491116070991986
1.5706101235378e-05
3.54575326255051e-07
0.000362569366990555
-0.000170435510761797
-5.83772403269298e-06
0.000483410244074828
-0.000732569694425757
5.51505129726607e-06
0.000619981959211533
-0.000970970705703866
-8.07823347312084e-06
0.000254111470755782
-0.000606399316516514
-9.0375737401584e-07
-9.50494656541754e-05
1.42653965919625e-07
0.000365577863821752
5.94074015491972e-05
-0.000728708375915887
0.000277401731052609
-1.69085202593693e-05
-0.000367159622407076
0.000357888123003637
-1.53843500013038e-05
-0.000130239233329041
0.000474659230022425
-1.40220580978247e-05
6.45532177950819e-05
0.000481889330653282
4.70233417758446e-06
0.000170042516750542
0.000490484960701329
1.10393441899316e-06
4.1650031193307e-05
0.00049603414752656
-1.51141350098654e-05
-5.80608488793287e-05
0.000500482363934479
-7.35225569153416e-06
-5.2200861789012e-05
0.00049290028335235
-6.44591324312706e-08
-6.39484318364683e-06
0.000473412992227944
5.33541363530925e-06
2.43675113353218e-05
0.000424052050519899
1.57817996760804e-05
-3.57677742803648e-06
0.000423331496052345
3.79807529406325e-06
-0.000226705536273282
0.000617956502875641
1.5027825527237e-06
-0.000530312989637281
0.000290549187360525
-8.65788081765462e-06
-0.000381873880859162
1.85349200186005e-07
-7.38377142990047e-05
5.77757499270371e-05
4.01238181433674e-05
-4.75551581436892e-06
0.000237101829934833
-0.000154027031414792
-2.20598550996438e-06
0.000399243415751145
-6.29050016267029e-05
5.91467692058381e-06
0.000467104850968081
0.00017155766717837
3.03362020955155e-05
0.000478649649051288
0.000152719597744903
3.23113998122338e-05
0.000478311760873621
9.76151503056721e-05
2.71495117195974e-05
0.000481957612372008
3.74897971213374e-05
2.52644263103547e-05
0.000458856500441921
5.07890888011924e-05
1.41975277965419e-05
0.000414006373899588
4.95007257292086e-06
7.90922921903531e-07
0.000163789200897701
-0.000335443190233718
1.32546782086295e-05
0.00037359917433308
-0.0013888783975742
1.69988747011327e-05
0.000660555751463671
-0.00245892106298775
3.42850237088001e-06
0.000405967302254361
-0.00189547328243439
6.89435330616288e-07
5.48462126748157e-05
-0.000564507530140137
-8.196063921413e-07
-5.27222754694739e-05
-9.68508663131643e-08
0.000263585494429109
-0.000251441726533221
2.98191457882981e-05
0.000484635199974555
-0.00032618134620445
-2.37297867875993e-05
0.000518405777228486
-8.60099732290763e-05
-4.23661775328141e-06
0.000523770649659686
0.000155522621278837
1.31016217250479e-05
0.000539671362146598
0.000138881925307377
9.2037334125466e-06
0.000576125402344056
6.65490702848573e-05
-2.24220071614689e-07
0.000605934300475951
-7.61628300307237e-07
-6.14670978682901e-06
0.000613658883838223
-4.57533631059335e-06
-2.45633132028966e-06
0.000576339805992806
3.1700893234769e-05
2.67780527492788e-06
0.000285044753567257
-0.000109551053216577
-2.72378037479923e-06
0.000182430267559506
-0.000673511176452531
-6.7246778651884e-07
0.000473058173666751
-0.00175728310928379
-7.50961076586909e-06
0.000419347506629554
-0.00139463784510001
3.27558709344337e-06
0.000154931350217354
-0.000607404542801641
-1.99790771601943e-07
-8.37310880258308e-05
-2.21721348479874e-07
0.000456824084008877
-0.000564768537606153
-4.1392431587359e-05
0.000593675323889222
-0.000495073080242498
1.38773400953056e-05
0.000556404858853471
-5.74540044936059e-05
2.59534905753137e-06
0.000534799166233349
0.000192370270708119
-5.10217391634781e-06
0.000509784237514304
0.000174249967696672
-1.44913301705258e-06
0.000540008496475572
3.51094049773468e-05
3.40364045228107e-06
0.000579625290845828
-4.15200196621759e-05
2.92171135322285e-06
0.000603377118952821
-3.95280234552326e-05
4.26813435236165e-06
0.000600535388059341
9.01952502049694e-06
-2.52495442287022e-06
0.000491062122060354
-1.87173536210474e-05
-3.55539404727569e-07
0.000340271063025224
-0.000216549438878369
5.8377681679477e-06
0.000451932950134076
-0.000810460477322791
-5.51556747279092e-06
0.000607274364709975
-0.000975745998994155
8.07810535777308e-06
0.000249982625174519
-0.000581399707690368
9.03717107179317e-07
-9.61447222953156e-05
-1.42659282303134e-07
0.000492008996831592
-5.94070860052158e-05
-0.000815764575697955
0.000402565584190367
1.69085926538943e-05
-0.000437578017776241
0.00041438030697286
1.5384512727967e-05
-0.00010436374292895
0.000471573703129683
1.40224705393504e-05
0.000105699383325372
0.000473550280348118
-4.70236422334228e-06
0.000179264729484748
0.000473779728881238
-1.10531553389003e-06
3.78231230171326e-05
0.000463602587837909
1.51144264959182e-05
-5.8625554361143e-05
0.000473431444735991
7.35254038737205e-06
-6.21315092061028e-05
0.000482635559294562
6.46368780878156e-08
-2.70603250392237e-05
0.000479406276462131
-5.33554045533506e-06
-1.31226801389164e-05
0.000453923751112992
-1.57823073834592e-05
-3.15300766442779e-05
0.000437646556485285
-3.79859832949457e-06
-0.000244153898763696
0.000617035611986969
-1.50305826683952e-06
-0.000530801376822843
0.000282612919812244
8.65777551219062e-06
-0.000374701154562608
-1.85355395155835e-07
-6.88495864412582e-05
-3.81200458971406e-05
0.000121476362479988
4.75553150131367e-06
0.000114479279260098
-5.58814472856175e-05
2.20600245851889e-06
0.000229825495236442
1.03439804415224e-05
-5.91466938044602e-06
0.000321757616432683
0.000151035743713195
-3.03362044311901e-05
0.000425186222109479
0.00015260028045323
-3.23114104932257e-05
0.00044560510763978
0.000140314252339988
-2.71495244154902e-05
0.000462645109025105
8.9657563852304e-05
-2.52644399212982e-05
0.000498722446005039
4.37514680742953e-06
-1.41980741009935e-05
0.000395379290405846
-8.81005585273115e-05
-7.90969621890616e-07
0.000185190890350989
-0.000397099508986479
-1.32546772764004e-05
0.000440331558382632
-0.00128124404815024
-1.69988943365584e-05
0.000712382254732352
-0.0024487586362242
-3.42849828950285e-06
0.000421278767240141
-0.00191648223392992
-6.89430951958804e-07
5.155139332039e-05
-0.000551067176095309
8.19607725201644e-07
-4.90610175850853e-05
9.68509597859741e-08
0.000156285043773464
4.59822706309429e-05
-2.98191775779888e-05
0.000406407959211116
-0.000341300626356946
2.37297920868026e-05
0.00044811427725352
-2.60233390469934e-05
4.23661568905293e-06
0.000466769076043775
0.00016938060403228
-1.31016123661985e-05
0.000491986723845982
0.000153129960501026
-9.20373092468593e-06
0.000524713211442445
7.86488575263819e-05
2.24208590755782e-07
0.000579345767981452
-2.64482592019845e-05
6.14669590078869e-06
0.000579588933531285
-5.40257017592543e-05
2.45632734480346e-06
0.000575607977946572
3.92409876893197e-05
-2.67783068781473e-06
0.000311521062892672
-9.63177561272511e-05
2.7237906444307e-06
0.000236153222224312
-0.000631710026730186
6.7243498193259e-07
0.000493251725945122
-0.00169579799960556
7.50957232470363e-06
0.000438188881788157
-0.00141179081430306
-3.27559389728407e-06
0.000148282808436113
-0.00061468345881267
1.99790832270752e-07
-7.93355946537928e-05
2.21721395544548e-07
0.000317217705268375
-0.000335761443008264
4.13924545820368e-05
0.000486283335417915
-0.000487113329139924
-1.38773192438081e-05
0.00053908746622113
-7.71466265442745e-05
-2.59530459092869e-06
0.000537955412321539
0.000158642362092064
5.10205430035246e-06
0.000495692060464462
0.00019223634675402
1.44911553655243e-06
0.000522259677554195
5.52671585789998e-05
-3.40364109629329e-06
0.000577619826899227
-8.230777900588e-05
-2.92166967982653e-06
0.000600941402470328
-6.6827689607543e-05
-4.26813965242917e-06
0.000603089340486066
5.1514169606836e-06
2.5249090588782e-06
0.000491117329729931
1.57068017576353e-05
3.55483232357157e-07
0.000362571009182676
-0.000170433972113721
-5.8377548190377e-06
0.000483410866266933
-0.000732568199628133
5.51553264923325e-06
0.000619982277263817
-0.000970970023773784
-8.07811472922386e-06
0.000254111509291557
-0.000606399058986323
-9.03718950679279e-07
-9.5049444247199e-05
1.42658940368646e-07
0.000365578353813334
5.94071275206552e-05
-0.000728709607355643
0.000277401661508115
-1.69085906334522e-05
-0.00036716020686793
0.000357888038749302
-1.53844977968262e-05
-0.00013023946194187
0.000474659622127164
-1.40223597823131e-05
6.45531592541449e-05
0.000481889756827559
4.70231819910651e-06
0.000170042350203385
0.000490485476769006
1.10512113669871e-06
4.16489649709464e-05
0.000496035019298596
-1.51144264213152e-05
-5.80616159318803e-05
0.000500483145964505
-7.35253806965084e-06
-5.22016897330209e-05
0.000492900895273514
-6.46457479670391e-08
-6.39544524138957e-06
0.000473413434395284
5.33555332473879e-06
2.4367997346473e-05
0.000424052947020906
1.5782288924958e-05
-3.57544589887394e-06
0.000423332187667958
3.79856717219751e-06
-0.000226703828887494
0.000617956773363882
1.50302997728056e-06
-0.000530312252255222
0.00029054922319106
-8.65778316786348e-06
-0.000381873616824658
1.85360920746725e-07
-7.38376829754153e-05
5.77757742601097e-05
4.01235195461946e-05
0.000237101892794038
-0.000154027204338079
0.000399243473291688
-6.2905057020882e-05
0.000467104918456804
0.000171557650436652
0.000478649708160383
0.000152719579773945
0.000478311812413449
9.76151567918331e-05
0.000481957751621545
3.74898123212404e-05
0.000458856615701083
5.07888883009538e-05
0.000414006546701759
4.94993960247197e-06
0.000163789327526075
-0.000335443131197678
0.000373599220516274
-0.00138887827571344
0.000660555821534652
-0.00245892106825078
0.000405967341309083
-0.00189547330945047
5.48462157101042e-05
-0.000564507552622958
-5.27222775594865e-05
0.000263585612061832
-0.000251442101673679
0.000484635294264454
-0.000326181543580158
0.000518405865721705
-8.6010042711223e-05
0.000523770748926169
0.000155522598626681
0.000539671443652794
0.000138881921607364
0.000576125448588179
6.6549119923427e-05
0.000605934399205926
-7.61616665008067e-07
0.000613658993514138
-4.57539041667559e-06
0.000576339929402355
3.17008666914791e-05
0.000285044874997955
-0.000109551018069262
0.000182430296452694
-0.000673511050342033
0.000473058182059178
-0.00175728304808489
0.000419347535327411
-0.00139463784340254
0.00015493136082544
-0.00060740456024587
-8.3731091272147e-05
0.000456824178334205
-0.00056476879888091
0.000593675363175731
-0.000495073248858112
0.000556404948152551
-5.74540641504483e-05
0.000534799317237687
0.000192370034785628
0.000509784326642192
0.000174249991195344
0.000540008548596966
3.5109469347749e-05
0.000579625363022441
-4.15200050902038e-05
0.000603377186712084
-3.95280456897355e-05
0.000600535453014917
9.01953019998708e-06
0.00049106224769809
-1.87173283687617e-05
0.000340271175380048
-0.000216549358496339
0.000451933016549421
-0.00081046039820244
0.000607274391179636
-0.000975745938647984
0.000249982632848529
-0.000581399698083578
-9.61447240785164e-05
0.000492009049542276
-0.000815764777182949
0.000402565546562692
-0.000437578107725381
0.000414380283528314
-0.000104363807100531
0.000471573786357803
0.000105699212562868
0.000473550366204469
0.000179264678556664
0.000473779776645312
3.78230528192541e-05
0.000463602645110741
-5.86255805894886e-05
0.000473431499707115
-6.21315752032487e-05
0.000482635569498974
-2.70602887230053e-05
0.000479406309638176
-1.31226569391279e-05
0.000453923799163953
-3.15300491763529e-05
0.000437646559623653
-0.000244153856494069
0.00061703561945438
-0.000530801323789636
0.000282612927313372
-0.000374701127433027
-6.88495836514868e-05
0.000338063561930193
-0.000293438260414024
5.09425419847823e-05
5.09431317026189e-05
0.000164110105188775
-0.000232722318325559
1.95371026282484e-05
1.9537162518522e-05
0.000134391950410386
-8.14499023805324e-05
-9.6946330798753e-06
-9.69457272653902e-06
0.000213900319250044
-6.25458205551175e-06
-5.25676861629356e-06
-5.25619311775789e-06
0.000272840490490557
0.000110754340618145
-9.62394416419184e-07
-9.62711724159787e-07
0.000281701729269444
1.777201874838e-05
6.55798151002581e-06
6.55784350734053e-06
0.000262323453861899
-3.5960570450075e-05
-2.24437666518479e-06
-2.24458823459676e-06
0.00024595932471755
-3.52272363926496e-05
-5.93515361270111e-07
-5.93582092718955e-07
0.000238060158125435
-6.81499088375185e-06
2.43453926244129e-06
2.43441688935916e-06
0.000238576659188094
1.3076876258006e-05
5.31086691309556e-06
5.31072318984652e-06
0.000251449825837713
2.65909178591511e-05
3.56673556070246e-06
3.5663880412595e-06
0.000258408063911827
-7.04826122388061e-05
6.83992505358974e-06
6.83953458495364e-06
0.000320461770499852
-0.000246189707175955
8.37336497400533e-07
8.37116333963031e-07
0.000171813232535521
-0.000186357997902253
-2.30551731038629e-06
-2.30560934777723e-06
-4.47489737076897e-05
-1.32661038377175e-06
-1.32662188695877e-06
0.000287380323649193
-7.51211666572489e-05
9.6204138697519e-06
9.62108923690814e-06
0.000127198490546708
-7.05055780632933e-05
-1.22372878587267e-06
-1.22362610985774e-06
8.65077526377309e-05
-2.75307853659414e-05
-6.71424379184181e-06
-6.71420591670173e-06
0.000106657648239007
-7.64382015554616e-06
-9.63812985412138e-06
-9.63779736982672e-06
0.000192706944401165
3.49493756873946e-05
-6.06972192806838e-06
-6.06905395001385e-06
0.000209712283595388
1.92595012655646e-06
-1.65853508724039e-06
-1.65842028401845e-06
0.000191101001922073
-8.12656124643543e-06
-5.31452436755564e-06
-5.3143402458108e-06
0.000160967792852546
-1.01939170943239e-05
1.96070825635428e-06
1.96080612286857e-06
0.000148359806328216
-2.46050508575692e-06
3.69465582235231e-06
3.69460767710018e-06
0.000148166787538309
3.90234121432804e-06
5.0366406158114e-06
5.03655208183381e-06
0.000171330934805893
9.71761601145062e-06
8.62692530199268e-06
8.6267935885667e-06
0.000184434626352739
-2.75331127917844e-06
-7.07312543527671e-07
-7.0758313391948e-07
0.000191987789181528
-5.48156679946973e-05
-9.35510128533467e-08
-9.37374859112617e-08
0.000124996927865384
-5.30997318714618e-05
-2.03719041136271e-06
-2.03728479323346e-06
-1.41867501354393e-05
-9.14953037089647e-07
-9.14967188438956e-07
0.000117619632485223
-8.88409005706523e-06
-8.88327039382593e-06
5.54466927943977e-05
-4.25597054002415e-06
-4.25579940769896e-06
3.23929557197616e-05
-2.27876932067075e-06
-2.27887962066717e-06
3.23517807971212e-05
-3.83440495366744e-06
-3.83408422100055e-06
7.57185105746663e-05
-4.69934350591463e-06
-4.69870838607545e-06
8.04986526992442e-05
-1.93430205386549e-06
-1.9334586419466e-06
7.01704863259538e-05
8.80650709978473e-07
8.81314247703563e-07
5.70012039841733e-05
1.23492797133689e-06
1.23518923787332e-06
5.04955174880298e-05
2.11808932299535e-06
2.11809311473657e-06
5.04090655564909e-05
2.14911611793555e-06
2.14896071150074e-06
6.18293929206228e-05
2.35556133843312e-06
2.3553532262049e-06
6.89398898852634e-05
4.19849793488082e-06
4.19783934610602e-06
6.86910327062054e-05
3.01896135464452e-06
3.01873729715565e-06
4.71868927851497e-05
1.77846107017859e-07
1.77781789892286e-07
-3.24405072193296e-07
-3.24414162388093e-07
0.000412847861858002
-0.000250822395821418
-5.09426327287065e-05
0.000221603240341115
-0.000207454261714043
-1.95371096393966e-05
0.000166604047575392
-6.92984488133346e-05
9.69462690954291e-06
0.000225998713475838
3.48579976041813e-05
5.25673215200157e-06
0.000264705357456482
0.000136819793606092
9.624128268753e-07
0.000278286611381441
3.6041547069865e-05
-6.55798472984674e-06
0.000241350751165784
-2.70608805747876e-05
2.24438450141099e-06
0.000229019443603721
-5.19539523117436e-05
5.93523865043914e-07
0.000227287790615635
-2.47211236409117e-05
-2.43453901942657e-06
0.000233679716386209
-1.184236674407e-05
-5.31084733077651e-06
0.00025513612668216
-8.79735002857858e-06
-3.5666800110235e-06
0.000265588732959245
-8.03199009000431e-05
-6.83988649181465e-06
0.000322810079046576
-0.000249444566887638
-8.37312108432149e-07
0.000168932612604924
-0.000180755163828294
2.30552601057822e-06
-4.08292747340063e-05
1.32661098891496e-06
0.000328698134258746
-3.54250036896997e-05
-9.62050911895279e-06
0.000167731359953498
-4.94282574637756e-05
1.22371489345711e-06
0.00010889224249518
-2.40930866611773e-05
6.71424196682828e-06
0.000116730474438448
7.39856399777074e-06
9.63810934047112e-06
0.000188249933542251
5.10218205844466e-05
6.06966192962266e-06
0.000208688356178815
1.03281489151082e-05
1.658516374314e-06
0.000180928511023875
-1.0558051126319e-05
5.31450477550836e-06
0.000149904689865323
-1.83941751598082e-05
-1.96071454502981e-06
0.000141437033082267
-9.35347784671385e-06
-3.69465217706345e-06
0.000143871398908603
-4.45798700717448e-06
-5.03662616070821e-06
0.00016918856848302
5.32978940863174e-07
-8.62689194450629e-06
0.000177676412120637
-1.90078827504902e-05
7.0735039223063e-07
0.000187537083782071
-6.53475908135771e-05
9.35682100579446e-08
0.000124134399241976
-5.3410223541027e-05
2.03719895345173e-06
-1.28091920796485e-05
9.14954073507994e-07
0.000121699671437359
8.88397787194922e-06
6.35443729818547e-05
4.25594761566914e-06
3.47688580538665e-05
2.27877761487957e-06
3.44736855193895e-05
3.83437673746925e-06
7.50653007767421e-05
4.69928973021451e-06
8.04718834144751e-05
1.93422366447519e-06
7.11614651781367e-05
-8.80711167711693e-07
5.47560002670399e-05
-1.23494713748739e-06
4.99268220821344e-05
-2.11809045974078e-06
4.99126475305943e-05
-2.14909567065626e-06
6.13529743400913e-05
-2.35553393730768e-06
6.81673025943346e-05
-4.19842892781014e-06
6.87636690069878e-05
-3.01892943552646e-06
4.69761292538835e-05
-1.77834589892118e-07
3.24406451829447e-07
0.000338063509977654
-0.000293438098554945
5.0943137031546e-05
0.000164110092405292
-0.000232722275356634
1.95371594589612e-05
0.00013439195678278
-8.14498918189366e-05
-9.6945738173614e-06
0.000213900313407316
-6.25455550568709e-06
-5.25622458640873e-06
0.000272840455252521
0.000110754373833966
-9.62687373376597e-07
0.000281701668119731
1.777212096787e-05
6.55786727849275e-06
0.000262323390710731
-3.59605127144734e-05
-2.2445703651225e-06
0.000245959283208307
-3.52271886189571e-05
-5.93578750682347e-07
0.00023806012814252
-6.81496583673121e-06
2.43443325489202e-06
0.000238576636292457
1.30768427771704e-05
5.31072063705544e-06
0.000251449792495257
2.65908293000595e-05
3.56636161955547e-06
0.000258408043470166
-7.04827265213796e-05
6.83953053699107e-06
0.000320461762081387
-0.000246189758225021
8.37112582671002e-07
0.000171813230669028
-0.000186358016487963
-2.30560917314685e-06
-4.47489760354163e-05
-1.32662239929964e-06
0.000287380303066057
-7.51210674857814e-05
9.62108652645952e-06
0.000127198479688666
-7.05055560328498e-05
-1.22362768039986e-06
8.65077572937534e-05
-2.75307877591456e-05
-6.71421016356581e-06
0.000106657658225283
-7.64380207142329e-06
-9.63781525818805e-06
0.000192706923052123
3.49493982989414e-05
-6.0690765375976e-06
0.00020971225943935
1.92602294044687e-06
-1.65840830467556e-06
0.000191100961880388
-8.12651185889e-06
-5.31433622011772e-06
0.000160967768726025
-1.01938961687079e-05
1.96080669458234e-06
0.000148359798304087
-2.460494981116e-06
3.69461216213534e-06
0.000148166783503417
3.90231986286688e-06
5.03654893027298e-06
0.000171330926914211
9.71758069442832e-06
8.62677397926263e-06
0.0001844346260009
-2.75338115330651e-06
-7.07595834761567e-07
0.000191987789061951
-5.48157079594696e-05
-9.37357150445511e-08
0.000124996926909577
-5.30997441398249e-05
-2.037283272858e-06
-1.41867513211675e-05
-9.14966892782932e-07
0.000117619628260254
-8.88327722856633e-06
5.54466895881533e-05
-4.25580138341662e-06
3.2392955260872e-05
-2.27887612438578e-06
3.23517795298139e-05
-3.83409346134025e-06
7.57185063484488e-05
-4.69873716106521e-06
8.04986499665131e-05
-1.93346685512004e-06
7.01704773717835e-05
8.81308989675935e-07
5.70011987790625e-05
1.23518639980347e-06
5.04955168217455e-05
2.11809767096776e-06
5.04090652715307e-05
2.14895767562343e-06
6.1829391774523e-05
2.35534741495328e-06
6.89398925915296e-05
4.19782946078974e-06
6.8691035105638e-05
3.01872792086972e-06
4.71868919997377e-05
1.77778190911364e-07
-3.24414131598757e-07
0.000412848112775467
-0.000250823515499687
-5.09425209607166e-05
0.000221603285040032
-0.000207454526741537
-1.95371195009472e-05
0.00016660383583256
-6.92985774094829e-05
9.69461722173787e-06
0.000225998845321715
3.48571361953136e-05
5.25649668147413e-06
0.000264705682237523
0.000136818733646511
9.62621700625668e-07
0.000278287081284221
3.6040511369324e-05
-6.55777558558935e-06
0.00024135120654119
-2.70615531791541e-05
2.24454721116717e-06
0.00022901968574993
-5.19544971149361e-05
5.9355323158748e-07
0.000227287949608007
-2.47211007088181e-05
-2.43438554662263e-06
0.000233679789882929
-1.18423264573897e-05
-5.31088864304041e-06
0.000255136223373447
-8.79719083031648e-06
-3.56698950285098e-06
0.000265588808685144
-8.03194998989354e-05
-6.84001084439332e-06
0.000322810144347493
-0.000249444268183023
-8.37376393343961e-07
0.000168932622677094
-0.000180754970805686
2.30551838349875e-06
-4.08292456054477e-05
1.32661138185655e-06
0.000328698244919554
-3.54257134971011e-05
-9.62043307505667e-06
0.000167731460493923
-4.94284114793054e-05
1.22371614050495e-06
0.000108892169815914
-2.40929902184782e-05
6.71421754982348e-06
0.000116730352016707
7.39821038249601e-06
9.63797332893653e-06
0.000188250354333251
5.10210841754472e-05
6.06952405040982e-06
0.000208688638839468
1.03272783264719e-05
1.65863490078961e-06
0.000180928827588264
-1.05586539650733e-05
5.31457113597439e-06
0.000149904909170527
-1.83944661366911e-05
-1.96069392431779e-06
0.000141437180158804
-9.35348772111854e-06
-3.69461322874813e-06
0.000143871430066729
-4.4578911513687e-06
-5.03667210423649e-06
0.000169188586633233
5.33144861013379e-07
-8.62710398474848e-06
0.000177676351590198
-1.90074854225263e-05
7.07230323931848e-07
0.000187537063577004
-6.53474755434038e-05
9.35826812635369e-08
0.000124134393748828
-5.34101959100489e-05
2.03720968969278e-06
-1.28091839398889e-05
9.14957129322276e-07
0.000121699683759537
8.88404730627063e-06
6.35443904815079e-05
4.25595742267279e-06
3.47688473077426e-05
2.278794911844e-06
3.44736821282027e-05
3.83432927633825e-06
7.50653659611624e-05
4.69909755702384e-06
8.04719087107378e-05
1.93423871095238e-06
7.11615282766575e-05
-8.80688992806281e-07
5.47560387659207e-05
-1.2349452968696e-06
4.99268271334214e-05
-2.11804601030702e-06
4.99126517101617e-05
-2.14914653163276e-06
6.13529816478086e-05
-2.35560807657819e-06
6.8167295603007e-05
-4.19859819184541e-06
6.87636720615204e-05
-3.01907742487065e-06
4.69761264759483e-05
-1.77898400572057e-07
3.24403565177159e-07
0.000338063867523118
-0.000293439200607495
5.09426062150779e-05
0.00016411017177254
-0.000232722560315167
1.9537129536374e-05
0.000134391887312972
-8.14499482623662e-05
-9.69460996797659e-06
0.000213900338777621
-6.25470909364807e-06
-5.25642874318316e-06
0.000272840711233238
0.000110754205305943
-9.6266445479748e-07
0.000281702195049264
1.77711153920818e-05
6.55775498714501e-06
0.000262323960948777
-3.59611705094275e-05
-2.24457293139819e-06
0.00024595968092685
-3.52277710321981e-05
-5.93565074820336e-07
0.000238060417474708
-6.81529548219478e-06
2.43436893930842e-06
0.000238576850985052
1.30771388385158e-05
5.31087161449438e-06
0.000251450132415282
2.65917206006677e-05
3.56696038401148e-06
0.000258408242936284
-7.04815694429025e-05
6.8399763530034e-06
0.000320461853926714
-0.000246189255127694
8.37355762587418e-07
0.000171813243797089
-0.00018635784034881
-2.30552725703905e-06
-4.47489531468355e-05
-1.32661147468486e-06
0.000287380447252019
-7.51217462520926e-05
9.62053087159951e-06
0.000127198551363353
-7.05057031751504e-05
-1.22370071506687e-06
8.65077081294366e-05
-2.7530751482129e-05
-6.71421148509189e-06
0.000106657580173016
-7.64394137838486e-06
-9.63793494188522e-06
0.000192707051944848
3.49493190627582e-05
-6.06944116481033e-06
0.000209712460085843
1.92530637335475e-06
-1.65862812476038e-06
0.000191101332591457
-8.12703642019057e-06
-5.31455554205395e-06
0.00016096799957933
-1.01941604826519e-05
1.96069965815964e-06
0.000148359873459931
-2.46063594358238e-06
3.6946051034224e-06
0.000148166820762994
3.90251880784174e-06
5.03666081013495e-06
0.000171331019807929
9.717922377507e-06
8.62709025164569e-06
0.000184434643189182
-2.75260854427028e-06
-7.0725545562385e-07
0.000191987812382887
-5.48152472553198e-05
-9.36016433026156e-08
0.000124996937224677
-5.30996022795092e-05
-2.03721975201545e-06
-1.41867397742565e-05
-9.14958461681304e-07
0.000117619656841882
-8.88392840195086e-06
5.54467128834035e-05
-4.25593254415593e-06
3.23929593323034e-05
-2.2788067062012e-06
3.23517938131592e-05
-3.83429181985922e-06
7.57185352335098e-05
-4.69901480344482e-06
8.0498673968622e-05
-1.93415202597515e-06
7.01705597187648e-05
8.80754751430061e-07
5.70012489904737e-05
1.23496732116088e-06
5.04955232373124e-05
2.11804258534056e-06
5.04090674561112e-05
2.14912913216798e-06
6.18294062551653e-05
2.3555865270121e-06
6.89398625645969e-05
4.19853909011021e-06
6.86910084701865e-05
3.01905489086561e-06
4.71868986699506e-05
1.77890482964624e-07
-3.24404976107505e-07
0.00041284815637128
-0.000250823704165526
0.000221603295556151
-0.000207454571451525
0.000166603812779438
-6.92986000032761e-05
0.000225998865880761
3.48570251305303e-05
0.000264705729725516
0.000136818593575036
0.000278287140484344
3.60403913781665e-05
0.000241351262822788
-2.70616264074092e-05
0.00022901971564268
-5.19545520173952e-05
0.000227287969975845
-2.4721090167159e-05
0.000233679798049298
-1.18423163952633e-05
0.000255136230419349
-8.7971745832521e-06
0.00026558881556554
-8.03194661068275e-05
0.00032281015027566
-0.000249444234437384
0.000168932625136662
-0.000180754947630929
-4.08292421307824e-05
0.000328698263448722
-3.54258337089719e-05
0.000167731476709183
-4.94284372943648e-05
0.000108892161953325
-2.40929787809018e-05
0.000116730337155673
7.39816434766359e-06
0.000188250412932461
5.10209819843884e-05
0.000208688675219583
1.0327176097389e-05
0.000180928865685815
-1.05587208549256e-05
0.000149904934631699
-1.83944949078874e-05
0.000141437197463071
-9.35348521302688e-06
0.000143871433563112
-4.45787794654226e-06
0.00016918858714916
5.33163309424242e-07
0.000177676344260299
-1.90074462403192e-05
0.000187537061055849
-6.53474605280736e-05
0.000124134394240782
-5.34101895640841e-05
-1.28091823159702e-05
0.000121699685668653
6.35443933542166e-05
3.47688461493037e-05
3.44736819428981e-05
7.50653753561065e-05
8.04719119392323e-05
7.11615359035679e-05
5.47560433829628e-05
4.99268277184958e-05
4.99126522012036e-05
6.13529822754368e-05
6.81672948465238e-05
6.87636721972279e-05
4.69761263465233e-05
)
;

boundaryField
{
    inlet
    {
        type            calculated;
        value           nonuniform List<scalar> 
24
(
-1.6364429076517e-06
-1.63565559431803e-06
-1.636434157968e-06
-1.63574669586057e-06
-1.63653622216667e-06
-1.63575541477896e-06
-0.00106460656792627
-0.000638557946699245
-0.000212751651050469
-0.0010646068943137
-0.000638558243742986
-0.000212751694009536
-0.00106460656748157
-0.000638557946383909
-0.000212751650993559
-0.00106460690219657
-0.000638558248724657
-0.000212751695127762
-0.00106460657509924
-0.000638557950991512
-0.00021275165195267
-0.00106460690194137
-0.000638558248662783
-0.000212751695154389
)
;
    }
    outlet
    {
        type            calculated;
        value           nonuniform List<scalar> 
156
(
-3.42075804628272e-06
-3.42753946705968e-05
-8.89045716895819e-05
-0.000168097939390742
-0.000198575549109433
-0.000204507273349642
-0.00020547280544073
-0.000215498235618073
-5.38493842861636e-05
0.000760432217343112
0.00252173126120181
0.00266056633340891
0.00185568611404276
0.000575509113361865
4.53399171399362e-05
-5.11303007094113e-06
6.55640860935751e-06
-0.000103070224761173
-0.00026107304658004
-0.000235179588700311
-0.000208697542305731
-0.000195557421542842
-0.000212289640567064
-0.00016884954803813
0.000594740983539434
0.00258315670850924
0.0026737413252929
0.00186510942616422
0.000592654536742142
4.73782908546254e-05
-3.42075289352125e-06
-3.4275311727134e-05
-8.89045968409823e-05
-0.000168097863215119
-0.000198575520469045
-0.000204507249810496
-0.000205472777682672
-0.000215498243122462
-5.38497955740766e-05
0.000760432021995574
0.0025217313642148
0.00266056627605521
0.00185568606655064
0.000575509089291467
4.53399157295071e-05
-5.11302811451847e-06
6.55682788438345e-06
-0.000103070432342938
-0.00026107350969116
-0.000235180015441896
-0.000208697849880038
-0.00019555757847636
-0.000212289663047333
-0.000168849127285355
0.000594740595422027
0.00258315576165677
0.00267374213411303
0.00186511018377813
0.00059265475431317
4.73783197299247e-05
-3.42078953841172e-06
-3.427589883078e-05
-8.89044424013876e-05
-0.000168098596909744
-0.000198575808283956
-0.000204507490298405
-0.000205473084043221
-0.000215498217608279
-5.38457735503772e-05
0.000760434352049925
0.00252173015655532
0.00266056650744128
0.00185568625044591
0.000575509201153747
4.53399123173403e-05
-5.11302941451613e-06
6.55692954262604e-06
-0.000103070388521844
-0.000261073562167425
-0.000235180057835523
-0.000208697883741009
-0.000195557595222064
-0.000212289662470677
-0.000168849065114967
0.000594740591222245
0.00258315570100363
0.00267374220022681
0.00186511024584282
0.00059265477730997
4.73783214221847e-05
1.47460069220942e-05
4.16214905106212e-05
7.71694426683945e-05
9.89006171271439e-05
6.15435645490024e-05
4.5064049153447e-05
1.6956210397967e-05
1.5350258930257e-05
4.3551293125942e-05
7.89859409476599e-05
9.95043265012497e-05
6.16553191807018e-05
4.50862580875556e-05
1.69195018752595e-05
1.47460061169774e-05
4.16214887970863e-05
7.71694409771147e-05
9.89006157215647e-05
6.15435640707207e-05
4.50640489937386e-05
1.69562103425161e-05
1.53502644180944e-05
4.35513065987762e-05
7.89859570690855e-05
9.95043378734409e-05
6.1655320679261e-05
4.50862567003137e-05
1.69195012595652e-05
1.47460085960483e-05
4.1621500074079e-05
7.71694490436791e-05
9.8900622161661e-05
6.15435657803505e-05
4.50640493452357e-05
1.69562104315844e-05
1.53502650497951e-05
4.35513083179999e-05
7.89859595621785e-05
9.95043401879034e-05
6.16553214337878e-05
4.50862568813031e-05
1.69195012537347e-05
-1.22117596087339e-05
-1.06190988589319e-05
-1.38530648910957e-05
-9.35678562224129e-05
-9.10703224619243e-06
-7.3286378325811e-06
-5.48229414999171e-05
-0.000115333618960212
-1.22117542400109e-05
-1.06191112347298e-05
-1.38530606223161e-05
-9.3567838743384e-05
-9.10697405417135e-06
-7.32897906892161e-06
-5.48232714261569e-05
-0.000115333807222266
-1.22117939541921e-05
-1.06190352801945e-05
-1.38530453738594e-05
-9.35679585275937e-05
-9.10696902850874e-06
-7.32901626958142e-06
-5.48233142273399e-05
-0.000115333837632738
)
;
    }
    sides
    {
        type            calculated;
        value           nonuniform List<scalar> 
84
(
0.00040150568514054
0.000354328273610061
0.000306978932104383
0.000401505433868194
0.000354323529476203
0.000306976847333588
0.000401505689062852
0.000354328263926366
0.000306978974626029
0.000401505378055112
0.000354323498744321
0.000306976708285913
0.000401505641780729
0.000354328331696772
0.000306978653537096
0.000401505372052169
0.000354323495834671
0.000306976689199306
-4.04971381182161e-07
-2.16440729026773e-07
-1.33204042290693e-07
-4.07256211323653e-07
-2.19200934685319e-07
-1.42275434554355e-07
-4.05166546011988e-07
-2.1694049952151e-07
-1.33853824238234e-07
-4.07075361929599e-07
-2.18745988340399e-07
-1.41345679044468e-07
-4.03387029234347e-07
-2.13187508249046e-07
-1.29239988153453e-07
-4.07089527267122e-07
-2.18728353562647e-07
-1.41225402892908e-07
-9.22924612666672e-05
-9.23062283430931e-05
-9.22932390712741e-05
-9.23049221398623e-05
-9.22881028472981e-05
-9.2304746980253e-05
-7.73921210550122e-05
-7.74146161130049e-05
-7.7392886461702e-05
-7.74115256517313e-05
-7.73882607991478e-05
-7.74110884368784e-05
-5.35005818275008e-05
-5.34696126635408e-05
-5.35010736142383e-05
-5.3467294603492e-05
-5.34975857845708e-05
-5.34669198732975e-05
-6.68141058650568e-06
-6.74218174843413e-06
-6.68193264565799e-06
-6.73947523281726e-06
-6.67833312916171e-06
-6.73895979088105e-06
-0.000177241656773528
-0.000177128978761419
-0.000177242141257753
-0.000177126041071102
-0.000177238585409786
-0.000177125495844203
-0.00255540211472754
-0.00255563313945959
-0.00255540281801567
-0.00255562851950218
-0.00255539755979458
-0.00255562766616974
-0.00168619804123138
-0.00168624189492891
-0.00168619878181947
-0.00168623765008154
-0.00168619321423112
-0.00168623685004855
0.00393804668802721
0.0039379526399732
0.00393804621811396
0.00393795625184048
0.00393804861144754
0.00393795670190704
)
;
    }
}


// ************************************************************************* //
