/*--------------------------------*- C++ -*----------------------------------*\
  =========                 |
  \\      /  F ield         | OpenFOAM: The Open Source CFD Toolbox
   \\    /   O peration     | Website:  https://openfoam.org
    \\  /    A nd           | Version:  11
     \\/     M anipulation  |
\*---------------------------------------------------------------------------*/
FoamFile
{
    format      ascii;
    class       volVectorField;
    location    "0.0000900086";
    object      U;
}
// * * * * * * * * * * * * * * * * * * * * * * * * * * * * * * * * * * * * * //

dimensions      [0 1 -1 0 0 0 0];

internalField   nonuniform List<vector> 
900
(
(-0.233229554284186 -0.403999446583025 685.501610227161)
(-0.196667453970962 -0.340646541068298 684.917821092897)
(-0.169409972017486 -0.2935386163664 683.158962537923)
(-0.107005266968378 -0.18537176386947 685.371023040556)
(-0.0910300521582996 -0.157674457766489 684.818965498614)
(-0.0780899280285952 -0.135316240631599 683.102464080747)
(-0.0831310214504631 -0.144020581120422 685.130631968665)
(-0.0724025126124485 -0.125410147508919 684.621335220589)
(-0.0613590485052019 -0.106407514993581 682.957675340543)
(-0.466801252804691 -1.4711395320415e-06 685.501576197936)
(-0.396043450243275 -5.98964896572495e-07 684.915889617911)
(-0.340527483398279 -2.2618864022324e-06 683.159752291105)
(-0.215279933540732 -1.44640005975874e-06 685.371579329768)
(-0.186508678860411 1.27421314541739e-07 684.818431472104)
(-0.158637887013822 -9.15774796336237e-06 683.104243408503)
(-0.166952776346264 -1.0417398111981e-06 685.130749416888)
(-0.146620896352799 2.29245188026722e-06 684.620952816492)
(-0.123868206246957 7.05005525261977e-07 682.957527878299)
(-0.233229835915839 0.40399696403564 685.5016084282)
(-0.196669896396484 0.340651167913691 684.917809171495)
(-0.169399801751091 0.293514881561884 683.158934149435)
(-0.107005758962381 0.18536982255364 685.37102148714)
(-0.0910335429364115 0.157681279622407 684.8189551527)
(-0.0780919850325441 0.13531352335483 683.102441286159)
(-0.0831313599786158 0.144018303689253 685.130631339376)
(-0.0724045360070734 0.125414020948261 684.621331004371)
(-0.0613614585896529 0.106402644896416 682.957671249279)
(0.233430083070756 0.404278513541232 685.501587132258)
(0.198038312512367 0.342996448454932 684.91592353489)
(0.170343554465919 0.294963598906774 683.159838563303)
(0.107668615171781 0.186454071355859 685.371589954934)
(0.0932646317872883 0.161532765359256 684.818465272589)
(0.0794366638915974 0.137436412366625 683.10430242799)
(0.0834990772307958 0.144599337560839 685.130755623572)
(0.0732920402216493 0.126978372036805 684.620973597919)
(0.0620093962425364 0.107345899549472 682.957571873476)
(0.466511209888179 -1.5029912677925e-06 685.501628267117)
(0.393311863994389 -1.26910308407243e-07 684.917905651084)
(0.339087693130602 -1.67810330753082e-06 683.159176174624)
(0.214055763507807 -1.4127097024398e-06 685.371038221213)
(0.182014691414608 1.95065502038613e-07 684.819039188547)
(0.156289939743362 -7.61838362124881e-07 683.102634797316)
(0.166310385081419 -1.44274943425965e-06 685.130639106151)
(0.144781721691842 1.2719927275004e-07 684.621367731362)
(0.122930983445904 -3.29436833149001e-06 682.957724417475)
(0.233430233574988 -0.404281736892457 685.501587357639)
(0.198038768597256 -0.342998061797845 684.915927503145)
(0.170347433020449 -0.294975619013736 683.159845235511)
(0.107668768477665 -0.186457253991008 685.371590177203)
(0.0932653313965731 -0.161533556689603 684.818468954657)
(0.079432236989991 -0.137449802035462 683.104307223945)
(0.083499279690952 -0.144601791357782 685.13075589269)
(0.073293056059922 -0.126975521765889 684.620975924644)
(0.0620122537103562 -0.107350463563341 682.957575669763)
(-0.105111086751168 -0.181789764617115 681.99739302566)
(-0.0563600928291608 -0.0970708817409702 681.833911805851)
(-0.0351406341345792 -0.059976295886853 685.773000342623)
(-0.0474221691011232 -0.0818100246432546 681.969571557687)
(-0.0235449217023096 -0.0402563791347888 681.835314287102)
(-0.0150053437649735 -0.0251150666830916 685.77845301534)
(-0.0357946530440837 -0.0614653172301832 681.883286925226)
(-0.0174264378109816 -0.0289647402657136 681.798716071782)
(-0.011874160862243 -0.0189480752127765 685.759534362284)
(-0.211195781347793 3.8437431043333e-05 681.996904801561)
(-0.113688751912644 8.60910487500929e-05 681.833143034441)
(-0.0742432120221791 0.000122502190625575 685.769804168084)
(-0.0963211073693667 4.11273494091831e-05 681.970188892768)
(-0.0482002924714434 8.6435674221275e-05 681.835453120824)
(-0.0346269623019783 0.000117701571580511 685.778456064094)
(-0.0721134932155455 4.45645919198943e-05 681.883233914901)
(-0.0347226453358865 0.000111900553252889 681.798545541467)
(-0.0241873692856867 0.000149880872910741 685.758776279261)
(-0.10515336714283 0.181882069040669 681.997299137162)
(-0.0564616402385442 0.0973133578357967 681.833754282464)
(-0.0352569016774118 0.0603012986296795 685.772876444509)
(-0.0474746275368018 0.081923815261231 681.969510074476)
(-0.0236773979253009 0.0405385271583201 681.835242577038)
(-0.0151583327558392 0.0254961493382133 685.778435489089)
(-0.0358213331304439 0.061559250386665 681.883249726473)
(-0.0174960298474489 0.0292180577181263 681.798669615381)
(-0.011936613005137 0.0192609604658984 685.759510340875)
(0.10530364191804 0.182962729016525 681.997113793988)
(0.0561880819362621 0.0985609047120681 681.833382267478)
(0.0361398890005043 0.0643002347998976 685.77006933711)
(0.0477879439940646 0.0834087544842131 681.97047287362)
(0.0234070615075064 0.0417789621416312 681.835918538282)
(0.0162730353516501 0.0297952769972227 685.778852520527)
(0.0353644691048756 0.0621809770761616 681.883316548817)
(0.0160679409210242 0.0297127146716889 681.798544943161)
(0.0105451838253345 0.0205002856696927 685.758674448561)
(0.209166355687359 7.53395153367074e-06 681.998140788175)
(0.110547770492712 2.3541528157735e-05 681.834801772633)
(0.067437304548864 5.4767596052335e-05 685.773612837148)
(0.0935252077433053 9.35016464430696e-06 681.970069632705)
(0.0445862613743213 1.87503953402615e-05 681.835645692252)
(0.0267697458506918 5.21541438379402e-05 685.778435275554)
(0.0702715174172676 1.95301045781562e-05 681.883544946275)
(0.032149678424041 5.83869586630213e-05 681.79892240592)
(0.0203644302125588 0.000103585668158845 685.759549056269)
(0.105341460046142 -0.182949475548336 681.997124774964)
(0.0562654890208889 -0.0985053077992488 681.833414515611)
(0.0362194394188684 -0.0641817078012966 685.77012654148)
(0.0478238710782846 -0.0833866151004897 681.970497920761)
(0.0234796247566321 -0.0417186777376243 681.83599427546)
(0.0163311950110697 -0.0296522081808602 685.778932797774)
(0.03538011440688 -0.0621120976906709 681.883324719331)
(0.0161018724962236 -0.029532343481655 681.798550990419)
(0.0105937661439129 -0.0202737786789234 685.758669586942)
(-0.0198778483835427 -0.0337980391433105 695.957718671273)
(-0.00808149426878163 -0.0137298175902943 695.963072399458)
(-0.00903407862054266 -0.0132261259596563 695.969417400736)
(-0.0463145062429172 0.000139156611928787 695.953168140099)
(-0.0243277917541883 0.000113741555022196 695.963682072863)
(-0.0173278437413871 0.000225000890477797 695.971178616596)
(-0.0200406850181991 0.0341649416693209 695.957619713217)
(-0.00833540262377959 0.0142027645388195 695.963078704362)
(-0.00912075824999552 0.0136988351049414 695.96948916942)
(0.0220690906254549 0.040054606864225 695.953111656911)
(0.0111979518941975 0.0208140083246754 695.963844582019)
(0.00613362791356338 0.0138479461816511 695.971019866794)
(0.0369231249845417 3.89339350097475e-05 695.958197783941)
(0.0128621088462202 1.14880906685744e-05 695.962964644045)
(0.0132693899878492 0.000170930472304448 695.969056082816)
(0.0221467907649845 -0.0399096133342089 695.953109978721)
(0.0112453807759133 -0.0206706684329325 695.963883820101)
(0.00614752452328188 -0.0134023601711053 695.970987663432)
(-3.15097659942643e-05 0.00167186234547511 709.239913407108)
(0.00275208763614646 0.00647471208491494 709.246845911964)
(-5.65774646418527e-05 0.00231404680685191 709.257217836686)
(-0.00948658685409874 0.000183719551152556 709.236575137528)
(-0.00231348602357859 0.000192440540347711 709.246430953773)
(-0.00313003791895324 0.000227260329649842 709.257518071537)
(-0.000112413402681547 -0.00128029806082386 709.239896866111)
(0.00266130640734855 -0.00606834261992655 709.24686603879)
(-0.000105931151315064 -0.00186688874859139 709.257223576479)
(0.00304699949895439 0.00774150480342174 709.236493808303)
(-0.000674420066366081 0.00141041038154844 709.246453855203)
(-0.000690755965804657 0.00185867316725362 709.257625462485)
(-0.00360368953386247 0.000125197903202574 709.239981659963)
(-0.00927067116102405 0.000124016741760759 709.24672538646)
(-0.0043400639018342 0.000182327231216692 709.257220477418)
(0.00309882210629965 -0.00746363989552054 709.23648026981)
(-0.000628608244259463 -0.00110485159256176 709.246457364315)
(-0.000656153458958541 -0.00146108875355131 709.257642786364)
(-0.0180762186598882 -0.030264421404567 724.068903045334)
(-0.00968599029925186 -0.0156986809232889 724.077159861166)
(-0.00551206211740184 -0.00779233488417078 724.088218690399)
(-0.0200238786008762 0.000126645790352053 724.072485151597)
(-0.00526482669392829 0.000133645004105584 724.076161342827)
(-0.0075917537094359 0.000138802300775588 724.08583700275)
(-0.0181359788861927 0.0305072932976464 724.068913982157)
(-0.00974805517574674 0.0159498029469367 724.077175929609)
(-0.00552573625039899 0.00806365758381577 724.088215937584)
(0.00866312493049447 0.0168014384955539 724.072545686737)
(0.00113987667045842 0.0038595370614989 724.076239383088)
(0.00223957250419941 0.00582571103313843 724.085942722526)
(0.0337987126571007 6.97194835426231e-05 724.068839507476)
(0.0169428245994026 7.18321307906955e-05 724.077080416357)
(0.00805072741961099 0.000124281407848306 724.088258766394)
(0.00868184220694306 -0.0165803930013349 724.072554407956)
(0.00114585570488822 -0.00360247559745114 724.076251612074)
(0.00224155035565743 -0.00555044006593579 724.08595957685)
(0.0260213231792897 0.0467107447681406 740.784298236935)
(0.0149857045839181 0.0275478531415014 740.784291928895)
(0.0067283548496392 0.0136219089894069 740.80070030304)
(0.0235109094455772 0.000146123855646142 740.781024736826)
(0.011113093329765 0.000148043747627168 740.786570821731)
(0.00605969969832135 0.000150952777012385 740.798413976732)
(0.0260008379142962 -0.0464266890136672 740.784305568981)
(0.0149604128941047 -0.0272626056147849 740.784296764991)
(0.00672500607324239 -0.0133191716540516 740.800702258762)
(-0.0132931178189899 -0.0210926485209586 740.780996567895)
(-0.00711975874248846 -0.0103736419420023 740.786512220886)
(-0.00464303917437728 -0.00608072330725184 740.798381239138)
(-0.0549001856009038 0.000124149369080965 740.784253418703)
(-0.0328013997738239 0.000120551571233736 740.784262874084)
(-0.0166270909677451 0.000148462253423348 740.800679701637)
(-0.0132931744331663 0.0213846838946779 740.780991737251)
(-0.00712014844087713 0.0106701780636214 740.786500254219)
(-0.00464884911230219 0.00639243347005059 740.798372499919)
(-0.0491361949413655 -0.0836408656559998 760.168666015925)
(-0.0307304887621124 -0.0515826890277359 760.172898196393)
(-0.0127176522328081 -0.019991854916437 760.171548720564)
(-0.0427746267826694 0.000132424460644151 760.169579544977)
(-0.0203844178114819 0.000134818139806314 760.166736951374)
(-0.0103531701918267 0.000141528153094627 760.164924423464)
(-0.0491603898292355 0.0838948304757535 760.168680430667)
(-0.0307481175702426 0.0518528978756486 760.172909580695)
(-0.0127147650987517 0.0202872545367867 760.171568837669)
(0.0198513943723512 0.0361999430936813 760.169626429797)
(0.00855728332574563 0.0166685374888825 760.166694375474)
(0.00350880360651721 0.0080276023206493 760.164778064518)
(0.0956418519574623 0.000105655868154047 760.168584146304)
(0.0586200666076211 0.000119479523675326 760.172833769264)
(0.0222009625458819 0.000150623655516808 760.171434113396)
(0.0198369507102814 -0.0359105708211341 760.169633301208)
(0.0085296493512774 -0.0163513953151898 760.166685021912)
(0.00348767499836426 -0.00770795328003538 760.164754846606)
(0.075858283830957 0.133451032860462 785.007631109788)
(0.0440461455266142 0.0781447188227812 785.037183043548)
(0.0169438201252411 0.0314767616552471 785.036173938273)
(0.0519927906861274 0.000131381741413902 784.991178839237)
(0.0190959641980946 0.000131769793923746 785.01909641875)
(0.00614485290911944 0.000143490300202056 785.036680749391)
(0.0758743942643186 -0.133182677421349 785.007648407278)
(0.0440444732752478 -0.0778780813396893 785.037193266577)
(0.0169508875000528 -0.0311826023699311 785.036187462529)
(-0.0275488524093407 -0.0458644140781858 784.991069692667)
(-0.01112596446995 -0.0174177431021865 785.018948927643)
(-0.00476414064925386 -0.00624475668740712 785.036507844584)
(-0.154856691923061 0.000147880779452924 785.007540002246)
(-0.0910910931309128 0.000131081847101895 785.037131811916)
(-0.0372348257060662 0.000153395651722371 785.036109510141)
(-0.02756111536332 0.0461474958667561 784.991049408831)
(-0.011142528059818 0.0177091541286736 785.018921484689)
(-0.0047784972882144 0.00655626975165485 785.036475214515)
(0.0127632769408478 0.0236689793553831 813.388663471887)
(-0.0131852030793997 -0.021295911741572 813.449515179421)
(-0.00946551991132902 -0.0148208571852795 813.503187682831)
(0.014411062647538 0.000105143588950406 813.431238153361)
(-0.0204750793769986 0.000105889102330314 813.472876611657)
(-0.0164842552540141 0.00010845065359119 813.507348985969)
(0.0127703211453937 -0.023454967365248 813.388675300905)
(-0.0131810665834618 0.0215118236261363 813.449524783471)
(-0.00946259999147848 0.0150438764047113 813.503198788243)
(-0.00840058892249926 -0.0130896267267844 813.431114408)
(0.00902512267659563 0.0171017628712661 813.472761300055)
(0.00700139599204986 0.0136304867835324 813.5072436332)
(-0.0279624103876699 0.000112845075094541 813.388600359634)
(0.0239359091104213 0.000111277275766005 813.44946391362)
(0.0164322713605406 0.000113906043393305 813.503129111511)
(-0.00840501431631294 0.0133070530520213 813.431091548037)
(0.00901898994562981 -0.0168798948882112 813.472739918857)
(0.00699520732793553 -0.0134032313008439 813.507224301605)
(0.0303981155430418 0.0541704806605793 852.279962358693)
(0.0354661453415174 0.0629489496866013 852.167993159716)
(0.0153873359405391 0.028197750925697 852.045212785895)
(0.0371964040369961 0.000104353096275808 852.214539628842)
(0.0405689758945125 0.000105185704684842 852.127297184488)
(0.0199522839854022 0.000107681099956947 852.046886899208)
(0.0304034386400959 -0.0539590014079293 852.279971475624)
(0.0354704234684728 -0.0627355542262164 852.168001634673)
(0.0153903310919859 -0.0279781493627895 852.045220442753)
(-0.0197742832499636 -0.0328067145457056 852.214456357976)
(-0.021477779259104 -0.0357463976540553 852.127224209173)
(-0.0111912967759377 -0.0178974901083151 852.046821754055)
(-0.0631817900481471 0.000110135157418048 852.279912915155)
(-0.0733297411182753 0.000110200968988763 852.167947108769)
(-0.0332267466114157 0.000112270644540758 852.045171750421)
(-0.0197777404406272 0.0330209697248172 852.214441056683)
(-0.0214827411255643 0.0359649420352709 852.127210769309)
(-0.0111953697987795 0.0181196046360376 852.046809935803)
(-0.268794152090989 -0.465602983226077 682.789725230205)
(-0.12503200639904 -0.216600126828339 682.569943667545)
(-0.0967674106820278 -0.167645220849916 682.246886874636)
(-0.537366525869713 -1.55879845207849e-06 682.789926403155)
(-0.250709703296166 -1.61633666886441e-06 682.570248051747)
(-0.193897051342227 -1.6068556354929e-06 682.247020183657)
(-0.268794104623783 0.465599673421241 682.789724933453)
(-0.125032023387685 0.216597044376367 682.56994331957)
(-0.0967674128464395 0.167641974005288 682.246886686751)
(0.268714147699833 0.465390023580463 682.789931481982)
(0.12538608340466 0.217137658122497 682.570253401539)
(0.0969800660848718 0.167936930040603 682.247023795335)
(0.537651814987231 -1.62720606762065e-06 682.789729926684)
(0.250125008974986 -1.56965811348388e-06 682.569948350998)
(0.193597973964932 -1.63581673416489e-06 682.246889816633)
(0.268714226260919 -0.465393302399204 682.789931325257)
(0.125386073973655 -0.217140901070053 682.570253342177)
(0.096980072831393 -0.167940176242512 682.247023885257)
(-19.8147575678432 -34.3201793807559 9.92303206133537)
(-9.5979074326235 -16.6239871188123 20.3674799935451)
(-8.76612875219992 -15.1834285188497 87.6015801889924)
(-24.7028170698001 -42.7869086940336 95.0934387657594)
(-26.374300886054 -45.6818836183281 118.177273015424)
(-26.2727670362283 -45.5057027231148 124.840500074601)
(-25.8168400517397 -44.7160451179628 128.29443437232)
(-24.7240195086506 -42.8236120273872 159.636296651963)
(-4.75064638499764 -8.22868736922769 189.264664942306)
(68.2313785794691 118.180073688777 142.612611970386)
(149.304106041357 258.602286094392 97.9853013750415)
(121.519269211893 210.477568439178 123.822304006356)
(79.0134270818588 136.85528710881 82.5180322191417)
(24.5511925060527 42.5239173032175 31.3248995326104)
(2.01875072713221 3.49657930877804 3.59838688946265)
(-18.3609335745302 -31.8022822230393 40.2953634246476)
(-8.37453697346869 -14.5049318064056 360.000808123826)
(-40.9311531520098 -70.8944934938955 432.705988054866)
(-13.9476704248314 -24.15809694209 375.833194880847)
(-8.24203423284379 -14.275832094738 325.109225273961)
(-1.45821197834577 -2.52591363569228 295.256136836789)
(7.30613922004553 12.65444038322 325.423985526937)
(12.4417107378261 21.5494386088147 406.983003809806)
(-3.23664003856177 -5.60643045337121 413.49727190339)
(32.5734540357965 56.4184721096286 340.311436551917)
(113.850170954405 197.194153155628 141.247576356406)
(111.654325360091 193.390949962455 158.671809382146)
(60.7793906796913 105.272984324541 110.266643429219)
(24.2072771178684 41.9282317043853 52.5887579145461)
(3.40096115272474 5.89063725089475 11.1703835408657)
(53.4470543760438 92.5730240788203 205.690836561714)
(202.864969544933 351.372908969414 1120.58641355549)
(19.3234086050294 33.4702291734125 1112.37550508996)
(-92.6222944129879 -160.427271437127 828.387340718617)
(-58.129466669046 -100.683653136393 675.350500735128)
(-12.5350342513992 -21.7114369514656 594.99559532785)
(9.65042462077467 16.7159366435826 663.156161669975)
(6.212743294257 10.7613190631499 746.616927752972)
(-8.60148745783966 -14.8984104753486 776.110849187519)
(-1.98537660610625 -3.43883587378071 751.956806443471)
(80.220200231127 138.944871961513 435.753661680769)
(124.98649518078 216.482780255153 260.369714822031)
(70.4446050525852 122.013589549716 171.29736468264)
(32.3560087787982 56.0422361463819 88.5419045389075)
(5.68086235413676 9.83953666139678 25.9028880616786)
(345.137421717205 597.795643797626 899.3555375228)
(543.590409365282 941.526400711437 1608.63736899247)
(195.435333820864 338.504180882665 1655.96173412875)
(-64.6196689866831 -111.92163396886 1421.24559598881)
(-93.2633218419391 -161.537071720406 1103.69004820325)
(-14.5318298999729 -25.1715816142248 935.048773241687)
(49.1317855634198 85.0985439605437 1008.10903990279)
(35.1507738824858 60.8829573960416 1083.66781008649)
(1.44315898217603 2.49961616494933 1180.66977202061)
(-14.2649653538255 -24.7065886295774 1169.9918967517)
(15.5388688259177 26.91494649295 850.381390218356)
(76.3552883340945 132.251056347696 412.17164068688)
(67.8141265914735 117.457421933153 272.071239060295)
(34.0513057082451 58.9785547425451 136.498216924313)
(7.65089517538692 13.2517311173356 45.9610023335097)
(-20.6861829066524 2.35694317114446e-06 7.61367909385853)
(2.79549350709859 3.49935096691444e-06 108.108603212734)
(-17.0881392744769 4.25227644632465e-06 179.93226411102)
(-62.3220828530169 1.12426996823825e-06 166.128381462693)
(-56.8037079620525 -2.45338435834918e-06 155.365590152573)
(-50.7765971321467 -6.36340734959209e-06 139.374720694986)
(-45.4020346202936 -1.28237921901685e-05 135.028330047907)
(-53.5185196597536 -2.93078138177394e-06 140.413455401446)
(-35.2227790929564 -2.07054500681238e-05 151.766755734302)
(99.9018496487849 -2.0047311546141e-05 112.908082854511)
(295.722353574257 -9.28458523226401e-06 82.2476013936314)
(241.611378716504 -4.30710044040935e-06 118.058979644064)
(158.114673921581 -1.27108718999486e-06 79.8820520433502)
(50.4916665031792 5.04899110880433e-08 31.6650934130452)
(4.2205493095088 6.17718338298504e-09 3.75084579854692)
(27.5210783931963 -1.83945364471792e-06 57.803524623117)
(108.530370761939 9.60759856481103e-06 385.588110179561)
(10.4784284456509 1.42554194058371e-05 497.589380886207)
(-46.30270063632 6.24384179911371e-06 460.163779903065)
(-25.5871447585718 9.56138776064837e-07 375.9476027415)
(0.397023288289786 -1.10115434463974e-05 323.694986372601)
(15.0060266260526 -1.95729456099253e-05 338.377467726546)
(9.90079883351856 -3.6286908266433e-05 383.442253977496)
(-7.16460399201495 -5.56778700919302e-05 410.894745510722)
(86.1753961245812 -6.9488532338253e-05 341.193044493138)
(250.484053816807 -3.48563941811936e-05 117.267231229714)
(228.035064093211 -1.02245499881715e-05 152.429408610695)
(121.293027249004 -2.1131130304367e-06 107.714938618379)
(48.6656132561583 -1.12428245788834e-07 52.1688865927563)
(7.21749813002706 4.74883244809794e-09 11.7104178902865)
(200.752389807024 -2.62123261332722e-06 267.282351595332)
(237.838170075728 5.09851135592662e-05 978.617062841946)
(16.2215952446508 4.24676424258679e-05 971.405452862362)
(-162.545001480589 4.41703124106706e-05 818.72154317111)
(-103.216045094401 5.77249748905395e-06 673.942578076594)
(-13.0446495579093 2.73737094445527e-05 617.950978642964)
(-8.06386380760913 7.35917128011031e-05 651.558805017058)
(-14.5658611389214 -2.34909124819992e-05 721.991246639181)
(-34.6596936369353 -7.71613424634695e-05 768.352005855141)
(-0.0674096014216281 -0.000112637391975011 789.536780549918)
(186.802372535437 -7.61758993665414e-05 438.544664854304)
(264.323515401733 -2.03030471092501e-05 254.150078332456)
(141.362765786478 -4.01588617783521e-06 170.051906899974)
(63.4250711901576 -6.04510356879803e-07 87.65986324598)
(11.6243685115956 4.2287069385511e-08 26.5198407187106)
(546.597243115302 6.38629776148586e-05 869.403020041972)
(778.131691362089 8.15558892110193e-05 1540.22625243328)
(202.190490922199 6.57215265597352e-05 1429.49413920387)
(-194.466283544783 7.65813496680314e-05 1300.93587623883)
(-186.931195075046 9.34096903414715e-05 1037.26926041971)
(-19.171754983914 0.000259176544204882 916.02928580874)
(100.077857853258 5.00724572467251e-05 961.819609083379)
(76.0308455525316 -6.14151978910145e-06 1048.54448937242)
(16.854217022522 -6.04039499047888e-05 1166.18713127709)
(15.4216606979254 -1.8246653520632e-05 1211.59894278753)
(72.9130184509775 -6.33577925487131e-05 919.658868462028)
(168.538357751033 -3.52645192617378e-05 426.652006563709)
(137.430655175745 -7.69280414976963e-06 273.163074413948)
(67.157007218785 -1.833627693682e-06 135.696500180625)
(14.773784875861 -1.1364257600224e-07 46.1892005778038)
(-19.814759640168 34.3201809862444 9.92302483551709)
(-9.59790467964163 16.6239814288092 20.367440053795)
(-8.76614227380158 15.1834386007763 87.6014968943197)
(-24.7028359991448 42.7869006958421 95.093389041522)
(-26.374313813484 45.6818788924014 118.177245525022)
(-26.2727635713237 45.5057051230804 124.84047596464)
(-25.8168350356718 44.7160455653173 128.294405476434)
(-24.7240398542914 42.8236177409729 159.636209286708)
(-4.75069316674421 8.22874287299236 189.264545151645)
(68.2313411890511 -118.180024502912 142.612526080249)
(149.304094584341 -258.602269995344 97.9852634821067)
(121.519262860485 -210.477557154382 123.822287311032)
(79.0134242610015 -136.85528169549 82.5180213257311)
(24.551191265052 -42.5239151835243 31.3248961744225)
(2.01875065991001 -3.49657918663254 3.59838670413829)
(-18.36096577359 31.8023111907038 40.2953965057167)
(-8.3745401391562 14.5049565844514 360.000683247283)
(-40.9311173423994 70.8944592316756 432.705881155156)
(-13.9476605562258 24.1580659865526 375.833075528884)
(-8.24204949228538 14.2758291573419 325.109123184886)
(-1.45822100786324 2.52591338982293 295.256061887252)
(7.30612387080958 -12.6544191106932 325.423894125819)
(12.4416667809662 -21.549377508766 406.982848098865)
(-3.23668164166134 5.60647107084489 413.497109800885)
(32.5734454145031 -56.4184927585735 340.311302328582)
(113.850179363443 -197.194181480116 141.247495021218)
(111.654322313193 -193.390948214596 158.671787329719)
(60.7793893680455 -105.272984069455 110.266635837017)
(24.2072769749954 -41.9282320876534 52.5887560463778)
(3.40096108368799 -5.89063719512899 11.170383115017)
(53.4470407174871 -92.5730130650734 205.690814599649)
(202.864901865265 -351.372731288829 1120.58628839279)
(19.3234360754237 -33.4701478857256 1112.37536571846)
(-92.6223353962592 160.427242246308 828.387232159308)
(-58.1294762479924 100.683613306385 675.350361641496)
(-12.5350286829863 21.7114085163222 594.995465396001)
(9.65045570547805 -16.7159058393163 663.155968545978)
(6.21273600366867 -10.7612589800685 746.616684240626)
(-8.60152339532612 14.8984488490356 776.11060253581)
(-1.98538870985386 3.43883904571703 751.956594989023)
(80.2201929942895 -138.944907314216 435.7534600166)
(124.986492382307 -216.482791787659 260.369658071902)
(70.4446035026366 -122.013591554844 171.297354717757)
(32.356008498869 -56.0422372194762 88.5419023262658)
(5.6808621595096 -9.83953686607079 25.9028875511599)
(345.137435281537 -597.795651629391 899.355596441461)
(543.590287460777 -941.526154233349 1608.63728744039)
(195.435255194062 -338.504009666383 1655.96160987101)
(-64.619529636752 111.921741959383 1421.24548773248)
(-93.2633694597033 161.537094196698 1103.68987772419)
(-14.5318896084562 25.1714632112003 935.048568595926)
(49.1317258275204 -85.0984828748116 1008.10884755885)
(35.1507130295398 -60.8828719687509 1083.66759147681)
(1.44309332381547 -2.49952959406482 1180.66950859167)
(-14.2648751553922 24.7065089243028 1169.99174659053)
(15.5389778416761 -26.9150622592044 850.381267019675)
(76.3553146904675 -132.251119212445 412.17156476197)
(67.8141302980104 -117.457436479734 272.071228099487)
(34.0513057913141 -58.9785585221691 136.498214200956)
(7.65089491417004 -13.251731647276 45.9610017569606)
(10.342987663254 17.9146147801499 7.61364394315643)
(-1.39788608806551 -2.42109039758048 108.10897411356)
(8.54404129633985 14.7988147141662 179.932427101897)
(31.1610815437563 53.9725911779801 166.128681101579)
(28.4019200395662 49.1935259487288 155.365895857768)
(25.3883710591981 43.9738589630186 139.374990330351)
(22.7011193887994 39.3192615583473 135.028481953758)
(26.759228309326 46.3482527126199 140.41401217773)
(17.6115024542958 30.5035369576926 151.767453441301)
(-49.9508141792341 -86.5177970911294 112.908846092234)
(-147.861197445182 -256.103316302838 82.2478866147839)
(-120.805728565948 -209.241759508068 118.059114566629)
(-79.0573557625553 -136.93138835686 79.8820946126322)
(-25.2458407952246 -43.7270794224029 31.6651011912238)
(-2.11027584045608 -3.65510482652592 3.7508472359856)
(-13.7609442832874 -23.8346527587825 57.8039333816246)
(-54.2653441949671 -93.9901185831783 385.588549868397)
(-5.23914786948881 -9.07419869757821 497.589975505799)
(23.1512561472285 40.0992426611445 460.164745284945)
(12.7935722802644 22.1591107360112 375.948574916841)
(-0.198473266785266 -0.343858715924511 323.695805863467)
(-7.50290387730445 -12.9957280317399 338.378088847493)
(-4.95026422519018 -8.57485808555009 383.443320249889)
(3.58269132062534 6.20419564460589 410.895892282772)
(-43.0869569850048 -74.6303888890271 341.194484608588)
(-125.241606728824 -216.925609025481 117.267892918111)
(-114.017482296451 -197.48428495728 152.429606081491)
(-60.6465073233561 -105.042879649305 107.715005864785)
(-24.3328103726096 -42.1456671678617 52.1688992901301)
(-3.60875008466548 -6.25053849464214 11.710421445994)
(-100.376647673141 -173.857494956464 267.283036805971)
(-118.919766146341 -205.974327388433 978.616230197801)
(-8.1113423030603 -14.0485977473717 971.40737835887)
(81.2722878473989 140.768394215562 818.72331581075)
(51.6081621475875 89.388132643736 673.944172231449)
(6.52217176861708 11.2974229801068 617.95241763719)
(4.03119714203844 6.98392520144706 651.560272920698)
(7.28302244914484 12.6141374193955 721.992804840223)
(17.3305808508732 30.0158198201057 768.353333849196)
(0.0350438248155744 0.0582198828147799 789.537986180699)
(-93.4001336884326 -161.775439429903 438.546261059711)
(-132.16153528521 -228.9109369313 254.150525403032)
(-70.6813410950202 -122.423762050591 170.052017177975)
(-31.7125262148498 -54.9277222973031 87.659886734102)
(-5.81218385690939 -10.0669988000942 26.5198457133426)
(-273.299131968161 -473.36712241561 869.403162625504)
(-389.066522620099 -673.881900298195 1540.2247913269)
(-101.096596915992 -175.103259401898 1429.49725640746)
(97.231545100367 168.410664107208 1300.93964481084)
(93.4645180720875 161.886989008028 1037.27185634292)
(9.58394188059041 16.6045022735103 916.031180176272)
(-50.0396386148659 -86.6701815016049 961.821090193673)
(-38.015697177118 -65.8451916544993 1048.54606784496)
(-8.42679282722213 -14.5969120727306 1166.1881431884)
(-7.71074791482527 -13.3558715046312 1211.59978248511)
(-36.4559011979704 -63.1448541170011 919.660440656412)
(-84.2687285147693 -145.958512437685 426.652344013803)
(-68.7152047954951 -119.018371190432 273.163154438033)
(-33.5784711051875 -58.1596544928779 135.696522864087)
(-7.38688792651403 -12.794468795179 46.1892048493548)
(39.6295167730639 -9.82906270325179e-07 9.92307555410679)
(19.19582541263 -4.568945965138e-07 20.3677313579543)
(17.5322073750117 -6.66366379273997e-06 87.6021326163378)
(49.4059646834662 -2.03861640988598e-05 95.093886283822)
(52.748843117181 -1.35496227630884e-05 118.17753033778)
(52.5454922295445 4.20511608106458e-06 124.840752647715)
(51.6336979760384 4.57136977015367e-06 128.294719230675)
(49.4482258978583 -1.47594064072034e-05 159.637162181258)
(9.50094844720407 -1.27566803423457e-05 189.265809706561)
(-136.463237414736 -7.78325708549198e-06 142.613362968348)
(-298.608328072368 -1.87078349576421e-06 97.9856949634419)
(-243.038631778425 1.42331624158571e-07 123.822454356)
(-158.02690604477 2.6379882203152e-07 82.5181263543737)
(-49.1024024169875 -1.48895290087762e-08 31.3249250635175)
(-4.03750173547661 2.8563191167944e-09 3.59838723052985)
(36.721825853578 -1.33928391148188e-05 40.2951590505085)
(16.7488249738436 9.64253196244302e-06 360.001492263971)
(81.8623322007734 1.38888651130877e-05 432.706669179325)
(27.8956135980482 -6.92777766685165e-06 375.834075844706)
(16.4841673304494 -1.46455229566811e-05 325.110037858911)
(2.91651820314203 -7.9056917805503e-06 295.256796759432)
(-14.6124196921408 -2.63536411644754e-06 325.424872543429)
(-24.8839481545768 -7.50301734641871e-06 406.984558953645)
(6.47308234011268 -1.57042238409042e-05 413.498889260428)
(-65.1464303319735 -1.77753281445396e-05 340.312585867096)
(-227.69991838915 -6.87474090745844e-06 141.248340621065)
(-223.308608292084 -1.76368795767226e-06 158.67201046825)
(-121.558761724131 -1.00819557557156e-06 110.266701667309)
(-48.4145448367046 -3.15354099392136e-07 52.5887705879716)
(-6.80192203877241 -3.19050258013845e-08 11.1703858355807)
(-106.894028764186 -6.31763030289418e-06 205.690958267497)
(-405.731531992734 3.01965075236913e-05 1120.58695468114)
(-38.64801850924 6.44340799736137e-05 1112.37639435057)
(185.245256555582 -5.01094837424174e-05 828.387909490359)
(116.259472501814 -2.82039080396096e-05 675.351539246622)
(25.0702492637226 -9.37188355380207e-06 594.99669408459)
(-19.301852286357 4.23381503644419e-05 663.158014487901)
(-12.4265151931523 2.37457586620812e-05 746.619316099009)
(17.2025933816628 -1.19166259161076e-05 776.113339793143)
(3.97065416603655 -8.65330079279372e-06 751.958856114885)
(-160.4396322102 -2.39080022994585e-05 435.755507647008)
(-249.972724043343 -8.18554036301677e-06 260.370213016789)
(-140.88913631785 -2.3443932859069e-06 171.297440858975)
(-64.7119872641113 -7.78914205992339e-07 88.5419213649936)
(-11.3617180981265 -2.70888003527624e-07 25.9028897256137)
(-690.274867991318 7.7771538868153e-06 899.355136937785)
(-1087.1827081368 1.75968605795744e-05 1608.63776972385)
(-390.872227277957 1.75034146510941e-05 1655.96272265673)
(129.236922651748 0.000174631293264298 1421.24615778189)
(186.526332379958 -3.00197102920836e-05 1103.69134847562)
(29.0655521371731 -0.000110921314430384 935.050486908734)
(-98.2643256039101 -2.11791726742595e-05 1008.11080813484)
(-70.3026967242165 -9.96884007480611e-06 1083.6698845491)
(-2.88739902145376 -1.35532135547e-05 1180.6723486175)
(28.5298935276727 3.82895508919347e-05 1169.99346850766)
(-31.0771176733118 3.65492664877178e-05 850.382555183585)
(-152.709785582854 -8.59879487182511e-06 412.172300020837)
(-135.628026973457 -4.06224204260769e-06 272.071310837795)
(-68.1025444068982 -1.81767653415457e-06 136.498233532655)
(-15.301780188058 -4.91178475585413e-07 45.9610040429307)
(10.3429808457671 -17.9145982526305 7.6136415163466)
(-1.39790419986569 2.42112879238647 108.109023184742)
(8.54404022280699 -14.7988043248663 179.932454818241)
(31.1610836807181 -53.972592607329 166.128723955627)
(28.4019198160204 -49.1935304633591 155.365933628314)
(25.3883681734274 -43.973866687189 139.375019867448)
(22.701107573632 -39.3192667355514 135.028501615286)
(26.7592165770515 -46.3482382465192 140.414072446755)
(17.6114720307615 -30.5035256671815 151.767522828024)
(-49.9508394722785 86.5178008125735 112.90890838183)
(-147.861212972938 256.103324631653 82.2479067670668)
(-120.80573925179 209.241769403139 118.059126255947)
(-79.0573601103651 136.931393345462 79.8821011132429)
(-25.2458418017458 43.7270812667333 31.6651031374456)
(-2.11027591206573 3.65510496291115 3.75084738725027)
(-13.7609899828662 23.8347282550291 57.8039809135337)
(-54.2653453741722 93.9901398474542 385.588620896623)
(-5.23911944360621 9.07417799286291 497.590073721997)
(23.1512550616044 -40.0992282539321 460.16487788559)
(12.7935731794358 -22.1591103806884 375.948699571666)
(-0.198479578831499 0.343847599457445 323.6959070539)
(-7.50292142482516 12.9957192822051 338.378168410562)
(-4.95031507700328 8.57487360082044 383.443436949304)
(3.5826294690697 -6.20419985796261 410.896004422062)
(-43.0870135748174 74.6303479547999 341.194598357069)
(-125.241628973155 216.925577855314 117.267939255204)
(-114.017494183406 197.484285099556 152.429619343349)
(-60.6465103103906 105.042880597178 107.715012728246)
(-24.3328110348056 42.145668089991 52.1689013704287)
(-3.60875018827596 6.25053868359787 11.7104218980331)
(-100.376707454445 173.857593262253 267.283114312855)
(-118.919779805289 205.974452952279 978.616179011961)
(-8.11134884199464 14.0486939850896 971.407642041108)
(81.2723355804585 -140.768388481483 818.723553843875)
(51.6081956359415 -89.3881790706741 673.944374828594)
(6.5222212776923 -11.2974539231076 617.952590727273)
(4.03126592375322 -6.98389710879519 651.560442367237)
(7.28299692196185 -12.6141401505952 721.992964846684)
(17.3305198552356 -30.0158684614486 768.35345840771)
(0.0349696475389235 -0.0583167641694144 789.538091084327)
(-93.4001676308921 161.775345919923 438.5463928845)
(-132.16154987035 228.910921598295 254.150559501845)
(-70.6813446574399 122.423760190307 170.052026198685)
(-31.7125270391313 54.9277225161294 87.6598894515411)
(-5.81218397884834 10.0669990958775 26.5198465448115)
(-273.299096200995 473.367188022928 869.40315803927)
(-389.066509056209 673.882039727597 1540.22465649872)
(-101.096653207131 175.103488337012 1429.49764553245)
(97.2314314225929 -168.410314215968 1300.94013260274)
(93.4645640328011 -161.886881631338 1037.27217304864)
(9.58418067671117 -16.6043973862676 916.031409249811)
(-50.0396198519298 86.670249205981 961.821255325878)
(-38.0157274662139 65.8452318938874 1048.54623435611)
(-8.42686154249222 14.5969103594389 1166.188232563)
(-7.71077259623319 13.3558778344923 1211.59986616196)
(-36.4559590455041 63.1448276939996 919.6605990064)
(-84.2687508365532 145.958480602504 426.65237232699)
(-68.715205966175 119.018357835528 273.163162309377)
(-33.5784711525739 58.1596509081661 135.696525782775)
(-7.38688795039981 12.7944686092939 46.1892058855438)
(169.579480102895 293.72121576842 1242.19180962328)
(303.170628815563 525.107073264603 1572.10380087762)
(209.782231798955 363.354152664055 1887.87566596603)
(-8.49167642828429 -14.7039233599841 1767.03848274163)
(-114.575757683259 -198.452268608121 1484.81330869294)
(-29.7523944759631 -51.5333743244142 1207.39473236093)
(12.9176571513763 22.3734507128628 1246.47788726962)
(26.8791802655265 46.5558117875311 1342.56543889154)
(1.9425676725839 3.363949719299 1469.216339254)
(-21.0023972474421 -36.3779545357682 1466.51416642681)
(-11.2600149989243 -19.5036245206883 1238.76004684229)
(54.3114521724197 94.0696165825191 684.464033417771)
(66.4137520645497 115.031817620907 395.817855086091)
(31.3065370317662 54.2244544304478 184.477354776304)
(7.72132951168138 13.3737262201453 64.0478010298084)
(80.4704057988862 139.379839480283 1168.30056200663)
(174.868272691137 302.881198290948 1506.08204738493)
(151.684924373048 262.726530680429 1828.72395296638)
(38.8916939537964 67.3650708627069 1823.75913558916)
(-103.861525957647 -179.889767146004 1636.51956467585)
(-1.76070050759694 -3.04912155925449 1392.63823823419)
(23.6762529824757 41.009001709609 1426.83421436806)
(28.2677178623541 48.9616381599288 1498.26979539589)
(6.14492166615041 10.6430749515355 1593.45267750651)
(-15.6154685057461 -27.0472547650074 1594.04012354446)
(-30.634844910545 -53.0615557048659 1430.4648110317)
(14.9825218136132 25.9497790638566 837.843201476602)
(40.0487912046268 69.3662986179182 485.955906059438)
(20.8597175304477 36.1300362028341 221.048883626622)
(6.39163610647371 11.0706310003202 78.1393463991905)
(32.338454795287 56.0129186669278 1123.36113849315)
(65.7375511525667 113.861240669245 1458.8193246934)
(88.7975067704785 153.800854562493 1769.41667274757)
(9.42975572253331 16.3357589513069 1894.44866873267)
(-62.1744987468861 -107.685585406166 1680.9373310881)
(-7.34894029163752 -12.7258323602161 1507.441974)
(6.18530574600912 10.7153765924757 1536.45659091161)
(10.6961001764274 18.5274053496246 1599.24380895099)
(2.70780267888515 4.69005221104361 1670.04312730556)
(-8.66958589490004 -15.0169309196864 1663.19800102836)
(-13.6518303581133 -23.6464553364281 1523.00644569063)
(-1.51483585222978 -2.62524772750286 949.580530426943)
(20.0490603343132 34.7257389558982 575.511546684634)
(11.7432749942319 20.3399015411159 254.069753330433)
(3.42111655113201 5.92554080292614 88.3396175247341)
(291.793160190632 8.77069982846242e-05 1178.20916684123)
(424.814437944314 5.13440500342345e-05 1471.87638490921)
(252.897332969822 2.36248619058683e-05 1795.24833315524)
(-123.794328667594 9.45021157920165e-05 1626.9149928854)
(-245.305750451711 1.43057244231128e-05 1412.50082252811)
(-66.6541086021063 7.70957742590929e-05 1152.78607041281)
(13.3345906271816 2.21995391200983e-05 1203.71724260594)
(83.7183854397626 6.27724000257186e-06 1291.53470089541)
(55.5239243341957 3.81861348624495e-06 1469.81557673246)
(26.4537685927345 -3.92857795184888e-05 1484.21888188372)
(20.3724408107773 -0.000110211122667007 1290.21853548301)
(108.526739812848 -8.60128185170493e-05 697.190796165179)
(132.473410975251 -1.35741423234268e-05 396.017753675231)
(61.5765041064786 -2.91807942187095e-06 183.913088047506)
(14.2240775453309 -3.61689485306255e-07 64.0405137032289)
(90.2890963662104 7.52843810878003e-05 1144.88794857904)
(185.635369341351 4.47232186552722e-05 1469.99142444762)
(213.615814870113 1.46864968148253e-05 1804.67734036547)
(-104.987193845456 4.04025865516266e-05 1749.59253390416)
(-269.100938357488 0.000119325574669232 1601.98817754001)
(-47.775727816311 0.000108059478317635 1367.67410815037)
(52.3580285916104 5.9350636291068e-05 1423.96366303122)
(116.707923957383 1.15234384018652e-05 1482.65824048126)
(61.40500674033 -1.97955578107862e-05 1587.91306344486)
(33.8523231673767 -3.42936548081323e-05 1596.91013471198)
(16.2292856434882 -5.65128776231158e-05 1453.9520137986)
(63.6023638758139 -2.6210408749837e-05 844.696333940354)
(84.4728222924703 -7.44013048895909e-06 475.651733757033)
(41.0847016946414 -2.43827254739951e-06 219.36296586636)
(11.3717948803489 -4.21531323793931e-07 78.0880352233502)
(27.8697212855197 6.90975409230877e-05 1122.25953720263)
(72.4602972313863 3.9395813322731e-05 1451.7983264481)
(139.182694120235 -2.67161158552803e-05 1794.55822300737)
(-46.4602270608236 0.000113831209999489 1870.57936371479)
(-164.55089562632 0.000119754755414876 1680.55555114159)
(-27.8460772767021 0.00016105073961487 1509.97099828488)
(9.99607606433771 0.000110221104576692 1541.08101869373)
(45.5052601008761 3.37951329504109e-05 1599.79103326637)
(28.6972578856189 1.00240760845365e-06 1663.19760557203)
(10.7749647192385 -6.12308905787028e-05 1663.70163232066)
(-7.80134432303204 -5.28062026359811e-05 1525.00512571841)
(25.4226268071415 -9.04185400036768e-05 954.008336380988)
(47.4107684687989 -1.61097807672528e-05 574.125806176828)
(23.8672347141091 -3.28882457479353e-06 253.583052304493)
(6.4433874197636 -5.12097809614555e-07 88.1221147706008)
(169.579488944383 -293.721098001539 1242.19186456654)
(303.170628973063 -525.10704522787 1572.10386419466)
(209.782213772338 -363.354033349925 1887.8757277615)
(-8.49150515531603 14.7041046603119 1767.03836228836)
(-114.575823512139 198.452242946652 1484.81318346607)
(-29.7525208598451 51.5335012833374 1207.39448910824)
(12.917592530612 -22.3734099299259 1246.47775822145)
(26.8791286185048 -46.5557685239575 1342.56528152489)
(1.94250928211003 -3.36393363896995 1469.21617036934)
(-21.0023953785375 36.3778656907501 1466.51409070703)
(-11.2599672726876 19.5034811744628 1238.76000815436)
(54.3114944342493 -94.0697398614868 684.464001339582)
(66.4137565595563 -115.03184152691 395.817850512284)
(31.3065369892271 -54.2244601959889 184.477353222083)
(7.72132936371874 -13.3737271104202 64.0478006153149)
(80.4704234729224 -139.379723723347 1168.30059917546)
(174.868301620761 -302.881179572547 1506.08208426486)
(151.684970043992 -262.726529174503 1828.72396186627)
(38.8917789739368 -67.3649057364462 1823.75907956519)
(-103.861387157771 179.889969226259 1636.5195103212)
(-1.76075774915266 3.04926010466793 1392.63809421134)
(23.6762295481657 -41.0089172640256 1426.83410744711)
(28.2676990255398 -48.9615678997394 1498.26970130067)
(6.14487938799466 -10.6430420830195 1593.45262418352)
(-15.6154566866447 27.0471753985641 1594.0400939022)
(-30.6347942190775 53.0614182231204 1430.46481875858)
(14.9825469551089 -25.9498860395247 837.843210542229)
(40.0487946907782 -69.3663267595165 485.95591267783)
(20.8597177697841 -36.1300424726865 221.04888422565)
(6.39163596534269 -11.0706319505551 78.1393461761729)
(32.3384656633349 -56.0127810102595 1123.36114929543)
(65.7375499980771 -113.861170686225 1458.81933410559)
(88.7974703143629 -153.800885747008 1769.41663715699)
(9.4298215510591 -16.3355286753055 1894.44859276635)
(-62.1743425486929 107.685793017721 1680.93716952441)
(-7.34891875843819 12.7260988097746 1507.44191295174)
(6.18531331099557 -10.7151799867419 1536.456540178)
(10.6961032994909 -18.5273042992874 1599.24377200921)
(2.70777814904806 -4.69003075570798 1670.04312942543)
(-8.66956993662973 15.0168156810777 1663.19801214806)
(-13.6518098933188 23.6463393659449 1523.0064534631)
(-1.51481745070036 2.62508319906752 949.580549414569)
(20.0490675781717 -34.7257764483691 575.511554380572)
(11.7432760257909 -20.3399087809824 254.069754311472)
(3.42111654732885 -5.92554184278081 88.3396172362393)
(-145.897420989484 -252.700548947842 1178.20887757504)
(-212.407544098593 -367.899955185626 1471.87617952515)
(-126.449546944808 -219.016803216976 1795.2489655452)
(61.8955246729653 107.207219565242 1626.91848559716)
(122.652610875678 212.440885857696 1412.50314545914)
(33.3260635615694 57.7239598474982 1152.78829506855)
(-6.66763910324576 -11.5481606071427 1203.71878561623)
(-41.859850918862 -72.5029595476697 1291.53660858979)
(-27.7618314151725 -48.0844861435927 1469.81645273517)
(-13.2263870312003 -22.9094030834701 1484.21964850546)
(-10.1848927024024 -17.643273114863 1290.21923018972)
(-54.262360848559 -93.987214710825 697.191147486711)
(-66.2364970197217 -114.725275376228 396.017775105509)
(-30.7882000507809 -53.3267848185531 183.913097538944)
(-7.11203103487204 -12.3184061369555 64.040514136473)
(-45.1453383992443 -78.1929840118082 1144.88779114204)
(-92.8180997760979 -160.765053681388 1469.99133791006)
(-106.808033528555 -184.996798516535 1804.67779854552)
(52.4921795881981 90.919599186977 1749.59449486723)
(134.548233368641 233.045969690061 1601.98970271408)
(23.8858840191647 41.3735583713886 1367.67569907823)
(-26.1803569847221 -45.3444604936009 1423.96488836035)
(-58.3546181154506 -101.072729936742 1482.65971926372)
(-30.702590277823 -53.1787200891646 1587.91383057216)
(-16.9259506829583 -29.3172203850946 1596.91072771062)
(-8.11409032268737 -14.0550792146525 1453.95234727226)
(-31.800817727932 -55.0809667560839 844.69627520211)
(-42.2362775383203 -73.1554954514617 475.651573254768)
(-20.5423053975685 -35.5803599090778 219.362935595731)
(-5.68588982039213 -9.84825718591975 78.088031754269)
(-13.9356726362727 -24.1363421855559 1122.25947445975)
(-36.2305952348215 -62.7526841305377 1451.79821325749)
(-69.5908193496091 -120.53540635198 1794.5589115672)
(23.2280218540243 40.2339986455056 1870.58015142679)
(82.2735948405903 142.503635517329 1680.55728653794)
(13.9204497944532 24.1139803809672 1509.97155936144)
(-4.9999495045064 -8.65793682023506 1541.08139583891)
(-22.753599715493 -39.4094951749707 1599.79152986273)
(-14.3487158329848 -24.8524662687452 1663.19766642627)
(-5.38662213850721 -9.33103931319114 1663.70161077981)
(3.90144610156983 6.7565553550232 1525.00509303811)
(-12.7099029613202 -22.0162153954437 954.008199653214)
(-23.7051438241397 -41.0588568704364 574.125737859114)
(-11.9335839059027 -20.6696381629644 253.583033320631)
(-3.2216893708116 -5.58013624190095 88.1221109346432)
(-339.160343223458 6.64079963921572e-05 1242.19149397438)
(-606.341541946446 1.40704129704472e-05 1572.10341625226)
(-419.565765716535 4.40069094039115e-05 1887.87523593057)
(16.9795381023981 0.000239004117053332 1767.03923528148)
(229.152585433885 -7.0090124017946e-05 1484.81422333955)
(59.5038920747327 -4.60594614645541e-05 1207.39683645027)
(-25.8355530432593 -3.55989485742862e-05 1246.47906013668)
(-53.7588714579986 -2.30890932259997e-05 1342.56686933281)
(-3.88514501155474 -4.25178804226331e-05 1469.21794927303)
(42.0060456652754 -4.27942949243821e-05 1466.51492911883)
(22.522048876801 -3.03154676277892e-05 1238.7604033195)
(-108.621199437056 -2.50255833778474e-05 684.464303014614)
(-132.827146010264 -8.05820174647729e-06 395.817864049216)
(-62.6129791203475 -2.91927724183095e-06 184.477359808621)
(-15.4426452844626 -5.73256355101256e-07 64.0478015171266)
(-160.942226263751 7.30652299719127e-05 1168.30034866656)
(-349.736917183195 3.43447419137634e-05 1506.08182284805)
(-303.370093575764 4.02669845629766e-05 1828.72392165716)
(-77.7862912077596 0.000156138125459461 1823.75955173085)
(207.719517895013 0.00022155136851484 1636.52021534754)
(3.5196763736574 1.97690307446896e-05 1392.63950199501)
(-47.3538641949672 2.19734894855644e-05 1426.83517149174)
(-56.53670576319 1.88510423984813e-05 1498.27067900162)
(-12.2902567601774 -2.01702574914999e-05 1593.45324618104)
(31.2319218731984 -2.94261155243309e-05 1594.04043245334)
(61.2713543159964 -2.48092355529124e-05 1430.46472253872)
(-29.9634935630251 -3.16968790072595e-05 837.843136973025)
(-80.0971379707114 -1.10500009315293e-05 485.955873839362)
(-41.7193415667944 -2.92760077004858e-06 221.04888139049)
(-12.7832596183788 -5.97386471055797e-07 78.139346174207)
(-64.6785065774354 7.81692217684134e-05 1123.36107508033)
(-131.475869159349 3.39639208458217e-05 1458.8192642616)
(-177.594010562515 -4.71728889181495e-05 1769.41695886107)
(-18.8632664091516 0.000172137699029998 1894.44917489254)
(124.345404381704 0.000239431310460034 1680.9388222726)
(14.6934368985237 0.000151979299920802 1507.44249434995)
(-12.3740169251982 0.000104924862867649 1536.45703514758)
(-21.3942106883904 5.32719380253312e-05 1599.24418351678)
(-5.41608074584406 -1.05317511321287e-05 1670.04317168484)
(17.3407453135047 -4.37689455209739e-05 1663.19794277284)
(27.3052879138849 -4.02308177633724e-05 1523.00636195521)
(3.03248300908042 -6.63060411952181e-05 949.580343252605)
(-40.0975226755169 -1.24687652414969e-05 575.511475659311)
(-23.4864413263295 -2.72642621095711e-06 254.06974065878)
(-6.84222025485913 -5.23367483673967e-07 88.3396175327181)
(-145.897399897658 252.70068753013 1178.20882951172)
(-212.40751021608 367.89999901919 1471.87614749464)
(-126.449631810868 219.016997349773 1795.24904802434)
(61.8954504511978 -107.20690200044 1626.91893843436)
(122.652602944678 -212.440843887544 1412.50343600679)
(33.3260927785706 -57.7238564060829 1152.78856436004)
(-6.66763142053704 11.5481916466773 1203.71896309192)
(-41.8598957077698 72.5030496813727 1291.53681936993)
(-27.7617834046725 48.0844106053692 1469.8165428438)
(-13.2263911673363 22.9093316340811 1484.21972909788)
(-10.1849678542193 17.6431828934206 1290.2193072749)
(-54.262430576147 93.9871634942846 697.191189750645)
(-66.2365011484173 114.725255384351 396.017779763824)
(-30.7881997208618 53.3267784117558 183.913099658997)
(-7.11203088029356 12.3184051458826 64.0405148474257)
(-45.1453311529488 78.1931217907427 1144.88776433331)
(-92.8180872984096 160.765121385722 1469.9913229886)
(-106.808043552527 184.996845180426 1804.67785836455)
(52.4920627034538 -90.919316083715 1749.59474432948)
(134.548127166806 -233.045546436136 1601.98988708793)
(23.8858447616881 -41.3732740790619 1367.6758909354)
(-26.180393573027 45.3446426833459 1423.96502939623)
(-58.3546507868916 101.072809665292 1482.65988004616)
(-30.7026216689011 53.1787349114579 1587.91390884874)
(-16.9259792328978 29.3172013140304 1596.91078868737)
(-8.11412694239039 14.0550296512771 1453.95238979698)
(-31.8008199274385 55.0809181887949 844.696268952885)
(-42.2362745573413 73.1554754136881 475.651558286306)
(-20.5423040951272 35.5803527769354 219.3629333896)
(-5.68588954011859 9.84825585734071 78.0880319879844)
(-13.9356806586439 24.1364941451378 1122.25946358681)
(-36.2305965548351 62.7527651461718 1451.7981958282)
(-69.5908146218743 120.535344677374 1794.55901043052)
(23.2279514804302 -40.2336490681245 1870.58025703062)
(82.27352820951 -142.5032798392 1680.5574899851)
(13.9204398803732 -24.1136408857431 1509.97162728824)
(-4.99995978440736 8.65817520910738 1541.08143990459)
(-22.7536291693481 39.4096138668295 1599.79158539576)
(-14.3487048302287 24.8524491897268 1663.19766425868)
(-5.38662936635744 9.33092944273931 1663.7016030601)
(3.90144023137115 -6.75665060682321 1525.00509223624)
(-12.7099281441652 22.0160782333585 954.008186749656)
(-23.7051473996388 41.0588308525019 574.125730684502)
(-11.933585410137 20.6696341910293 253.583031708823)
(-3.22168942329799 5.58013530832677 88.1221108485347)
)
;

boundaryField
{
    inlet
    {
        type            zeroGradient;
    }
    outlet
    {
        type            freestreamVelocity;
        freestreamValue uniform (0 0 0);
        value           nonuniform List<vector> 
156
(
(-0.295519485923368 -0.51185495117328 0.147993197672321)
(-1.50950008270458 -2.61451885287331 3.20327247898206)
(-3.5226601147642 -6.10144563930826 35.2026078152957)
(-6.65952911710076 -11.5347437287627 25.6358423622872)
(-7.8134304670375 -13.5333339373497 35.010213521086)
(-8.03886593500196 -13.9237044565859 38.1983383011947)
(-8.08617952537745 -14.0056632711082 40.1835323905736)
(-8.70798751473881 -15.0828015137276 56.2251165373028)
(-2.2637880535307 -3.92115149246282 90.1887980559714)
(57.9019030085811 100.288918482054 121.022640873248)
(145.562862038466 252.122261682227 95.5299976941148)
(114.878574496685 198.975546698358 117.055754757232)
(74.5237439261841 129.078926811707 77.8292111797773)
(22.6214017435014 39.1814213010779 28.8626769036699)
(1.76266132110811 3.05301938517461 3.14191212574753)
(-0.638045334504177 7.2697635945034e-08 0.234836578897608)
(1.43371913500369 1.7947050954041e-06 55.4454419912028)
(-7.73601813531359 1.92505966722004e-06 81.4576260137307)
(-20.2212275906833 3.64784324598604e-07 53.9025600083318)
(-18.6492317118343 -8.0547089298483e-07 51.0080942732974)
(-16.6921129342842 -2.0918832715357e-06 45.8175362159539)
(-15.4631437818062 -4.36756070786187e-06 45.9883020576064)
(-17.2259700690148 -9.43328639921806e-07 45.1947848223311)
(-13.674592902569 -8.03850825622905e-06 58.9206375605159)
(83.4104057593154 -1.67379722830524e-05 94.2696160032077)
(290.283194393173 -9.11381580479852e-06 80.7348385238811)
(229.305881464604 -4.08773571961404e-06 112.04612355554)
(149.6184823602 -1.20278612729418e-06 75.5896407215956)
(46.6252999671182 4.66236789717551e-08 29.2403594715395)
(3.68707089846813 5.39638597151131e-09 3.2767380201686)
(-0.295519076068631 0.511854211695961 0.147992869176849)
(-1.50949680272129 2.61451302683937 3.20326015594156)
(-3.52266402839362 6.1014470579751 35.2025591536778)
(-6.65953164536101 11.5347371128053 25.635819045577)
(-7.81343306119904 13.5333303971342 35.0101998405193)
(-8.03886401016606 13.9237036932971 38.1983268155138)
(-8.08617719207278 14.0056620910483 40.1835195522868)
(-8.70799181246906 15.0827985582611 56.2250672476958)
(-2.26380937301331 3.92117625579323 90.1887022072254)
(57.9018732000453 -100.28888007032 121.022572001879)
(145.562853072711 -252.122249804324 95.5299621972497)
(114.878569400785 -198.975537603677 117.055739899899)
(74.5237419671351 -129.078922921053 77.8292016379875)
(22.6214007704862 -39.1814196432082 28.8626740269086)
(1.76266126799741 -3.0530192881957 3.14191197388595)
(0.319021765585241 0.552562975323599 0.234837187509415)
(-0.716932098232525 -1.24170161901393 55.4457150054765)
(3.86799588240787 6.69961115513725 81.4576923264568)
(10.1106282846811 17.5121266633621 53.9026650818847)
(9.32463877537955 16.1507341376968 51.008201377538)
(8.34608264547745 14.4558097205278 45.817637740421)
(7.7316100089807 13.3914628174785 45.9883737313076)
(8.61300225261656 14.9181284454122 45.1951076169198)
(6.8373591038644 11.842466970606 58.9210705986123)
(-41.705063021247 -72.235663010375 94.2701459286823)
(-145.141603741748 -251.392837972617 80.7351108600677)
(-114.652973161903 -198.584869459494 112.046246933865)
(-74.8092581202967 -129.573465714252 75.5896801432966)
(-23.3126571452141 -40.3787070830633 29.2403668995308)
(-1.84353653658811 -3.19309881844819 3.27673936749686)
(0.591044164759933 -1.46593010181873e-08 0.14799514049874)
(3.01903096387155 -7.18582767059961e-08 3.20334293064695)
(7.04531923982931 -2.67779394359995e-06 35.2029255170471)
(13.3191885068145 -5.4958376848461e-06 25.6360422344647)
(15.6269482511884 -4.01410232394161e-06 35.0103251921411)
(16.0777342187895 1.2866705751878e-06 38.1984515812575)
(16.1723754685498 1.43181509801626e-06 40.1836484962499)
(17.41609359646 -5.19839081683169e-06 56.2255916676371)
(4.52742921333529 -6.07886334380773e-06 90.1896858732253)
(-115.804191830274 -6.60495686360817e-06 121.023255461501)
(-291.125787678253 -1.82390532205062e-06 95.5303651829822)
(-229.757217183049 1.34553579587424e-07 117.055886668858)
(-149.047523180974 2.4880928207705e-07 77.8292928621261)
(-45.2428163094245 -1.37191704014233e-08 28.8626983771552)
(-3.52532280389774 2.49397958870616e-09 3.14191234881138)
(0.319021866585752 -0.552563004699651 0.234837341795301)
(-0.716941652055271 1.24172176921631 55.4457606548416)
(3.86799568152412 -6.69960694561166 81.4577108784185)
(10.1106300343778 -17.5121289567527 53.9026846180567)
(9.32463945570053 -16.1507369253646 51.008217901001)
(8.34608211648446 -14.4558129866239 45.8176497541842)
(7.73160656320518 -13.3914655823274 45.9883838672756)
(8.6130016817311 -14.9181293410844 45.1951438354058)
(6.83734949051341 -11.8424663943522 58.9211164786321)
(-41.7050804649861 72.2356597539165 94.2701896309723)
(-145.141618001459 251.392844446599 80.7351300952072)
(-114.652982870381 198.584878100406 112.046257604558)
(-74.8092619469966 129.57346993686 75.5896860041189)
(-23.3126580152024 40.3787086831791 29.2403686221442)
(-1.84353659780577 3.19309893527247 3.276739497259)
(1.68123761934792 2.91198937736219 2.99677584073349)
(3.15313591914658 5.46139137389975 10.3564069072441)
(5.44178768862614 9.42544742820318 24.81278520175)
(7.4550545429299 12.9125253977855 44.7845345400011)
(7.61381945854657 13.1875134682659 63.1560138730156)
(6.3496667500335 10.997937991718 77.6262605434874)
(3.41601578721983 5.91670603093402 88.207906275979)
(3.51276270258549 5.14126901583485e-09 3.12182852468997)
(6.680986730339 4.39582885908232e-09 10.8399261242947)
(11.1354773767896 4.05085836708781e-08 25.4044842147499)
(14.4226948972658 -1.10941929559138e-07 45.0915424232784)
(14.055274202822 -3.57397158167608e-07 63.280516948807)
(11.3126268376532 -4.19338074300229e-07 77.6817390976523)
(6.43484713732518 -5.11419057950983e-07 88.0053147553009)
(1.6812375571038 -2.91198926479417 2.99677567523369)
(3.15313584509432 -5.46139130479715 10.3564064794303)
(5.4417874909722 -9.42544760483433 24.8127846615679)
(7.45505427608329 -12.9125258928288 44.7845339042237)
(7.61381930201613 -13.1875143277365 63.1560133761351)
(6.34966660478161 -10.9979389269706 77.6262602602264)
(3.41601578206832 -5.91670706689306 88.207905952951)
(-1.75638228022296 -3.04214322440429 3.12182961810555)
(-3.34049431790063 -5.78590587746581 10.8399294444882)
(-5.56773838224691 -9.64360677384397 25.4044893459305)
(-7.21134320545506 -12.4904163338325 45.0915476002022)
(-7.02762956374706 -12.1722184171921 63.2805183521161)
(-5.65630588250898 -9.7970162653165 77.6817362484099)
(-3.21741923906686 -5.57274014806198 88.0053110262706)
(-3.36247556691256 2.37877377417219e-09 2.99677620857258)
(-6.30627175387053 -2.95801336550005e-08 10.3564093021377)
(-10.8835692291483 -2.59487897365172e-07 24.8127872148314)
(-14.9100993602207 -4.78605742898839e-07 44.784536737132)
(-15.2276255354292 -5.65274468880655e-07 63.1560150417738)
(-12.6993210656531 -5.93463859977298e-07 77.6262607934351)
(-6.83201876635929 -5.22587162788784e-07 88.2079065443587)
(-1.75638234133078 3.0421433405281 3.12182974668189)
(-3.34049441746454 5.78590605870672 10.8399298747866)
(-5.56773850078008 9.64360706017114 25.40449015029)
(-7.21134323929597 12.4904161705907 45.0915486775642)
(-7.02762942347392 12.1722174594809 63.2805191669262)
(-5.65630561045745 9.79701495536524 77.6817365737999)
(-3.21741929251872 5.57273921751793 88.0053109685874)
(-7.50564707459526 -13.0001668244884 3.75875285414273)
(-2.39511123075353 -4.14848204786578 5.25637092982826)
(3.01349186671919 5.21952160686642 11.5974148673612)
(35.6751948364509 61.7912597212835 92.9620551394632)
(-6.76655393172715 7.70967904206058e-07 2.49047252651381)
(1.33204160466919 -8.90309874350849e-08 2.79773556088365)
(20.1097669595975 -2.62574094642547e-07 26.7742058172364)
(41.9281803934523 4.89877781058248e-06 66.6898472651874)
(-7.50564962352501 13.0001704878885 3.75875100043842)
(-2.39511636624864 4.14848744650179 5.2563772976551)
(3.01349085549638 -5.21952056825611 11.5974127011458)
(35.6751939063815 -61.7912564914138 92.9620551525111)
(3.3832367754896 5.85994932182534 2.49045643508644)
(-0.666066000804657 -1.15366006262307 2.79786284615926)
(-10.0549596036248 -17.4157050379598 26.7743563878485)
(-20.9641405940584 -36.3108906913097 66.6898939742093)
(15.0112740848736 -3.72315299933731e-07 3.75876414947488)
(4.79021037124924 -1.74704049531967e-06 5.25633691430615)
(-6.02696499468751 -3.56204524472721e-07 11.5973943496578)
(-71.350429179006 8.03887398117507e-07 92.9620618980173)
(3.38323370079189 -5.85994245259105 2.49045501949216)
(-0.666070945999401 1.15366845090597 2.7978766278841)
(-10.0549696893821 17.4157219822562 26.7743750622535)
(-20.9641403624979 36.3109000748956 66.6899016136148)
)
;
    }
    sides
    {
        type            zeroGradient;
    }
}


// ************************************************************************* //
